#Position (bp)	Coverage
470725.5	65.45749429072175
1412175.5	70.9294311965585
2353625.5	67.30644431462106
3295075.5	72.14346593021403
4236525.5	66.54824897764087
5177975.5	49.35587869775347
6119425.5	64.53508417866058
7060875.5	60.8097604758617
8002325.5	51.601337298847525
8943775.5	77.64252482872165
9885225.5	38.18020606511233
1.08266755E7	65.3853778745552
1.17681255E7	59.73435870200223
1.27095755E7	54.479454033671466
1.36510255E7	28.911664984863773
1.45924755E7	20.214407562802062
1.55339255E7	58.47664559987254
1.64753755E7	60.471658611715974
1.74168255E7	71.63941260821073
1.83582755E7	54.994150512507304
1.92997255E7	55.080200754155825
2.02411755E7	73.57819746136279
2.11815185E7	60.88197322078796
2.16522435E7	21.443089430894307
2.21240755E7	63.49443836634978
2.30655255E7	62.59720643687928
2.40069755E7	59.04663338467258
2.49484255E7	69.98022518455574
2.58898755E7	71.42072547665835
2.68313255E7	53.031882734080405
2.77727755E7	46.8476403420256
2.87142255E7	60.37210048329704
2.96556755E7	64.05815391151947
3.05971255E7	66.24442190238462
3.15385755E7	64.71481756864411
3.24800255E7	53.39166498486377
3.34214755E7	41.31782250783366
3.43629255E7	53.49607095437889
3.53043755E7	56.7426023686866
3.62458255E7	64.37754315152159
3.71872755E7	71.63750703701737
3.81287255E7	57.80342344256201
3.90701755E7	62.66347655212704
4.00116255E7	61.34518668012109
4.09530755E7	68.0793456901588
4.18945255E7	56.458973923203565
4.27621645E7	74.92916601581199
4.32328895E7	36.162292883174594
4.37774255E7	67.004864836157
4.47188755E7	63.30018163471241
4.56603255E7	59.53925221732434
4.66017755E7	67.52164214775081
4.75432255E7	68.78189919804556
4.84846755E7	42.53126984969993
4.94261255E7	61.529110414785706
5.03675755E7	54.14428912847204
5.13090255E7	61.05189548037602
5.22504755E7	40.15452971480163
5.31919255E7	54.45506187264326
5.41333755E7	73.44911785012481
5.50748255E7	58.376693398481066
5.60162755E7	66.73518083806894
5.69577255E7	66.2175633331563
5.78991755E7	59.75118593658718
5.88406255E7	62.26222741515747
5.97820755E7	41.89444261511498
6.07235255E7	57.312100483297044
6.16649755E7	59.06880450369111
6.25183765E7	61.167215869299355
6.29891015E7	42.94972117798044
6.35478755E7	70.94643369270806
6.44893255E7	63.773682086143715
6.54307755E7	51.37776727388603
6.63722255E7	59.087161293749006
6.73136755E7	29.25796909023315
6.82551255E7	66.10966381645335
6.91965755E7	71.39922991130703
7.01380255E7	75.18341069626639
7.10794755E7	72.22631791385629
7.20209255E7	72.08432524297626
7.29623755E7	55.976997185193056
7.39038255E7	53.86528971267725
7.48452755E7	49.282696903712356
7.57867255E7	32.748592065430984
7.67281755E7	32.22229008444421
7.76696255E7	16.982557756651975
7.86110755E7	34.48849221944872
7.95525255E7	37.29911307026396
8.04939755E7	62.71874342769133
8.14354255E7	48.65842158372723
8.21123265E7	32.20854270138135
8.25830515E7	53.39297823843598
8.33183255E7	28.41877848000425
8.42597755E7	52.05549630888523
8.52012255E7	60.16000955972171
8.61426755E7	41.50806415635456
8.70841255E7	46.247199532635825
8.80255755E7	50.2159328695098
8.89670255E7	61.76350310690955
8.99084755E7	66.71828668543205
9.08499255E7	61.77491741462637
9.17913755E7	64.26208720590579
9.27328255E7	60.28430506134155
9.36742755E7	40.86783790960752
9.46157255E7	31.107942004354985
9.55571755E7	37.64493069201763
9.64654235E7	54.47137407633427
9.69361485E7	73.82154689476538
9.74400755E7	71.16103988528334
9.83815255E7	55.595355037442246
9.93229755E7	62.33339954325774
1.002644255E8	59.78978915502682
1.012058755E8	55.95280471612938
1.021473255E8	64.26918583036804
1.030887755E8	57.87523713420787
1.040302255E8	8.42661957618567
1.049716755E8	35.67392214137766
1.059131255E8	55.86417016304637
1.068545755E8	72.69710871527963
1.077960255E8	69.87763981092995
1.087374755E8	70.99814753837165
1.096789255E8	68.3728631366509
1.10575763E8	60.101646865557804
1.11046488E8	72.77061361725974
1.115618255E8	44.73585214297095
1.125032755E8	49.25851718094429
1.134447255E8	63.66703914174943
1.143861755E8	63.790475330607045
1.153276255E8	54.267814541398906
1.162690755E8	56.098045568006796
1.172105255E8	69.05206755536672
1.181519755E8	66.93505018853895
1.190934255E8	31.519808805565884
1.200348755E8	75.09440012746296
1.209763255E8	55.32072653884965
1.219177755E8	61.99926496361995
1.228592255E8	68.55508736523448
1.238006755E8	65.04831270911892
1.24670665E8	58.105535303038465
1.2514139E8	63.501759713408106
1.256835755E8	72.06387912262998
1.266250255E8	55.41180306973286
1.275664755E8	57.99826544160603
1.285079255E8	43.49827500132774
1.294493755E8	63.72778692442509
1.303908255E8	53.005914281162035
1.313322755E8	52.09151202931648
1.322737255E8	49.000639439162995
1.332151755E8	79.03212597588826
1.341566255E8	57.283004939189546
1.350980755E8	55.96825003983217
1.360395255E8	44.711098836900526
1.369809755E8	56.345111264538744
1.379224255E8	46.758030697328586
1.385269295E8	70.96880302588598
1.389976545E8	64.23218260492779
1.398053255E8	59.837670614477666
1.407467755E8	60.34238568166127
1.416882255E8	70.30786127781613
1.426296755E8	71.8699091826438
1.435711255E8	43.73336342875352
1.445125755E8	59.61744118115673
1.454540255E8	66.97601890700516
1.463954755E8	53.499254341706944
1.473369255E8	66.70429125285465
1.482783755E8	79.75835891444049
1.492198255E8	75.54979021721812
1.501612755E8	36.76804822348505
1.50869654E8	26.613319391466987
1.51340379E8	26.086080880759766
1.520441755E8	48.44749163524351
1.529856255E8	26.294058101864145
1.539270755E8	24.2526846885124
1.548685255E8	36.63303202506771
1.558099755E8	47.91828456104945
1.567514255E8	43.12716235594031
1.576928755E8	39.509469435445325
1.586343255E8	39.257894736842104
1.595757755E8	25.57145998194275
1.605172255E8	18.65574167507568
1.614586755E8	28.272316108131076
1.624001255E8	14.221558234638058
1.62980695E8	21.775154878032126
1.6345142E8	62.459542701808495
1.642830255E8	63.158944181847154
1.652244755E8	65.24475118168782
1.661659255E8	56.28843061235329
1.671073755E8	34.68369748791758
1.680488255E8	60.182331509904934
1.689902755E8	33.251288969143346
1.699317255E8	26.826820330341494
1.708731755E8	41.31199532635828
1.718146255E8	69.70159859790748
1.727560755E8	62.392257687609536
1.736975255E8	46.18476286579213
1.745109635E8	62.011141975939054
1.749816885E8	76.1311947317439
1.755804255E8	72.63216633915768
1.765218755E8	59.876627542620426
1.774633255E8	65.61915555791597
1.784047755E8	56.28732487120931
1.793462255E8	69.17281002708587
1.802876755E8	71.31995113920017
1.812291255E8	56.66528652610335
1.821705755E8	66.73309044558926
1.831120255E8	64.64190663338468
1.840534755E8	65.85404747995113
1.849397025E8	68.21408561210295
1.854104275E8	33.75286565380367
1.859363755E8	70.37025970577301
1.868778255E8	54.91194434117585
1.878192755E8	59.41833767061448
1.887607255E8	49.675342291146634
1.897021755E8	61.2261713314568
1.906436255E8	59.00598332359658
1.915850755E8	50.37164374103776
1.925265255E8	50.234984332678316
1.934679755E8	40.42836581868394
1.944094255E8	56.78984120240055
1.95129994E8	65.71393692451474
1.95600719E8	33.3826101325824
1.962923255E8	29.687669021190718
1.972337755E8	14.346725795315736
1.981752255E8	13.25982261405279
1.991166755E8	11.513687397100218
2.000581255E8	36.62185033724574
2.009995755E8	60.96849221944872
2.019410255E8	55.25295979605927
2.028824755E8	66.88201072813213
2.038239255E8	67.2209889001009
2.047653755E8	69.0482808433799
2.05281456E8	41.991787104099835
2.05752181E8	65.8110983509631
2.066482755E8	48.0734930160922
2.075897255E8	61.02952785596686
2.085311755E8	68.69315311487598
2.094726255E8	47.79275054437304
2.104140755E8	63.85897817196877
2.113555255E8	63.78567210154549
2.122969755E8	48.499668596314194
2.132384255E8	60.47996388549578
2.141798755E8	68.42328748207552
2.14757119E8	73.45461586484977
2.15227844E8	54.52756746516056
2.160627755E8	59.5021211960274
2.170042255E8	62.64917839502895
2.179456755E8	56.14726963726167
2.188871255E8	57.75251155133039
2.198285755E8	61.8682914652929
2.207700255E8	36.80799617611132
2.217114755E8	51.95196983376706
2.226529255E8	30.90281374475543
2.235943755E8	74.72183015561103
2.241609715E8	62.038014623817425
2.246316965E8	65.17932448366564
2.254772755E8	41.85518402464284
2.264187255E8	53.618272876945134
2.273601755E8	43.36112592277869
2.283016255E8	32.79989484306124
2.292430755E8	58.03110627223963
2.301845255E8	65.720823198258
2.311259755E8	68.38187476764566
2.320674255E8	39.586885124010834
2.330088755E8	62.75100855063997
2.33512304E8	64.44067148776125
2.33983029E8	58.059243667262905
2.348917755E8	51.21437144829784
2.358332255E8	47.39852142970949
2.367746755E8	66.93443942854108
2.377161255E8	59.33672738860269
2.386575755E8	68.21607201657018
2.395990255E8	71.03296723139837
2.405404755E8	56.597141643209945
2.414819255E8	7.669721174783579
2.423860015E8	50.28948012119506
2.428567265E8	35.847848771873494
2.433648255E8	51.59173190291572
2.443062755E8	24.657537840565087
2.452477255E8	74.75867332306548
2.461891755E8	67.65578416272771
2.471306255E8	71.92758192150406
2.480720755E8	58.22326623824951
2.490135255E8	56.89416219661161
2.499549755E8	70.10116416166552
2.508964255E8	64.54122895533486
2.513853295E8	50.05297321084768
2.518560545E8	69.33315397771719
2.527793255E8	67.82507408784322
2.537207755E8	56.89977056667906
2.546622255E8	42.632354347017895
2.556036755E8	57.45253598173031
2.565451255E8	64.34058739178926
2.574865755E8	43.182044718253756
2.582367915E8	42.22949218400593
2.587075165E8	48.343414351004526
2.593694755E8	62.39477932975729
2.603109255E8	60.86053003345903
2.612523755E8	60.55595517552711
2.621938255E8	50.66091879547506
2.631352755E8	45.295718306867066
2.640767255E8	54.649177332837645
2.649058955E8	80.14592475833112
2.653766205E8	21.658536693979336
2.659596255E8	67.54284773487706
2.669010755E8	60.98928036539381
2.678425255E8	61.30036645599873
2.687839755E8	56.05961017579266
2.697254255E8	59.81919804556801
2.706668755E8	62.433022465346006
2.71474023E8	58.660166903224365
2.71944748E8	17.833722380447124
2.725497755E8	55.707857029050935
2.734912255E8	51.83502788252164
2.744326755E8	43.738044505815495
2.753741255E8	53.009860321843966
2.763155755E8	48.64985394869616
2.772570255E8	59.89534653991184
2.77928726E8	38.12178101310856
2.78399451E8	60.48502036148353
2.791399255E8	41.90082850921451
2.800813755E8	62.41974826066175
2.810228255E8	34.568272345849486
2.819642755E8	21.615894630622975
2.829057255E8	48.699454033671465
2.836366105E8	57.36841174661747
2.841073355E8	12.854113931565076
2.847886255E8	13.091227362047904
2.857300755E8	30.990088692973604
2.866715255E8	39.588742896595676
2.876129755E8	44.32808752456317
2.885544255E8	47.67766105475596
2.89342109E8	50.534215047080295
2.89812834E8	47.47748371719458
2.904373255E8	39.05368421052631
2.913787755E8	50.083441499814114
2.923202255E8	52.68557650432843
2.932616755E8	56.5248839556004
2.942031255E8	30.693910457273354
2.950462245E8	46.43323513456901
2.955169495E8	53.58896706693374
2.960860255E8	70.16686388018482
2.970274755E8	72.97808699346753
2.979689255E8	67.07375962610867
2.989103755E8	58.276077327526686
2.998518255E8	59.29240002124383
3.006943635E8	65.92092261432494
3.011650885E8	66.16252830799094
3.017347255E8	55.43831642678847
3.026761755E8	66.79098093366615
3.036176255E8	28.434345955706622
3.045590755E8	52.79193903021934
3.055005255E8	52.47979924584418
3.062940285E8	6.821223875233132
3.067647535E8	65.78333795210447
3.073834255E8	68.1960975091614
3.083248755E8	74.89047214403314
3.092663255E8	68.24691274098465
3.102077755E8	54.543466992405335
3.111492255E8	46.414117584576985
3.116838385E8	26.60509798397195
3.121545635E8	19.847313543261798
3.130321255E8	15.02965956768814
3.139735755E8	63.93323915237134
3.149150255E8	62.38371979393489
3.158564755E8	70.78887673269956
3.16467897E8	64.92517226796687
3.16938622E8	52.9599170980688
3.177393755E8	60.10433480269796
3.186808255E8	60.05287482075522
3.196222755E8	54.94703914174943
3.205637255E8	62.65033299697276
3.212433895E8	54.56346349891595
3.217141145E8	68.22087506589352
3.224466255E8	59.30318976047586
3.233880755E8	42.474108024855276
3.243295255E8	61.34586435817091
3.252709755E8	49.650515693876464
3.259428095E8	42.38158162986241
3.264135345E8	63.563714690522815
3.271538755E8	62.26941951245419
3.280953255E8	55.41567794359764
3.290367755E8	67.85713951882734
3.296336095E8	60.63218327002831
3.301043345E8	56.44803056155257
3.309196755E8	32.33396781560359
3.318611255E8	15.133166923362898
3.32699089E8	63.59509555779146
3.33169814E8	64.48998178506375
3.337440255E8	49.21588931966647
3.346854755E8	69.97355249880503
3.356269255E8	56.65264007647777
3.3614339E8	36.09910471255698
3.36614115E8	27.164692677750182
3.375098255E8	44.9320388762016
3.384512755E8	53.46291146635509
3.390632475E8	66.01494899006704
3.395339725E8	64.8073467727739
3.403341755E8	58.95359286207446
3.412756255E8	65.32446332784535
3.41979007E8	62.65345906948656
3.42449732E8	45.89525073665773
3.431585255E8	55.24203409634075
3.440999755E8	61.127272823835575
3.448213995E8	63.38230308058668
3.452921245E8	61.34002117931517
3.459828755E8	69.19455202081895
3.469243255E8	44.26816400233682
3.475841435E8	37.97679184316712
3.480548685E8	45.833053417225315
3.488072255E8	41.035323171703226
3.497486755E8	54.42443677306283
3.50295955E8	10.570920063484184
3.5076668E8	55.994362845519895
3.516315755E8	50.515760794519096
3.52460238E8	40.28456504277982
3.52930963E8	17.893144187077468
3.535144755E8	65.46719103510543
3.544559255E8	65.8761166286048
3.54952101E8	76.51093298756409
3.55422826E8	56.856574989135915
3.563388255E8	42.40966594083594
3.56872295E8	11.101865502155567
3.5734302E8	63.97982624169538
3.582217255E8	33.858967550055766
3.587365445E8	10.94665940944346
3.592072695E8	48.222575246524514
3.60069625E8	65.88463467167901
3.6054035E8	17.329566720475423
3.610460755E8	48.16694035795847
3.61587945E8	57.93098552945062
3.620367945E8	38.73127175970665
3.62436375E8	0.5438275696555507
3.625559195E8	5.084909234250376
3.627609185E8	0.7026041181403149
3.629578815E8	4.347879687168788
3.631360985E8	2.9060270477738643
3.63307211E8	12.65258668217646
3.6339472E8	0.13633169360505973
3.63472325E8	0.9839792356573883
3.63606574E8	4.858181405122963
3.6372952E8	40.30225940330879
3.63851646E8	14.486419590655297
3.639688585E8	1.6119433413700184
3.64078852E8	11.900495469856585
3.64181608E8	2.6478172888215497
3.642724245E8	1.1852518849349278
3.643276105E8	0.024556868537666175
3.64367352E8	0.09123523462397191
3.644312485E8	16.00022549409736
3.645060405E8	0.8094724640806534
3.64579866E8	0.5453666771036116
3.646529445E8	0.18103163686382392
3.647232875E8	3.4895125467007913
3.6479061E8	18.885416822934637
3.64856413E8	5.878747286248787
3.649210565E8	1.84829033260802
3.649845345E8	10.4365657339977
3.65045903E8	13.291212721012625
3.65104542E8	4.013139248036111
3.651614335E8	0.34637798890968813
3.652177875E8	4.758995756214115
3.652642145E8	0.06989013379745458
3.652918195E8	0.16357522507864194
3.65328381E8	0.3512846301545213
3.65383017E8	6.8349240661696005
3.65437E8	1.3791753311227262
3.654894715E8	0.10784655961523544
3.655400855E8	0.4762000644329897
3.655885265E8	6.7258884323774835
3.656333805E8	0.39750529536361495
3.65670954E8	40.26744648926723
3.657012785E8	2.9565590168619607
3.659696625E8	15.253952623551426
3.666947755E8	15.460688299962824
3.67241192E8	9.698532860360807
3.67711917E8	17.845034661617305
3.68310776E8	8.65184680032675
3.68781501E8	23.90786606943812
3.69171261E8	37.56112420183867
3.69525295E8	13.91175675412623
3.698731595E8	10.296398179808211
3.70040548E8	7.580758420040436
3.702362955E8	7.134977593933127
3.705074745E8	25.275951605102712
3.707077425E8	15.576875868301434
3.70840922E8	0.5445160525402054
3.709156315E8	3.2515157316995342
3.70964909E8	31.540413883392596
3.710464065E8	20.284209317379773
3.711396675E8	20.909481618619413
3.712278055E8	5.15839685731656
3.71309269E8	1.169830092383229
3.713828255E8	24.963639232335982
3.714523975E8	24.895687494598565
3.71520397E8	12.91561143406486
3.71586391E8	13.540258350531223
3.71651757E8	37.76963118330603
3.71716219E8	30.80343358435392
3.717794435E8	3.643789185576525
3.718411425E8	52.468723165334566
3.718720855E8	0.0
3.719016015E8	5.684291705660116
3.71959563E8	36.6746191236839
3.72017749E8	6.134167942081821
3.72075165E8	19.626541521850356
3.72131641E8	12.715821648806667
3.72187388E8	0.6505803741194792
3.72242547E8	38.86289136945276
3.722974235E8	17.47563028284972
3.72352064E8	10.84341760796734
3.72406525E8	20.546142654560857
3.724607585E8	25.265378083001035
3.72514754E8	22.376214629433512
3.725683565E8	23.083305233974
3.72621572E8	19.06731512375351
3.726742505E8	11.167450485585379
3.727265365E8	74.2009605081892
3.72778722E8	27.09916134108661
3.72809488E8	17.56997347480106
3.72835457E8	11.215745771881542
3.72882455E8	24.71635297088359
3.7293388E8	48.1057877625713
3.72984986E8	0.7283705379093323
3.73035813E8	26.33950678029483
3.730859895E8	10.829787663491038
3.73135021E8	38.27067746655949
3.731829795E8	28.25138191484873
3.732302795E8	4.417651794415491
3.732774285E8	94.30786054017327
3.73324505E8	29.667785876702723
3.733714415E8	17.341186773752565
3.7341813E8	4.589785442752518
3.734646815E8	17.831335138154785
3.735109215E8	25.450781488092648
3.73556781E8	36.10299032349665
3.736025395E8	11.147126989679903
3.736482E8	61.9922562246353
3.73693682E8	17.41250358095154
3.73736011E8	12.040708775681662
3.737584015E8	4.063431479462014
3.7378327E8	22.033367243133267
3.73827355E8	22.325412541254124
3.7387109E8	19.86773860112553
3.73914536E8	35.39622206333464
3.739578725E8	17.071659433003973
3.74001183E8	18.255074471770005
3.74044483E8	5.648181083265966
3.74087645E8	5.742173882730252
3.741306385E8	22.275222310163414
3.74173455E8	21.9301230228471
3.74216004E8	9.964901114961224
3.74258393E8	249.784417424153
3.743006525E8	32.481690541694334
3.743426115E8	9.868587440724243
3.743842115E8	17.710804420209428
3.744251475E8	34.250507099391484
3.744655085E8	5.248585467540202
3.74505773E8	39.2061243258022
3.74545988E8	7.223673408463318
3.745860855E8	13.430171508575429
3.74625998E8	5.717829613076556
3.74665799E8	4.905593966059082
3.746913935E8	1.118363413352024
3.747110075E8	0.9170202056518301
3.7474449E8	23.277438635028478
3.74783624E8	12.247564997315745
3.74822439E8	23.692571339547687
3.748606395E8	48.244958826013516
3.74898524E8	3.074285261740714
3.74936354E8	43.72585298710924
3.749740715E8	20.60755258126195
3.750116165E8	14.026980819575787
3.750490195E8	23.253986942095686
3.750863895E8	28.621146435452793
3.75123715E8	24.849180591690583
3.751608595E8	15.80297789547641
3.7519786E8	4.209758075415596
3.7523482E8	8.049614082599865
3.75271698E8	8.838722815019956
3.75308419E8	2.463685777498566
3.753449325E8	26.197275922671352
3.75381318E8	13.694704992435703
3.75417665E8	22.607061284019924
3.75453968E8	14.239336035514379
3.754896855E8	0.6566196542311192
3.755248195E8	18.58133903133903
3.755598365E8	13.662993072651286
3.75594756E8	17.8583297521845
3.756253795E8	24.06282742388581
3.75642766E8	7.802633139603843
3.75664154E8	2.6940457126219246
3.756983965E8	34.60761570005858
3.757324605E8	41.28601271036837
3.757661165E8	10.791231544832554
3.757992375E8	24.019503007473116
3.758302665E8	46.010947151681535
3.75858527E8	7.876191519666922
3.758858175E8	12.81283088235294
3.759108865E8	1.4603714360449909
3.75933713E8	4.61848998459168
3.761492055E8	19.61529869939011
3.76377621E8	9.88546364366467
3.764212105E8	1.630897508933658
3.76458497E8	18.238381309970798
3.764935935E8	22.364361236053508
3.76525178E8	36.62894473056583
3.765472955E8	25.575927861996863
3.765594265E8	39.50781424425095
3.765672985E8	66.33303860890068
3.76573515E8	25.40145209845936
3.765781265E8	57.39485458612975
