#Coverage	Number of genomic locations
0.0	4.3912382E7
1.0	7084562.0
2.0	1.2894445E7
3.0	5287836.0
4.0	7878162.0
5.0	4374480.0
6.0	5885008.0
7.0	3896234.0
8.0	4873323.0
9.0	3608242.0
10.0	4313123.0
11.0	3437129.0
12.0	3960583.0
13.0	3332017.0
14.0	3725036.0
15.0	3251335.0
16.0	3554776.0
17.0	3184975.0
18.0	3424517.0
19.0	3136662.0
20.0	3334333.0
21.0	3093564.0
22.0	3260200.0
23.0	3056143.0
24.0	3189735.0
25.0	3016503.0
26.0	3117210.0
27.0	2989626.0
28.0	3067517.0
29.0	2946433.0
30.0	3015212.0
31.0	2907584.0
32.0	2961966.0
33.0	2863462.0
34.0	2916456.0
35.0	2832822.0
36.0	2869371.0
37.0	2785581.0
38.0	2815237.0
39.0	2743393.0
40.0	2754872.0
41.0	2692912.0
42.0	2702491.0
43.0	2645941.0
44.0	2650268.0
45.0	2594624.0
46.0	2597565.0
47.0	2547504.0
48.0	2540283.0
49.0	2493483.0
50.0	2488981.0
51.0	2446059.0
52.0	2435304.0
53.0	2397625.0
54.0	2386099.0
55.0	2347706.0
56.0	2334870.0
57.0	2295884.0
58.0	2278442.0
59.0	2244722.0
60.0	2228208.0
61.0	2186156.0
62.0	2174677.0
63.0	2140457.0
64.0	2120329.0
65.0	2080454.0
66.0	2067417.0
67.0	2033000.0
68.0	2004749.0
69.0	1973119.0
70.0	1952132.0
71.0	1918194.0
72.0	1899581.0
73.0	1866460.0
74.0	1847519.0
75.0	1814010.0
76.0	1790083.0
77.0	1767505.0
78.0	1745235.0
79.0	1712475.0
80.0	1691628.0
81.0	1664866.0
82.0	1640304.0
83.0	1612977.0
84.0	1590672.0
85.0	1561052.0
86.0	1543484.0
87.0	1516736.0
88.0	1497771.0
89.0	1468122.0
90.0	1447898.0
91.0	1421348.0
92.0	1402242.0
93.0	1377915.0
94.0	1355227.0
95.0	1333896.0
96.0	1313592.0
97.0	1292233.0
98.0	1267475.0
99.0	1244788.0
100.0	1224242.0
101.0	1201478.0
102.0	1183263.0
103.0	1163573.0
104.0	1144013.0
105.0	1124868.0
106.0	1107627.0
107.0	1082974.0
108.0	1066653.0
109.0	1042593.0
110.0	1025157.0
111.0	1006226.0
112.0	990678.0
113.0	970243.0
114.0	954400.0
115.0	933204.0
116.0	916740.0
117.0	901860.0
118.0	886154.0
119.0	871407.0
120.0	856949.0
121.0	835935.0
122.0	823800.0
123.0	805881.0
124.0	793319.0
125.0	773174.0
126.0	762244.0
127.0	745699.0
128.0	731199.0
129.0	718764.0
130.0	703895.0
131.0	690685.0
132.0	677218.0
133.0	665580.0
134.0	652901.0
135.0	637205.0
136.0	625567.0
137.0	613022.0
138.0	600022.0
139.0	586280.0
140.0	576628.0
141.0	564503.0
142.0	553004.0
143.0	542857.0
144.0	530939.0
145.0	522032.0
146.0	510939.0
147.0	500460.0
148.0	488734.0
149.0	478203.0
150.0	468569.0
151.0	459247.0
152.0	450735.0
153.0	438812.0
154.0	430847.0
155.0	423411.0
156.0	414293.0
157.0	404491.0
158.0	397945.0
159.0	388142.0
160.0	382288.0
161.0	370380.0
162.0	364948.0
163.0	356532.0
164.0	350099.0
165.0	341686.0
166.0	333038.0
167.0	326997.0
168.0	319838.0
169.0	312505.0
170.0	307105.0
171.0	301868.0
172.0	293839.0
173.0	287966.0
174.0	280639.0
175.0	275595.0
176.0	269862.0
177.0	264129.0
178.0	258372.0
179.0	254034.0
180.0	248835.0
181.0	242650.0
182.0	237997.0
183.0	232427.0
184.0	227259.0
185.0	223652.0
186.0	217363.0
187.0	213870.0
188.0	208469.0
189.0	204082.0
190.0	199414.0
191.0	194562.0
192.0	192034.0
193.0	186705.0
194.0	180726.0
195.0	177152.0
196.0	173479.0
197.0	169834.0
198.0	167509.0
199.0	162470.0
200.0	159612.0
201.0	155154.0
202.0	153688.0
203.0	149413.0
204.0	145641.0
205.0	144041.0
206.0	140897.0
207.0	136823.0
208.0	133904.0
209.0	130949.0
210.0	128168.0
211.0	125259.0
212.0	123201.0
213.0	120298.0
214.0	117782.0
215.0	114320.0
216.0	112249.0
217.0	109853.0
218.0	107732.0
219.0	105604.0
220.0	101763.0
221.0	101165.0
222.0	98742.0
223.0	96517.0
224.0	94062.0
225.0	92776.0
226.0	90624.0
227.0	89101.0
228.0	86476.0
229.0	85218.0
230.0	83191.0
231.0	81008.0
232.0	80208.0
233.0	77527.0
234.0	76460.0
235.0	75228.0
236.0	72852.0
237.0	71154.0
238.0	70297.0
239.0	69027.0
240.0	67384.0
241.0	66994.0
242.0	65072.0
243.0	63580.0
244.0	61814.0
245.0	61423.0
246.0	59807.0
247.0	58444.0
248.0	57155.0
249.0	55986.0
250.0	55414.0
251.0	53805.0
252.0	52963.0
253.0	51985.0
254.0	50696.0
255.0	49570.0
256.0	48737.0
257.0	47243.0
258.0	47423.0
259.0	45563.0
260.0	45321.0
261.0	44016.0
262.0	43353.0
263.0	42599.0
264.0	41606.0
265.0	40878.0
266.0	39539.0
267.0	39179.0
268.0	38636.0
269.0	37759.0
270.0	37319.0
271.0	36402.0
272.0	36185.0
273.0	34781.0
274.0	34385.0
275.0	33839.0
276.0	33108.0
277.0	32601.0
278.0	31914.0
279.0	31353.0
280.0	30520.0
281.0	30489.0
282.0	29743.0
283.0	29071.0
284.0	28466.0
285.0	28427.0
286.0	27276.0
287.0	27350.0
288.0	26544.0
289.0	26142.0
290.0	25777.0
291.0	25248.0
292.0	24817.0
293.0	24383.0
294.0	24186.0
295.0	23571.0
296.0	23142.0
297.0	22798.0
298.0	22308.0
299.0	22088.0
300.0	21429.0
301.0	21533.0
302.0	20879.0
303.0	20566.0
304.0	20110.0
305.0	19941.0
306.0	19508.0
307.0	18949.0
308.0	18498.0
309.0	18680.0
310.0	18486.0
311.0	18333.0
312.0	17915.0
313.0	17528.0
314.0	17286.0
315.0	17150.0
316.0	17071.0
317.0	16570.0
318.0	16275.0
319.0	15720.0
320.0	15873.0
321.0	15523.0
322.0	15308.0
323.0	15311.0
324.0	14750.0
325.0	14439.0
326.0	14460.0
327.0	14231.0
328.0	13993.0
329.0	13937.0
330.0	13450.0
331.0	13357.0
332.0	13027.0
333.0	12672.0
334.0	12468.0
335.0	12475.0
336.0	12303.0
337.0	12395.0
338.0	12237.0
339.0	11908.0
340.0	11542.0
341.0	11254.0
342.0	11163.0
343.0	11057.0
344.0	10804.0
345.0	10657.0
346.0	10496.0
347.0	10165.0
348.0	10328.0
349.0	9987.0
350.0	9954.0
351.0	9547.0
352.0	9630.0
353.0	9465.0
354.0	9496.0
355.0	9397.0
356.0	9014.0
357.0	9216.0
358.0	8822.0
359.0	8604.0
360.0	8542.0
361.0	8409.0
362.0	8263.0
363.0	8145.0
364.0	8178.0
365.0	8107.0
366.0	7826.0
367.0	7838.0
368.0	7791.0
369.0	7578.0
370.0	7605.0
371.0	7443.0
372.0	7471.0
373.0	7319.0
374.0	7437.0
375.0	6932.0
376.0	7020.0
377.0	6825.0
378.0	6827.0
379.0	6632.0
380.0	6699.0
381.0	6511.0
382.0	6498.0
383.0	6332.0
384.0	6283.0
385.0	6156.0
386.0	6210.0
387.0	5956.0
388.0	6028.0
389.0	5883.0
390.0	5695.0
391.0	5804.0
392.0	5749.0
393.0	5447.0
394.0	5470.0
395.0	5396.0
396.0	5412.0
397.0	5328.0
398.0	5201.0
399.0	5012.0
400.0	5017.0
401.0	5003.0
402.0	4893.0
403.0	4963.0
404.0	4997.0
405.0	4973.0
406.0	4852.0
407.0	4781.0
408.0	4842.0
409.0	4778.0
410.0	4492.0
411.0	4513.0
412.0	4553.0
413.0	4390.0
414.0	4223.0
415.0	4340.0
416.0	4222.0
417.0	4196.0
418.0	4082.0
419.0	4092.0
420.0	4172.0
421.0	4085.0
422.0	3957.0
423.0	3820.0
424.0	3735.0
425.0	3847.0
426.0	3814.0
427.0	3631.0
428.0	3692.0
429.0	3558.0
430.0	3589.0
431.0	3603.0
432.0	3480.0
433.0	3491.0
434.0	3459.0
435.0	3236.0
436.0	3293.0
437.0	3314.0
438.0	3233.0
439.0	3274.0
440.0	3203.0
441.0	3232.0
442.0	3090.0
443.0	3148.0
444.0	3062.0
445.0	3088.0
446.0	3067.0
447.0	3056.0
448.0	2943.0
449.0	3068.0
450.0	2828.0
451.0	2905.0
452.0	2773.0
453.0	2841.0
454.0	2839.0
455.0	2779.0
456.0	2658.0
457.0	2660.0
458.0	2644.0
459.0	2545.0
460.0	2529.0
461.0	2558.0
462.0	2569.0
463.0	2593.0
464.0	2498.0
465.0	2499.0
466.0	2533.0
467.0	2398.0
468.0	2344.0
469.0	2373.0
470.0	2408.0
471.0	2340.0
472.0	2380.0
473.0	2273.0
474.0	2298.0
475.0	2331.0
476.0	2278.0
477.0	2233.0
478.0	2226.0
479.0	2161.0
480.0	2133.0
481.0	2172.0
482.0	2090.0
483.0	2190.0
484.0	2154.0
485.0	2257.0
486.0	1993.0
487.0	2003.0
488.0	1965.0
489.0	1945.0
490.0	1972.0
491.0	1996.0
492.0	2021.0
493.0	2055.0
494.0	1913.0
495.0	2042.0
496.0	1824.0
497.0	1888.0
498.0	1806.0
499.0	1842.0
500.0	1786.0
501.0	1909.0
502.0	1699.0
503.0	1770.0
504.0	1798.0
505.0	1665.0
506.0	1760.0
507.0	1636.0
508.0	1688.0
509.0	1680.0
510.0	1625.0
511.0	1690.0
512.0	1647.0
513.0	1577.0
514.0	1576.0
515.0	1643.0
516.0	1578.0
517.0	1672.0
518.0	1529.0
519.0	1583.0
520.0	1506.0
521.0	1552.0
522.0	1515.0
523.0	1569.0
524.0	1481.0
525.0	1383.0
526.0	1474.0
527.0	1415.0
528.0	1453.0
529.0	1457.0
530.0	1431.0
531.0	1404.0
532.0	1371.0
533.0	1341.0
534.0	1280.0
535.0	1388.0
536.0	1290.0
537.0	1354.0
538.0	1301.0
539.0	1335.0
540.0	1264.0
541.0	1243.0
542.0	1237.0
543.0	1260.0
544.0	1215.0
545.0	1227.0
546.0	1267.0
547.0	1250.0
548.0	1245.0
549.0	1240.0
550.0	1198.0
551.0	1187.0
552.0	1194.0
553.0	1210.0
554.0	1166.0
555.0	1117.0
556.0	1168.0
557.0	1132.0
558.0	1108.0
559.0	1157.0
560.0	1118.0
561.0	1103.0
562.0	1115.0
563.0	1090.0
564.0	1039.0
565.0	1063.0
566.0	1034.0
567.0	1069.0
568.0	1072.0
569.0	1016.0
570.0	1007.0
571.0	1098.0
572.0	1050.0
573.0	974.0
574.0	935.0
575.0	931.0
576.0	959.0
577.0	947.0
578.0	952.0
579.0	918.0
580.0	876.0
581.0	947.0
582.0	940.0
583.0	957.0
584.0	954.0
585.0	866.0
586.0	902.0
587.0	877.0
588.0	871.0
589.0	924.0
590.0	879.0
591.0	860.0
592.0	832.0
593.0	799.0
594.0	811.0
595.0	791.0
596.0	756.0
597.0	746.0
598.0	745.0
599.0	727.0
600.0	675.0
601.0	770.0
602.0	722.0
603.0	740.0
604.0	706.0
605.0	741.0
606.0	715.0
607.0	699.0
608.0	695.0
609.0	722.0
610.0	626.0
611.0	693.0
612.0	719.0
613.0	716.0
614.0	694.0
615.0	629.0
616.0	669.0
617.0	634.0
618.0	637.0
619.0	628.0
620.0	611.0
621.0	649.0
622.0	666.0
623.0	642.0
624.0	620.0
625.0	626.0
626.0	662.0
627.0	644.0
628.0	627.0
629.0	593.0
630.0	599.0
631.0	650.0
632.0	635.0
633.0	599.0
634.0	611.0
635.0	614.0
636.0	603.0
637.0	645.0
638.0	544.0
639.0	524.0
640.0	565.0
641.0	535.0
642.0	556.0
643.0	553.0
644.0	575.0
645.0	551.0
646.0	495.0
647.0	490.0
648.0	583.0
649.0	569.0
650.0	568.0
651.0	557.0
652.0	516.0
653.0	502.0
654.0	540.0
655.0	466.0
656.0	471.0
657.0	499.0
658.0	460.0
659.0	510.0
660.0	513.0
661.0	441.0
662.0	459.0
663.0	440.0
664.0	470.0
665.0	412.0
666.0	493.0
667.0	463.0
668.0	438.0
669.0	420.0
670.0	392.0
671.0	405.0
672.0	426.0
673.0	437.0
674.0	442.0
675.0	432.0
676.0	427.0
677.0	388.0
678.0	400.0
679.0	443.0
680.0	392.0
681.0	419.0
682.0	412.0
683.0	409.0
684.0	364.0
685.0	365.0
686.0	386.0
687.0	415.0
688.0	411.0
689.0	422.0
690.0	399.0
691.0	369.0
692.0	422.0
693.0	380.0
694.0	419.0
695.0	352.0
696.0	378.0
697.0	425.0
698.0	402.0
699.0	363.0
700.0	408.0
701.0	354.0
702.0	395.0
703.0	350.0
704.0	350.0
705.0	335.0
706.0	351.0
707.0	343.0
708.0	339.0
709.0	349.0
710.0	356.0
711.0	335.0
712.0	322.0
713.0	299.0
714.0	312.0
715.0	342.0
716.0	316.0
717.0	314.0
718.0	367.0
719.0	297.0
720.0	313.0
721.0	288.0
722.0	293.0
723.0	302.0
724.0	311.0
725.0	321.0
726.0	304.0
727.0	329.0
728.0	290.0
729.0	313.0
730.0	296.0
731.0	247.0
732.0	287.0
733.0	274.0
734.0	278.0
735.0	275.0
736.0	283.0
737.0	313.0
738.0	265.0
739.0	302.0
740.0	284.0
741.0	311.0
742.0	284.0
743.0	290.0
744.0	284.0
745.0	244.0
746.0	261.0
747.0	252.0
748.0	282.0
749.0	266.0
750.0	274.0
751.0	275.0
752.0	243.0
753.0	278.0
754.0	256.0
755.0	259.0
756.0	265.0
757.0	250.0
758.0	243.0
759.0	241.0
760.0	259.0
761.0	266.0
762.0	255.0
763.0	253.0
764.0	251.0
765.0	259.0
766.0	247.0
767.0	244.0
768.0	286.0
769.0	247.0
770.0	263.0
771.0	242.0
772.0	235.0
773.0	248.0
774.0	232.0
775.0	236.0
776.0	254.0
777.0	237.0
778.0	237.0
779.0	236.0
780.0	244.0
781.0	220.0
782.0	248.0
783.0	228.0
784.0	227.0
785.0	233.0
786.0	242.0
787.0	221.0
788.0	196.0
789.0	222.0
790.0	214.0
791.0	221.0
792.0	234.0
793.0	193.0
794.0	191.0
795.0	197.0
796.0	211.0
797.0	196.0
798.0	186.0
799.0	217.0
800.0	233.0
801.0	200.0
802.0	198.0
803.0	187.0
804.0	213.0
805.0	202.0
806.0	199.0
807.0	189.0
808.0	197.0
809.0	192.0
810.0	199.0
811.0	224.0
812.0	196.0
813.0	191.0
814.0	201.0
815.0	179.0
816.0	207.0
817.0	170.0
818.0	184.0
819.0	172.0
820.0	184.0
821.0	185.0
822.0	210.0
823.0	186.0
824.0	174.0
825.0	194.0
826.0	166.0
827.0	202.0
828.0	197.0
829.0	185.0
830.0	206.0
831.0	191.0
832.0	165.0
833.0	195.0
834.0	175.0
835.0	182.0
836.0	160.0
837.0	197.0
838.0	159.0
839.0	134.0
840.0	152.0
841.0	145.0
842.0	180.0
843.0	161.0
844.0	145.0
845.0	163.0
846.0	155.0
847.0	146.0
848.0	157.0
849.0	121.0
850.0	152.0
851.0	134.0
852.0	143.0
853.0	128.0
854.0	163.0
855.0	148.0
856.0	144.0
857.0	143.0
858.0	162.0
859.0	183.0
860.0	154.0
861.0	170.0
862.0	144.0
863.0	177.0
864.0	169.0
865.0	144.0
866.0	133.0
867.0	153.0
868.0	133.0
869.0	159.0
870.0	128.0
871.0	155.0
872.0	122.0
873.0	157.0
874.0	138.0
875.0	157.0
876.0	126.0
877.0	132.0
878.0	135.0
879.0	144.0
880.0	112.0
881.0	120.0
882.0	124.0
883.0	128.0
884.0	165.0
885.0	148.0
886.0	127.0
887.0	97.0
888.0	100.0
889.0	129.0
890.0	127.0
891.0	129.0
892.0	158.0
893.0	119.0
894.0	114.0
895.0	125.0
896.0	117.0
897.0	137.0
898.0	134.0
899.0	144.0
900.0	113.0
901.0	94.0
902.0	148.0
903.0	103.0
904.0	129.0
905.0	120.0
906.0	112.0
907.0	122.0
908.0	106.0
909.0	139.0
910.0	114.0
911.0	110.0
912.0	108.0
913.0	119.0
914.0	112.0
915.0	101.0
916.0	106.0
917.0	124.0
918.0	91.0
919.0	123.0
920.0	100.0
921.0	99.0
922.0	75.0
923.0	94.0
924.0	105.0
925.0	93.0
926.0	96.0
927.0	101.0
928.0	108.0
929.0	96.0
930.0	85.0
931.0	77.0
932.0	88.0
933.0	80.0
934.0	77.0
935.0	78.0
936.0	97.0
937.0	76.0
938.0	89.0
939.0	84.0
940.0	84.0
941.0	83.0
942.0	71.0
943.0	78.0
944.0	71.0
945.0	86.0
946.0	98.0
947.0	81.0
948.0	86.0
949.0	64.0
950.0	72.0
951.0	84.0
952.0	88.0
953.0	86.0
954.0	73.0
955.0	86.0
956.0	84.0
957.0	84.0
958.0	82.0
959.0	84.0
960.0	106.0
961.0	67.0
962.0	79.0
963.0	73.0
964.0	82.0
965.0	79.0
966.0	69.0
967.0	59.0
968.0	89.0
969.0	82.0
970.0	76.0
971.0	83.0
972.0	90.0
973.0	87.0
974.0	75.0
975.0	88.0
976.0	65.0
977.0	68.0
978.0	70.0
979.0	71.0
980.0	74.0
981.0	65.0
982.0	79.0
983.0	71.0
984.0	81.0
985.0	78.0
986.0	85.0
987.0	78.0
988.0	88.0
989.0	54.0
990.0	62.0
991.0	75.0
992.0	79.0
993.0	81.0
994.0	71.0
995.0	90.0
996.0	76.0
997.0	77.0
998.0	75.0
999.0	93.0
1000.0	62.0
1001.0	68.0
1002.0	70.0
1003.0	62.0
1004.0	76.0
1005.0	77.0
1006.0	51.0
1007.0	70.0
1008.0	73.0
1009.0	69.0
1010.0	74.0
1011.0	71.0
1012.0	61.0
1013.0	70.0
1014.0	72.0
1015.0	71.0
1016.0	81.0
1017.0	60.0
1018.0	68.0
1019.0	57.0
1020.0	58.0
1021.0	55.0
1022.0	70.0
1023.0	53.0
1024.0	48.0
1025.0	60.0
1026.0	62.0
1027.0	59.0
1028.0	54.0
1029.0	64.0
1030.0	62.0
1031.0	67.0
1032.0	66.0
1033.0	52.0
1034.0	59.0
1035.0	59.0
1036.0	55.0
1037.0	49.0
1038.0	62.0
1039.0	55.0
1040.0	53.0
1041.0	53.0
1042.0	52.0
1043.0	55.0
1044.0	52.0
1045.0	70.0
1046.0	56.0
1047.0	63.0
1048.0	56.0
1049.0	63.0
1050.0	54.0
1051.0	74.0
1052.0	47.0
1053.0	47.0
1054.0	63.0
1055.0	55.0
1056.0	47.0
1057.0	43.0
1058.0	72.0
1059.0	69.0
1060.0	53.0
1061.0	50.0
1062.0	50.0
1063.0	36.0
1064.0	38.0
1065.0	44.0
1066.0	49.0
1067.0	48.0
1068.0	57.0
1069.0	47.0
1070.0	56.0
1071.0	53.0
1072.0	53.0
1073.0	56.0
1074.0	60.0
1075.0	52.0
1076.0	58.0
1077.0	54.0
1078.0	49.0
1079.0	51.0
1080.0	48.0
1081.0	59.0
1082.0	61.0
1083.0	63.0
1084.0	52.0
1085.0	52.0
1086.0	50.0
1087.0	67.0
1088.0	60.0
1089.0	45.0
1090.0	57.0
1091.0	53.0
1092.0	54.0
1093.0	54.0
1094.0	51.0
1095.0	63.0
1096.0	55.0
1097.0	46.0
1098.0	65.0
1099.0	50.0
1100.0	50.0
1101.0	40.0
1102.0	46.0
1103.0	42.0
1104.0	44.0
1105.0	67.0
1106.0	37.0
1107.0	45.0
1108.0	37.0
1109.0	47.0
1110.0	50.0
1111.0	36.0
1112.0	54.0
1113.0	51.0
1114.0	39.0
1115.0	46.0
1116.0	40.0
1117.0	38.0
1118.0	39.0
1119.0	49.0
1120.0	42.0
1121.0	36.0
1122.0	36.0
1123.0	34.0
1124.0	40.0
1125.0	48.0
1126.0	48.0
1127.0	48.0
1128.0	47.0
1129.0	45.0
1130.0	44.0
1131.0	39.0
1132.0	54.0
1133.0	46.0
1134.0	57.0
1135.0	42.0
1136.0	41.0
1137.0	57.0
1138.0	55.0
1139.0	45.0
1140.0	35.0
1141.0	46.0
1142.0	60.0
1143.0	54.0
1144.0	38.0
1145.0	29.0
1146.0	45.0
1147.0	55.0
1148.0	42.0
1149.0	35.0
1150.0	55.0
1151.0	46.0
1152.0	34.0
1153.0	34.0
1154.0	41.0
1155.0	30.0
1156.0	49.0
1157.0	40.0
1158.0	41.0
1159.0	35.0
1160.0	25.0
1161.0	42.0
1162.0	38.0
1163.0	32.0
1164.0	54.0
1165.0	29.0
1166.0	35.0
1167.0	36.0
1168.0	43.0
1169.0	37.0
1170.0	30.0
1171.0	43.0
1172.0	27.0
1173.0	49.0
1174.0	33.0
1175.0	32.0
1176.0	27.0
1177.0	36.0
1178.0	30.0
1179.0	31.0
1180.0	27.0
1181.0	32.0
1182.0	33.0
1183.0	26.0
1184.0	23.0
1185.0	34.0
1186.0	30.0
1187.0	37.0
1188.0	34.0
1189.0	25.0
1190.0	34.0
1191.0	32.0
1192.0	25.0
1193.0	33.0
1194.0	27.0
1195.0	33.0
1196.0	32.0
1197.0	21.0
1198.0	34.0
1199.0	29.0
1200.0	32.0
1201.0	33.0
1202.0	28.0
1203.0	33.0
1204.0	29.0
1205.0	23.0
1206.0	44.0
1207.0	30.0
1208.0	33.0
1209.0	30.0
1210.0	33.0
1211.0	34.0
1212.0	35.0
1213.0	32.0
1214.0	41.0
1215.0	32.0
1216.0	35.0
1217.0	26.0
1218.0	32.0
1219.0	26.0
1220.0	28.0
1221.0	36.0
1222.0	31.0
1223.0	27.0
1224.0	29.0
1225.0	38.0
1226.0	33.0
1227.0	36.0
1228.0	25.0
1229.0	30.0
1230.0	32.0
1231.0	29.0
1232.0	41.0
1233.0	19.0
1234.0	26.0
1235.0	40.0
1236.0	35.0
1237.0	23.0
1238.0	37.0
1239.0	37.0
1240.0	32.0
1241.0	31.0
1242.0	26.0
1243.0	31.0
1244.0	25.0
1245.0	24.0
1246.0	26.0
1247.0	33.0
1248.0	27.0
1249.0	24.0
1250.0	29.0
1251.0	25.0
1252.0	32.0
1253.0	27.0
1254.0	31.0
1255.0	40.0
1256.0	39.0
1257.0	23.0
1258.0	33.0
1259.0	22.0
1260.0	32.0
1261.0	34.0
1262.0	31.0
1263.0	28.0
1264.0	23.0
1265.0	21.0
1266.0	25.0
1267.0	33.0
1268.0	28.0
1269.0	19.0
1270.0	36.0
1271.0	18.0
1272.0	18.0
1273.0	18.0
1274.0	23.0
1275.0	22.0
1276.0	32.0
1277.0	16.0
1278.0	18.0
1279.0	37.0
1280.0	20.0
1281.0	23.0
1282.0	25.0
1283.0	35.0
1284.0	30.0
1285.0	21.0
1286.0	27.0
1287.0	20.0
1288.0	35.0
1289.0	32.0
1290.0	27.0
1291.0	31.0
1292.0	20.0
1293.0	30.0
1294.0	25.0
1295.0	25.0
1296.0	23.0
1297.0	21.0
1298.0	21.0
1299.0	26.0
1300.0	34.0
1301.0	25.0
1302.0	29.0
1303.0	26.0
1304.0	26.0
1305.0	25.0
1306.0	23.0
1307.0	32.0
1308.0	27.0
1309.0	22.0
1310.0	40.0
1311.0	28.0
1312.0	28.0
1313.0	20.0
1314.0	40.0
1315.0	21.0
1316.0	23.0
1317.0	26.0
1318.0	17.0
1319.0	33.0
1320.0	27.0
1321.0	18.0
1322.0	31.0
1323.0	25.0
1324.0	29.0
1325.0	20.0
1326.0	32.0
1327.0	37.0
1328.0	29.0
1329.0	30.0
1330.0	24.0
1331.0	29.0
1332.0	18.0
1333.0	25.0
1334.0	21.0
1335.0	21.0
1336.0	22.0
1337.0	23.0
1338.0	24.0
1339.0	31.0
1340.0	20.0
1341.0	21.0
1342.0	20.0
1343.0	30.0
1344.0	11.0
1345.0	24.0
1346.0	16.0
1347.0	25.0
1348.0	26.0
1349.0	28.0
1350.0	25.0
1351.0	15.0
1352.0	29.0
1353.0	17.0
1354.0	30.0
1355.0	23.0
1356.0	17.0
1357.0	19.0
1358.0	28.0
1359.0	14.0
1360.0	26.0
1361.0	20.0
1362.0	14.0
1363.0	23.0
1364.0	23.0
1365.0	35.0
1366.0	26.0
1367.0	26.0
1368.0	27.0
1369.0	24.0
1370.0	18.0
1371.0	24.0
1372.0	23.0
1373.0	14.0
1374.0	23.0
1375.0	15.0
1376.0	16.0
1377.0	20.0
1378.0	34.0
1379.0	32.0
1380.0	15.0
1381.0	13.0
1382.0	17.0
1383.0	20.0
1384.0	23.0
1385.0	21.0
1386.0	21.0
1387.0	27.0
1388.0	20.0
1389.0	27.0
1390.0	14.0
1391.0	27.0
1392.0	7.0
1393.0	19.0
1394.0	19.0
1395.0	16.0
1396.0	21.0
1397.0	27.0
1398.0	23.0
1399.0	24.0
1400.0	20.0
1401.0	21.0
1402.0	25.0
1403.0	22.0
1404.0	12.0
1405.0	18.0
1406.0	19.0
1407.0	16.0
1408.0	22.0
1409.0	12.0
1410.0	20.0
1411.0	25.0
1412.0	17.0
1413.0	26.0
1414.0	17.0
1415.0	26.0
1416.0	17.0
1417.0	25.0
1418.0	17.0
1419.0	25.0
1420.0	15.0
1421.0	15.0
1422.0	13.0
1423.0	19.0
1424.0	17.0
1425.0	17.0
1426.0	22.0
1427.0	24.0
1428.0	12.0
1429.0	22.0
1430.0	10.0
1431.0	19.0
1432.0	17.0
1433.0	12.0
1434.0	18.0
1435.0	14.0
1436.0	15.0
1437.0	18.0
1438.0	19.0
1439.0	16.0
1440.0	20.0
1441.0	8.0
1442.0	24.0
1443.0	16.0
1444.0	10.0
1445.0	16.0
1446.0	16.0
1447.0	15.0
1448.0	15.0
1449.0	18.0
1450.0	14.0
1451.0	20.0
1452.0	26.0
1453.0	10.0
1454.0	18.0
1455.0	27.0
1456.0	17.0
1457.0	18.0
1458.0	12.0
1459.0	19.0
1460.0	14.0
1461.0	22.0
1462.0	18.0
1463.0	6.0
1464.0	10.0
1465.0	28.0
1466.0	17.0
1467.0	16.0
1468.0	22.0
1469.0	10.0
1470.0	16.0
1471.0	8.0
1472.0	27.0
1473.0	16.0
1474.0	10.0
1475.0	18.0
1476.0	9.0
1477.0	10.0
1478.0	17.0
1479.0	13.0
1480.0	7.0
1481.0	20.0
1482.0	18.0
1483.0	10.0
1484.0	15.0
1485.0	16.0
1486.0	17.0
1487.0	15.0
1488.0	10.0
1489.0	18.0
1490.0	9.0
1491.0	20.0
1492.0	14.0
1493.0	13.0
1494.0	15.0
1495.0	15.0
1496.0	8.0
1497.0	12.0
1498.0	15.0
1499.0	18.0
1500.0	12.0
1501.0	18.0
1502.0	12.0
1503.0	23.0
1504.0	16.0
1505.0	12.0
1506.0	10.0
1507.0	11.0
1508.0	15.0
1509.0	13.0
1510.0	12.0
1511.0	13.0
1512.0	8.0
1513.0	8.0
1514.0	13.0
1515.0	12.0
1516.0	9.0
1517.0	22.0
1518.0	13.0
1519.0	8.0
1520.0	23.0
1521.0	13.0
1522.0	13.0
1523.0	15.0
1524.0	9.0
1525.0	14.0
1526.0	13.0
1527.0	19.0
1528.0	13.0
1529.0	16.0
1530.0	18.0
1531.0	15.0
1532.0	13.0
1533.0	16.0
1534.0	12.0
1535.0	12.0
1536.0	11.0
1537.0	14.0
1538.0	12.0
1539.0	15.0
1540.0	5.0
1541.0	13.0
1542.0	8.0
1543.0	13.0
1544.0	14.0
1545.0	11.0
1546.0	13.0
1547.0	11.0
1548.0	4.0
1549.0	15.0
1550.0	15.0
1551.0	12.0
1552.0	8.0
1553.0	13.0
1554.0	7.0
1555.0	12.0
1556.0	14.0
1557.0	9.0
1558.0	8.0
1559.0	8.0
1560.0	11.0
1561.0	14.0
1562.0	7.0
1563.0	12.0
1564.0	15.0
1565.0	13.0
1566.0	3.0
1567.0	14.0
1568.0	14.0
1569.0	12.0
1570.0	9.0
1571.0	4.0
1572.0	6.0
1573.0	17.0
1574.0	18.0
1575.0	9.0
1576.0	11.0
1577.0	16.0
1578.0	14.0
1579.0	3.0
1580.0	14.0
1581.0	11.0
1582.0	13.0
1583.0	21.0
1584.0	12.0
1585.0	11.0
1586.0	14.0
1587.0	13.0
1588.0	15.0
1589.0	6.0
1590.0	10.0
1591.0	12.0
1592.0	7.0
1593.0	13.0
1594.0	8.0
1595.0	9.0
1596.0	7.0
1597.0	12.0
1598.0	12.0
1599.0	12.0
1600.0	11.0
1601.0	6.0
1602.0	20.0
1603.0	9.0
1604.0	11.0
1605.0	7.0
1606.0	9.0
1607.0	8.0
1608.0	11.0
1609.0	7.0
1610.0	16.0
1611.0	7.0
1612.0	11.0
1613.0	9.0
1614.0	6.0
1615.0	10.0
1616.0	11.0
1617.0	10.0
1618.0	10.0
1619.0	10.0
1620.0	14.0
1621.0	10.0
1622.0	8.0
1623.0	16.0
1624.0	8.0
1625.0	18.0
1626.0	9.0
1627.0	10.0
1628.0	9.0
1629.0	16.0
1630.0	14.0
1631.0	9.0
1632.0	15.0
1633.0	7.0
1634.0	9.0
1635.0	15.0
1636.0	8.0
1637.0	15.0
1638.0	11.0
1639.0	18.0
1640.0	11.0
1641.0	6.0
1642.0	12.0
1643.0	9.0
1644.0	11.0
1645.0	7.0
1646.0	13.0
1647.0	15.0
1648.0	19.0
1649.0	10.0
1650.0	7.0
1651.0	13.0
1652.0	8.0
1653.0	15.0
1654.0	6.0
1655.0	10.0
1656.0	14.0
1657.0	8.0
1658.0	9.0
1659.0	15.0
1660.0	14.0
1661.0	8.0
1662.0	9.0
1663.0	7.0
1664.0	9.0
1665.0	10.0
1666.0	6.0
1667.0	11.0
1668.0	9.0
1669.0	4.0
1670.0	6.0
1671.0	2.0
1672.0	8.0
1673.0	10.0
1674.0	14.0
1675.0	14.0
1676.0	10.0
1677.0	12.0
1678.0	9.0
1679.0	6.0
1680.0	11.0
1681.0	8.0
1682.0	6.0
1683.0	10.0
1684.0	23.0
1685.0	9.0
1686.0	12.0
1687.0	4.0
1688.0	5.0
1689.0	10.0
1690.0	10.0
1691.0	9.0
1692.0	7.0
1693.0	9.0
1694.0	11.0
1695.0	12.0
1696.0	9.0
1697.0	11.0
1698.0	7.0
1699.0	6.0
1700.0	12.0
1701.0	10.0
1702.0	13.0
1703.0	13.0
1704.0	13.0
1705.0	10.0
1706.0	9.0
1707.0	8.0
1708.0	8.0
1709.0	5.0
1710.0	14.0
1711.0	10.0
1712.0	4.0
1713.0	15.0
1714.0	10.0
1715.0	15.0
1716.0	7.0
1717.0	17.0
1718.0	6.0
1719.0	4.0
1720.0	10.0
1721.0	4.0
1722.0	11.0
1723.0	11.0
1724.0	6.0
1725.0	7.0
1726.0	10.0
1727.0	14.0
1728.0	8.0
1729.0	11.0
1730.0	8.0
1731.0	7.0
1732.0	13.0
1733.0	13.0
1734.0	6.0
1735.0	7.0
1736.0	10.0
1737.0	8.0
1738.0	9.0
1739.0	8.0
1740.0	7.0
1741.0	13.0
1742.0	7.0
1743.0	12.0
1744.0	11.0
1745.0	11.0
1746.0	6.0
1747.0	7.0
1748.0	10.0
1749.0	8.0
1750.0	8.0
1751.0	7.0
1752.0	7.0
1753.0	11.0
1754.0	8.0
1755.0	7.0
1756.0	10.0
1757.0	11.0
1758.0	11.0
1759.0	4.0
1760.0	8.0
1761.0	6.0
1762.0	6.0
1763.0	13.0
1764.0	7.0
1765.0	11.0
1766.0	6.0
1767.0	13.0
1768.0	15.0
1769.0	9.0
1770.0	8.0
1771.0	11.0
1772.0	7.0
1773.0	6.0
1774.0	12.0
1775.0	6.0
1776.0	8.0
1777.0	5.0
1778.0	7.0
1779.0	2.0
1780.0	13.0
1781.0	6.0
1782.0	7.0
1783.0	12.0
1784.0	11.0
1785.0	9.0
1786.0	7.0
1787.0	8.0
1788.0	4.0
1789.0	12.0
1790.0	5.0
1791.0	4.0
1792.0	4.0
1793.0	7.0
1794.0	8.0
1795.0	3.0
1796.0	7.0
1797.0	13.0
1798.0	8.0
1799.0	6.0
1800.0	12.0
1801.0	5.0
1802.0	6.0
1803.0	5.0
1804.0	4.0
1805.0	7.0
1806.0	11.0
1807.0	5.0
1808.0	5.0
1809.0	4.0
1810.0	7.0
1811.0	3.0
1812.0	7.0
1813.0	6.0
1814.0	5.0
1815.0	8.0
1816.0	5.0
1817.0	3.0
1818.0	8.0
1819.0	7.0
1820.0	4.0
1821.0	6.0
1822.0	11.0
1823.0	4.0
1824.0	8.0
1825.0	7.0
1826.0	7.0
1827.0	6.0
1828.0	7.0
1829.0	5.0
1830.0	6.0
1831.0	6.0
1832.0	5.0
1833.0	4.0
1834.0	8.0
1835.0	6.0
1836.0	5.0
1837.0	8.0
1838.0	5.0
1839.0	10.0
1840.0	5.0
1841.0	7.0
1842.0	7.0
1843.0	4.0
1844.0	2.0
1845.0	9.0
1846.0	6.0
1847.0	5.0
1848.0	9.0
1849.0	8.0
1850.0	5.0
1851.0	5.0
1852.0	6.0
1853.0	6.0
1854.0	6.0
1855.0	6.0
1856.0	6.0
1857.0	5.0
1858.0	3.0
1859.0	4.0
1860.0	5.0
1861.0	9.0
1862.0	6.0
1863.0	3.0
1864.0	3.0
1865.0	8.0
1866.0	4.0
1867.0	5.0
1868.0	6.0
1869.0	5.0
1870.0	6.0
1871.0	5.0
1872.0	4.0
1873.0	4.0
1874.0	2.0
1875.0	5.0
1876.0	5.0
1877.0	10.0
1878.0	8.0
1879.0	5.0
1880.0	9.0
1881.0	6.0
1882.0	2.0
1883.0	4.0
1884.0	6.0
1885.0	4.0
1886.0	2.0
1887.0	6.0
1888.0	5.0
1889.0	2.0
1890.0	6.0
1891.0	8.0
1892.0	7.0
1893.0	6.0
1894.0	6.0
1895.0	2.0
1896.0	5.0
1897.0	4.0
1898.0	3.0
1899.0	9.0
1900.0	8.0
1901.0	10.0
1902.0	7.0
1903.0	8.0
1904.0	6.0
1905.0	8.0
1906.0	9.0
1907.0	10.0
1908.0	7.0
1909.0	9.0
1910.0	9.0
1911.0	6.0
1912.0	2.0
1913.0	5.0
1914.0	4.0
1915.0	5.0
1916.0	5.0
1917.0	6.0
1918.0	7.0
1919.0	5.0
1920.0	2.0
1921.0	4.0
1922.0	6.0
1923.0	6.0
1924.0	6.0
1925.0	8.0
1926.0	7.0
1927.0	1.0
1928.0	3.0
1929.0	7.0
1930.0	4.0
1931.0	8.0
1932.0	4.0
1933.0	6.0
1934.0	3.0
1935.0	6.0
1936.0	6.0
1937.0	3.0
1938.0	7.0
1939.0	2.0
1940.0	7.0
1941.0	7.0
1942.0	5.0
1943.0	4.0
1944.0	9.0
1946.0	4.0
1947.0	2.0
1948.0	2.0
1949.0	4.0
1950.0	3.0
1951.0	1.0
1952.0	5.0
1953.0	4.0
1954.0	4.0
1955.0	5.0
1956.0	9.0
1957.0	7.0
1958.0	8.0
1959.0	1.0
1960.0	5.0
1961.0	6.0
1962.0	2.0
1963.0	4.0
1964.0	2.0
1965.0	6.0
1966.0	6.0
1967.0	7.0
1968.0	5.0
1969.0	6.0
1970.0	5.0
1971.0	3.0
1972.0	4.0
1973.0	9.0
1974.0	8.0
1975.0	6.0
1976.0	4.0
1977.0	5.0
1978.0	10.0
1979.0	6.0
1980.0	7.0
1981.0	3.0
1982.0	5.0
1983.0	7.0
1984.0	8.0
1985.0	8.0
1986.0	4.0
1987.0	4.0
1988.0	3.0
1989.0	2.0
1990.0	7.0
1991.0	4.0
1992.0	3.0
1993.0	3.0
1994.0	3.0
1995.0	1.0
1996.0	2.0
1997.0	3.0
1998.0	2.0
1999.0	5.0
2000.0	7.0
2001.0	4.0
2002.0	5.0
2004.0	5.0
2005.0	7.0
2006.0	4.0
2007.0	6.0
2008.0	4.0
2009.0	6.0
2010.0	6.0
2011.0	4.0
2012.0	6.0
2013.0	5.0
2014.0	6.0
2015.0	1.0
2016.0	5.0
2017.0	2.0
2018.0	5.0
2019.0	9.0
2020.0	3.0
2021.0	4.0
2022.0	5.0
2023.0	6.0
2024.0	6.0
2025.0	9.0
2026.0	9.0
2027.0	5.0
2028.0	8.0
2029.0	4.0
2030.0	14.0
2031.0	8.0
2032.0	8.0
2033.0	4.0
2034.0	3.0
2035.0	10.0
2036.0	5.0
2037.0	8.0
2038.0	6.0
2039.0	9.0
2040.0	9.0
2041.0	8.0
2042.0	4.0
2043.0	6.0
2044.0	8.0
2045.0	9.0
2046.0	7.0
2047.0	5.0
2048.0	5.0
2049.0	5.0
2050.0	3.0
2051.0	8.0
2052.0	7.0
2053.0	4.0
2054.0	2.0
2055.0	4.0
2056.0	4.0
2057.0	3.0
2058.0	6.0
2059.0	5.0
2060.0	8.0
2061.0	8.0
2062.0	4.0
2063.0	5.0
2064.0	10.0
2065.0	8.0
2066.0	7.0
2067.0	8.0
2068.0	6.0
2069.0	9.0
2070.0	7.0
2071.0	11.0
2072.0	12.0
2073.0	10.0
2074.0	4.0
2075.0	8.0
2076.0	6.0
2077.0	6.0
2078.0	16.0
2079.0	7.0
2080.0	5.0
2081.0	11.0
2082.0	10.0
2083.0	6.0
2084.0	5.0
2085.0	12.0
2086.0	3.0
2087.0	10.0
2088.0	7.0
2089.0	7.0
2090.0	5.0
2091.0	6.0
2092.0	5.0
2093.0	7.0
2094.0	3.0
2095.0	5.0
2096.0	5.0
2097.0	6.0
2098.0	8.0
2099.0	3.0
2100.0	8.0
2101.0	7.0
2102.0	4.0
2103.0	4.0
2104.0	4.0
2105.0	7.0
2106.0	2.0
2107.0	4.0
2108.0	5.0
2109.0	5.0
2110.0	4.0
2111.0	4.0
2112.0	2.0
2113.0	5.0
2114.0	1.0
2115.0	6.0
2116.0	9.0
2117.0	3.0
2118.0	5.0
2119.0	5.0
2120.0	7.0
2121.0	5.0
2122.0	1.0
2123.0	7.0
2124.0	3.0
2125.0	8.0
2126.0	6.0
2127.0	6.0
2128.0	2.0
2129.0	5.0
2130.0	6.0
2131.0	6.0
2132.0	4.0
2133.0	3.0
2134.0	5.0
2135.0	4.0
2136.0	4.0
2137.0	4.0
2138.0	7.0
2139.0	3.0
2140.0	2.0
2141.0	6.0
2142.0	4.0
2143.0	5.0
2144.0	7.0
2145.0	5.0
2146.0	3.0
2147.0	3.0
2148.0	4.0
2149.0	4.0
2150.0	1.0
2151.0	3.0
2152.0	4.0
2153.0	6.0
2154.0	2.0
2155.0	6.0
2156.0	7.0
2157.0	9.0
2158.0	3.0
2159.0	6.0
2160.0	3.0
2161.0	3.0
2162.0	4.0
2163.0	2.0
2164.0	7.0
2165.0	5.0
2166.0	3.0
2167.0	6.0
2168.0	5.0
2169.0	7.0
2170.0	6.0
2171.0	3.0
2172.0	3.0
2173.0	3.0
2174.0	7.0
2175.0	6.0
2176.0	2.0
2177.0	9.0
2178.0	3.0
2179.0	9.0
2180.0	7.0
2181.0	3.0
2182.0	5.0
2183.0	2.0
2184.0	2.0
2185.0	8.0
2186.0	5.0
2187.0	10.0
2188.0	5.0
2189.0	4.0
2190.0	6.0
2191.0	4.0
2192.0	5.0
2193.0	5.0
2194.0	2.0
2195.0	9.0
2196.0	7.0
2197.0	3.0
2198.0	7.0
2199.0	7.0
2200.0	5.0
2201.0	3.0
2202.0	6.0
2203.0	5.0
2204.0	5.0
2205.0	3.0
2206.0	5.0
2207.0	5.0
2208.0	6.0
2209.0	5.0
2210.0	8.0
2211.0	9.0
2212.0	2.0
2213.0	6.0
2214.0	8.0
2215.0	4.0
2216.0	8.0
2217.0	9.0
2218.0	5.0
2219.0	8.0
2220.0	7.0
2221.0	7.0
2222.0	3.0
2223.0	5.0
2224.0	3.0
2225.0	11.0
2226.0	7.0
2227.0	2.0
2228.0	3.0
2229.0	5.0
2230.0	2.0
2231.0	6.0
2232.0	8.0
2233.0	7.0
2234.0	8.0
2235.0	4.0
2236.0	5.0
2237.0	4.0
2238.0	4.0
2239.0	5.0
2240.0	5.0
2241.0	3.0
2242.0	4.0
2243.0	6.0
2244.0	5.0
2246.0	2.0
2247.0	8.0
2248.0	3.0
2249.0	2.0
2250.0	7.0
2251.0	7.0
2252.0	5.0
2253.0	5.0
2254.0	3.0
2255.0	2.0
2256.0	7.0
2257.0	2.0
2258.0	7.0
2259.0	6.0
2260.0	4.0
2261.0	7.0
2262.0	10.0
2263.0	4.0
2264.0	3.0
2265.0	7.0
2266.0	8.0
2267.0	7.0
2268.0	14.0
2269.0	11.0
2270.0	6.0
2271.0	7.0
2272.0	3.0
2273.0	9.0
2274.0	3.0
2275.0	4.0
2276.0	8.0
2277.0	2.0
2278.0	6.0
2279.0	2.0
2280.0	3.0
2281.0	5.0
2282.0	3.0
2283.0	3.0
2284.0	4.0
2285.0	3.0
2286.0	2.0
2287.0	2.0
2288.0	2.0
2289.0	4.0
2290.0	4.0
2291.0	5.0
2292.0	3.0
2293.0	2.0
2294.0	3.0
2295.0	1.0
2296.0	6.0
2297.0	5.0
2298.0	3.0
2299.0	3.0
2300.0	6.0
2301.0	6.0
2302.0	4.0
2303.0	4.0
2304.0	2.0
2305.0	5.0
2306.0	5.0
2307.0	6.0
2308.0	3.0
2309.0	5.0
2310.0	5.0
2311.0	2.0
2312.0	3.0
2313.0	3.0
2314.0	5.0
2315.0	5.0
2316.0	3.0
2317.0	7.0
2318.0	4.0
2319.0	4.0
2320.0	8.0
2321.0	4.0
2322.0	3.0
2323.0	6.0
2324.0	2.0
2325.0	5.0
2326.0	3.0
2327.0	8.0
2328.0	5.0
2329.0	6.0
2330.0	3.0
2331.0	3.0
2332.0	3.0
2333.0	1.0
2334.0	1.0
2335.0	1.0
2336.0	4.0
2337.0	3.0
2338.0	8.0
2339.0	4.0
2340.0	2.0
2341.0	4.0
2342.0	3.0
2344.0	1.0
2345.0	3.0
2346.0	4.0
2347.0	3.0
2348.0	3.0
2349.0	4.0
2350.0	3.0
2351.0	4.0
2352.0	2.0
2353.0	3.0
2354.0	2.0
2355.0	3.0
2356.0	2.0
2357.0	5.0
2358.0	1.0
2359.0	4.0
2360.0	1.0
2361.0	4.0
2362.0	4.0
2363.0	2.0
2364.0	1.0
2365.0	1.0
2366.0	3.0
2367.0	5.0
2368.0	2.0
2369.0	2.0
2371.0	1.0
2372.0	1.0
2373.0	5.0
2374.0	3.0
2375.0	2.0
2376.0	5.0
2377.0	6.0
2378.0	6.0
2379.0	4.0
2380.0	3.0
2382.0	7.0
2383.0	1.0
2384.0	3.0
2385.0	1.0
2386.0	1.0
2387.0	7.0
2388.0	3.0
2389.0	3.0
2390.0	1.0
2391.0	3.0
2392.0	1.0
2393.0	2.0
2394.0	1.0
2396.0	4.0
2397.0	2.0
2398.0	1.0
2399.0	1.0
2402.0	2.0
2403.0	2.0
2404.0	3.0
2405.0	1.0
2406.0	2.0
2407.0	2.0
2408.0	3.0
2409.0	1.0
2410.0	1.0
2411.0	3.0
2412.0	3.0
2413.0	2.0
2414.0	2.0
2415.0	2.0
2416.0	2.0
2417.0	1.0
2418.0	2.0
2419.0	2.0
2420.0	1.0
2423.0	2.0
2424.0	1.0
2425.0	5.0
2427.0	2.0
2428.0	1.0
2429.0	2.0
2430.0	6.0
2431.0	3.0
2432.0	7.0
2433.0	4.0
2434.0	3.0
2435.0	1.0
2436.0	2.0
2437.0	2.0
2438.0	2.0
2439.0	4.0
2440.0	6.0
2441.0	4.0
2442.0	3.0
2443.0	5.0
2445.0	3.0
2446.0	3.0
2447.0	1.0
2448.0	2.0
2449.0	1.0
2450.0	4.0
2451.0	2.0
2452.0	3.0
2453.0	2.0
2454.0	5.0
2455.0	1.0
2456.0	2.0
2457.0	3.0
2458.0	2.0
2459.0	4.0
2460.0	3.0
2461.0	2.0
2462.0	2.0
2463.0	2.0
2464.0	4.0
2465.0	4.0
2466.0	2.0
2467.0	1.0
2468.0	2.0
2469.0	1.0
2470.0	2.0
2471.0	2.0
2472.0	2.0
2473.0	4.0
2474.0	3.0
2475.0	1.0
2477.0	3.0
2478.0	1.0
2479.0	3.0
2481.0	3.0
2482.0	2.0
2483.0	1.0
2484.0	2.0
2485.0	3.0
2486.0	1.0
2487.0	1.0
2489.0	4.0
2490.0	1.0
2491.0	2.0
2493.0	2.0
2495.0	1.0
2497.0	2.0
2499.0	2.0
2500.0	2.0
2501.0	1.0
2502.0	1.0
2503.0	3.0
2504.0	1.0
2505.0	1.0
2506.0	7.0
2507.0	1.0
2508.0	1.0
2510.0	2.0
2513.0	3.0
2514.0	3.0
2515.0	3.0
2516.0	2.0
2518.0	1.0
2519.0	2.0
2520.0	1.0
2521.0	1.0
2525.0	1.0
2526.0	1.0
2528.0	3.0
2529.0	1.0
2530.0	4.0
2531.0	3.0
2532.0	1.0
2533.0	1.0
2534.0	4.0
2535.0	2.0
2537.0	2.0
2538.0	3.0
2539.0	3.0
2540.0	2.0
2541.0	2.0
2542.0	2.0
2543.0	1.0
2544.0	3.0
2546.0	4.0
2547.0	1.0
2548.0	1.0
2549.0	2.0
2550.0	3.0
2552.0	4.0
2553.0	1.0
2556.0	1.0
2557.0	1.0
2558.0	2.0
2559.0	2.0
2560.0	2.0
2563.0	1.0
2564.0	1.0
2565.0	3.0
2566.0	2.0
2567.0	1.0
2568.0	1.0
2569.0	3.0
2570.0	1.0
2571.0	4.0
2573.0	3.0
2576.0	1.0
2578.0	1.0
2579.0	1.0
2580.0	1.0
2582.0	1.0
2583.0	1.0
2585.0	1.0
2586.0	1.0
2587.0	1.0
2588.0	1.0
2589.0	1.0
2590.0	1.0
2591.0	2.0
2592.0	1.0
2593.0	1.0
2597.0	2.0
2598.0	3.0
2599.0	1.0
2600.0	3.0
2602.0	1.0
2604.0	2.0
2605.0	2.0
2608.0	1.0
2609.0	1.0
2610.0	2.0
2611.0	2.0
2612.0	2.0
2614.0	1.0
2615.0	1.0
2617.0	1.0
2619.0	3.0
2620.0	1.0
2621.0	2.0
2622.0	3.0
2624.0	2.0
2625.0	1.0
2628.0	2.0
2629.0	2.0
2631.0	1.0
2632.0	2.0
2634.0	2.0
2636.0	4.0
2639.0	1.0
2640.0	1.0
2641.0	2.0
2643.0	2.0
2644.0	1.0
2645.0	1.0
2646.0	1.0
2647.0	2.0
2648.0	2.0
2649.0	1.0
2650.0	1.0
2651.0	1.0
2653.0	2.0
2654.0	1.0
2655.0	1.0
2657.0	2.0
2658.0	1.0
2659.0	1.0
2661.0	1.0
2663.0	2.0
2664.0	1.0
2667.0	1.0
2671.0	1.0
2672.0	2.0
2673.0	1.0
2674.0	1.0
2677.0	2.0
2678.0	1.0
2679.0	1.0
2680.0	3.0
2681.0	3.0
2684.0	1.0
2685.0	1.0
2686.0	2.0
2688.0	1.0
2689.0	4.0
2693.0	3.0
2694.0	1.0
2695.0	1.0
2700.0	1.0
2701.0	1.0
2704.0	2.0
2706.0	3.0
2707.0	1.0
2708.0	1.0
2710.0	1.0
2711.0	1.0
2717.0	1.0
2724.0	1.0
2726.0	1.0
2727.0	1.0
2729.0	1.0
2730.0	1.0
2732.0	1.0
2733.0	1.0
2738.0	1.0
2739.0	1.0
2740.0	1.0
2741.0	1.0
2742.0	2.0
2743.0	1.0
2746.0	2.0
2747.0	1.0
2749.0	1.0
2752.0	1.0
2758.0	1.0
2761.0	1.0
2762.0	1.0
2763.0	1.0
2768.0	2.0
2769.0	1.0
2770.0	1.0
2771.0	1.0
2774.0	1.0
2775.0	1.0
2779.0	1.0
2781.0	1.0
2782.0	2.0
2784.0	1.0
2789.0	2.0
2790.0	1.0
2791.0	1.0
2795.0	1.0
2797.0	1.0
2800.0	1.0
2802.0	2.0
2806.0	1.0
2807.0	2.0
2808.0	1.0
2813.0	1.0
2814.0	1.0
2815.0	1.0
2816.0	1.0
2818.0	2.0
2819.0	1.0
2820.0	2.0
2821.0	3.0
2822.0	1.0
2823.0	2.0
2825.0	2.0
2830.0	1.0
2831.0	1.0
2832.0	1.0
2833.0	2.0
2834.0	1.0
2835.0	1.0
2836.0	1.0
2838.0	2.0
2839.0	2.0
2840.0	1.0
2841.0	1.0
2842.0	1.0
2844.0	1.0
2845.0	2.0
2847.0	2.0
2849.0	3.0
2850.0	2.0
2851.0	1.0
2852.0	6.0
2853.0	3.0
2854.0	1.0
2855.0	3.0
2857.0	1.0
2859.0	2.0
2860.0	3.0
2861.0	1.0
2862.0	1.0
2864.0	3.0
2865.0	2.0
2866.0	1.0
2868.0	1.0
2869.0	1.0
2871.0	3.0
2872.0	1.0
2874.0	1.0
2875.0	3.0
2876.0	3.0
2878.0	1.0
2879.0	5.0
2880.0	3.0
2882.0	1.0
2883.0	1.0
2884.0	3.0
2885.0	2.0
2886.0	4.0
2887.0	1.0
2888.0	1.0
2889.0	1.0
2891.0	3.0
2892.0	1.0
2893.0	3.0
2894.0	2.0
2895.0	1.0
2896.0	2.0
2899.0	2.0
2900.0	1.0
2901.0	2.0
2903.0	2.0
2904.0	1.0
2907.0	1.0
2908.0	1.0
2909.0	1.0
2910.0	3.0
2911.0	2.0
2912.0	2.0
2916.0	2.0
2917.0	1.0
2918.0	1.0
2920.0	1.0
2923.0	2.0
2926.0	2.0
2928.0	1.0
2929.0	1.0
2931.0	2.0
2932.0	1.0
2933.0	2.0
2934.0	3.0
2935.0	1.0
2936.0	2.0
2937.0	2.0
2941.0	1.0
2945.0	2.0
2946.0	2.0
2950.0	1.0
2953.0	1.0
2956.0	1.0
2960.0	1.0
2961.0	2.0
2962.0	1.0
2963.0	2.0
2967.0	2.0
2968.0	2.0
2969.0	1.0
2970.0	1.0
2972.0	3.0
2973.0	1.0
2976.0	1.0
2977.0	1.0
2979.0	1.0
2981.0	1.0
2982.0	1.0
2983.0	1.0
2984.0	1.0
2986.0	1.0
2987.0	1.0
2988.0	1.0
2989.0	1.0
2991.0	2.0
2993.0	3.0
2996.0	1.0
2998.0	2.0
3002.0	2.0
3003.0	1.0
3004.0	1.0
3005.0	2.0
3007.0	1.0
3013.0	1.0
3014.0	1.0
3015.0	1.0
3016.0	1.0
3021.0	1.0
3022.0	2.0
3025.0	1.0
3027.0	2.0
3031.0	1.0
3034.0	1.0
3037.0	2.0
3039.0	1.0
3043.0	1.0
3045.0	1.0
3048.0	1.0
3049.0	1.0
3052.0	2.0
3053.0	1.0
3055.0	2.0
3057.0	1.0
3058.0	1.0
3063.0	1.0
3065.0	1.0
3066.0	3.0
3067.0	1.0
3069.0	3.0
3071.0	1.0
3073.0	2.0
3077.0	3.0
3080.0	2.0
3081.0	1.0
3082.0	1.0
3085.0	2.0
3086.0	1.0
3087.0	3.0
3089.0	1.0
3090.0	3.0
3092.0	1.0
3095.0	1.0
3102.0	2.0
3103.0	1.0
3104.0	1.0
3105.0	1.0
3107.0	1.0
3111.0	1.0
3113.0	1.0
3114.0	1.0
3116.0	1.0
3118.0	1.0
3120.0	1.0
3126.0	1.0
3128.0	2.0
3130.0	2.0
3132.0	1.0
3136.0	2.0
3138.0	1.0
3139.0	2.0
3144.0	1.0
3146.0	1.0
3148.0	1.0
3150.0	2.0
3152.0	1.0
3154.0	3.0
3155.0	1.0
3158.0	1.0
3161.0	1.0
3166.0	1.0
3171.0	1.0
3172.0	1.0
3174.0	1.0
3176.0	2.0
3177.0	1.0
3181.0	1.0
3182.0	1.0
3183.0	2.0
3185.0	1.0
3187.0	2.0
3188.0	2.0
3191.0	1.0
3193.0	1.0
3196.0	1.0
3200.0	1.0
3201.0	1.0
3202.0	1.0
3203.0	1.0
3204.0	1.0
3206.0	1.0
3208.0	3.0
3213.0	3.0
3214.0	2.0
3215.0	2.0
3216.0	3.0
3218.0	2.0
3219.0	1.0
3220.0	3.0
3222.0	2.0
3223.0	1.0
3224.0	1.0
3225.0	2.0
3226.0	1.0
3227.0	1.0
3229.0	2.0
3231.0	1.0
3235.0	1.0
3236.0	1.0
3240.0	2.0
3242.0	1.0
3245.0	1.0
3258.0	1.0
3264.0	2.0
3265.0	3.0
3266.0	1.0
3267.0	1.0
3268.0	1.0
3269.0	1.0
3273.0	1.0
3275.0	1.0
3280.0	1.0
3282.0	1.0
3285.0	3.0
3288.0	1.0
3289.0	1.0
3291.0	1.0
3299.0	2.0
3302.0	1.0
3303.0	1.0
3304.0	1.0
3305.0	2.0
3306.0	1.0
3311.0	1.0
3313.0	3.0
3314.0	2.0
3315.0	2.0
3316.0	2.0
3317.0	1.0
3319.0	1.0
3320.0	1.0
3321.0	1.0
3322.0	1.0
3326.0	2.0
3327.0	1.0
3331.0	2.0
3332.0	2.0
3333.0	2.0
3334.0	1.0
3335.0	2.0
3337.0	1.0
3340.0	1.0
3341.0	1.0
3343.0	1.0
3345.0	2.0
3346.0	1.0
3353.0	1.0
3355.0	1.0
3357.0	1.0
3358.0	1.0
3360.0	3.0
3361.0	1.0
3363.0	1.0
3364.0	3.0
3366.0	1.0
3368.0	1.0
3371.0	2.0
3372.0	1.0
3373.0	1.0
3379.0	1.0
3382.0	1.0
3383.0	1.0
3384.0	1.0
3385.0	1.0
3387.0	1.0
3389.0	2.0
3390.0	1.0
3391.0	1.0
3392.0	1.0
3394.0	1.0
3395.0	2.0
3396.0	2.0
3397.0	2.0
3402.0	3.0
3403.0	1.0
3404.0	2.0
3411.0	1.0
3413.0	2.0
3414.0	1.0
3417.0	1.0
3418.0	1.0
3419.0	4.0
3420.0	1.0
3421.0	1.0
3423.0	1.0
3425.0	1.0
3426.0	1.0
3427.0	1.0
3429.0	1.0
3432.0	1.0
3438.0	1.0
3439.0	1.0
3440.0	1.0
3441.0	1.0
3444.0	1.0
3446.0	1.0
3448.0	2.0
3449.0	2.0
3450.0	1.0
3451.0	2.0
3455.0	2.0
3457.0	1.0
3459.0	1.0
3460.0	1.0
3461.0	1.0
3462.0	1.0
3464.0	1.0
3465.0	1.0
3468.0	2.0
3469.0	1.0
3470.0	1.0
3473.0	1.0
3474.0	1.0
3475.0	2.0
3476.0	1.0
3477.0	1.0
3478.0	1.0
3480.0	1.0
3481.0	1.0
3482.0	1.0
3483.0	1.0
3485.0	1.0
3487.0	1.0
3488.0	1.0
3490.0	1.0
3493.0	1.0
3494.0	1.0
3495.0	1.0
3496.0	1.0
3497.0	1.0
3498.0	1.0
3499.0	1.0
3501.0	1.0
3502.0	3.0
3504.0	3.0
3506.0	1.0
3510.0	1.0
3511.0	1.0
3513.0	1.0
3515.0	1.0
3518.0	1.0
3521.0	1.0
3523.0	2.0
3525.0	2.0
3528.0	3.0
3529.0	1.0
3531.0	1.0
3533.0	1.0
3534.0	1.0
3535.0	1.0
3536.0	3.0
3537.0	2.0
3538.0	2.0
3539.0	3.0
3548.0	2.0
3551.0	1.0
3552.0	1.0
3554.0	2.0
3556.0	2.0
3557.0	1.0
3558.0	2.0
3561.0	1.0
3564.0	1.0
3566.0	1.0
3567.0	2.0
3568.0	1.0
3570.0	2.0
3571.0	2.0
3574.0	2.0
3577.0	1.0
3578.0	1.0
3583.0	1.0
3584.0	1.0
3586.0	1.0
3595.0	1.0
3596.0	1.0
3601.0	1.0
3609.0	1.0
3611.0	2.0
3615.0	2.0
3619.0	1.0
3621.0	1.0
3622.0	1.0
3623.0	1.0
3626.0	1.0
3628.0	1.0
3629.0	1.0
3630.0	1.0
3631.0	1.0
3636.0	1.0
3637.0	1.0
3638.0	1.0
3639.0	1.0
3640.0	2.0
3641.0	1.0
3645.0	1.0
3647.0	1.0
3649.0	1.0
3656.0	2.0
3657.0	1.0
3660.0	1.0
3661.0	1.0
3665.0	2.0
3669.0	1.0
3670.0	1.0
3673.0	2.0
3675.0	1.0
3679.0	1.0
3680.0	3.0
3684.0	3.0
3691.0	1.0
3693.0	2.0
3695.0	2.0
3696.0	2.0
3697.0	1.0
3700.0	1.0
3702.0	1.0
3703.0	1.0
3704.0	1.0
3709.0	1.0
3710.0	1.0
3711.0	1.0
3713.0	1.0
3714.0	1.0
3717.0	1.0
3720.0	1.0
3722.0	1.0
3724.0	1.0
3726.0	1.0
3731.0	1.0
3732.0	1.0
3733.0	3.0
3734.0	1.0
3735.0	1.0
3738.0	2.0
3739.0	1.0
3740.0	1.0
3744.0	1.0
3749.0	1.0
3752.0	1.0
3753.0	1.0
3754.0	1.0
3755.0	2.0
3757.0	1.0
3761.0	2.0
3764.0	1.0
3769.0	1.0
3770.0	1.0
3771.0	1.0
3772.0	2.0
3774.0	1.0
3776.0	2.0
3779.0	1.0
3780.0	1.0
3783.0	1.0
3784.0	2.0
3786.0	1.0
3787.0	4.0
3789.0	1.0
3793.0	3.0
3794.0	1.0
3799.0	1.0
3801.0	2.0
3802.0	1.0
3803.0	1.0
3805.0	3.0
3806.0	3.0
3808.0	1.0
3810.0	2.0
3811.0	3.0
3813.0	1.0
3814.0	2.0
3815.0	1.0
3819.0	1.0
3821.0	2.0
3822.0	2.0
3823.0	1.0
3824.0	1.0
3828.0	1.0
3829.0	2.0
3835.0	1.0
3839.0	1.0
3841.0	1.0
3845.0	1.0
3846.0	1.0
3847.0	1.0
3849.0	1.0
3851.0	1.0
3852.0	2.0
3853.0	1.0
3869.0	2.0
3875.0	1.0
3876.0	2.0
3879.0	2.0
3885.0	1.0
3886.0	1.0
3895.0	2.0
3898.0	1.0
3899.0	2.0
3900.0	2.0
3901.0	1.0
3903.0	1.0
3904.0	2.0
3906.0	1.0
3908.0	2.0
3909.0	2.0
3911.0	1.0
3915.0	1.0
3916.0	1.0
3917.0	1.0
3918.0	1.0
3919.0	3.0
3920.0	2.0
3921.0	1.0
3924.0	1.0
3925.0	1.0
3927.0	1.0
3929.0	2.0
3932.0	1.0
3933.0	3.0
3935.0	1.0
3936.0	1.0
3938.0	1.0
3948.0	1.0
3949.0	1.0
3951.0	1.0
3953.0	1.0
3957.0	4.0
3961.0	2.0
3963.0	1.0
3964.0	1.0
3967.0	1.0
3969.0	2.0
3970.0	2.0
3971.0	1.0
3979.0	2.0
3980.0	1.0
3983.0	1.0
3984.0	1.0
3994.0	2.0
3997.0	1.0
4000.0	1.0
4002.0	1.0
4003.0	2.0
4005.0	1.0
4012.0	1.0
4013.0	1.0
4017.0	1.0
4018.0	1.0
4036.0	1.0
4037.0	1.0
4038.0	1.0
4044.0	1.0
4045.0	1.0
4048.0	2.0
4050.0	1.0
4052.0	2.0
4054.0	1.0
4060.0	1.0
4061.0	1.0
4062.0	1.0
4065.0	1.0
4066.0	1.0
4067.0	1.0
4068.0	1.0
4070.0	2.0
4072.0	2.0
4074.0	1.0
4077.0	1.0
4078.0	2.0
4080.0	1.0
4081.0	1.0
4082.0	1.0
4088.0	1.0
4089.0	2.0
4092.0	1.0
4093.0	1.0
4094.0	3.0
4096.0	1.0
4098.0	1.0
4099.0	2.0
4100.0	2.0
4102.0	1.0
4103.0	1.0
4108.0	1.0
4109.0	1.0
4110.0	2.0
4111.0	2.0
4112.0	1.0
4118.0	2.0
4122.0	1.0
4124.0	1.0
4125.0	1.0
4127.0	1.0
4129.0	1.0
4134.0	1.0
4138.0	1.0
4140.0	1.0
4141.0	1.0
4142.0	1.0
4146.0	1.0
4147.0	1.0
4149.0	2.0
4156.0	1.0
4158.0	1.0
4159.0	1.0
4160.0	1.0
4161.0	1.0
4163.0	1.0
4164.0	1.0
4166.0	1.0
4167.0	3.0
4168.0	1.0
4171.0	1.0
4173.0	2.0
4174.0	1.0
4177.0	1.0
4179.0	2.0
4180.0	2.0
4185.0	1.0
4186.0	1.0
4187.0	2.0
4188.0	1.0
4189.0	1.0
4191.0	1.0
4192.0	1.0
4195.0	1.0
4200.0	2.0
4201.0	1.0
4205.0	3.0
4208.0	2.0
4209.0	1.0
4210.0	1.0
4212.0	1.0
4213.0	1.0
4218.0	1.0
4223.0	1.0
4224.0	1.0
4225.0	1.0
4237.0	1.0
4239.0	1.0
4240.0	1.0
4242.0	1.0
4243.0	1.0
4247.0	1.0
4251.0	1.0
4253.0	1.0
4254.0	1.0
4258.0	1.0
4260.0	1.0
4264.0	1.0
4266.0	1.0
4267.0	1.0
4271.0	1.0
4280.0	1.0
4281.0	2.0
4285.0	1.0
4288.0	2.0
4290.0	1.0
4293.0	1.0
4295.0	2.0
4308.0	1.0
4312.0	1.0
4314.0	1.0
4315.0	2.0
4321.0	1.0
4329.0	1.0
4331.0	1.0
4332.0	3.0
4333.0	3.0
4337.0	2.0
4338.0	1.0
4339.0	1.0
4347.0	2.0
4348.0	1.0
4349.0	1.0
4350.0	1.0
4352.0	1.0
4353.0	1.0
4354.0	1.0
4359.0	1.0
4364.0	1.0
4365.0	2.0
4366.0	1.0
4367.0	1.0
4368.0	1.0
4373.0	1.0
4377.0	1.0
4378.0	1.0
4383.0	1.0
4386.0	1.0
4388.0	1.0
4389.0	1.0
4390.0	2.0
4391.0	1.0
4393.0	1.0
4394.0	2.0
4403.0	1.0
4404.0	1.0
4406.0	1.0
4408.0	1.0
4409.0	2.0
4410.0	1.0
4413.0	1.0
4414.0	1.0
4415.0	3.0
4417.0	1.0
4421.0	1.0
4422.0	1.0
4423.0	2.0
4424.0	1.0
4426.0	1.0
4429.0	1.0
4430.0	2.0
4433.0	1.0
4434.0	1.0
4435.0	1.0
4437.0	2.0
4441.0	2.0
4446.0	1.0
4447.0	1.0
4448.0	1.0
4450.0	1.0
4451.0	2.0
4452.0	1.0
4453.0	1.0
4456.0	1.0
4459.0	1.0
4462.0	2.0
4467.0	1.0
4468.0	1.0
4474.0	2.0
4478.0	1.0
4482.0	1.0
4485.0	1.0
4489.0	1.0
4495.0	1.0
4500.0	1.0
4506.0	1.0
4513.0	1.0
4523.0	1.0
4527.0	1.0
4529.0	1.0
4532.0	1.0
4534.0	1.0
4540.0	1.0
4547.0	1.0
4582.0	1.0
4585.0	2.0
4589.0	1.0
4590.0	1.0
4592.0	1.0
4595.0	1.0
4597.0	1.0
4598.0	1.0
4600.0	1.0
4601.0	1.0
4612.0	1.0
4614.0	1.0
4621.0	1.0
4628.0	1.0
4632.0	1.0
4650.0	1.0
4654.0	1.0
4687.0	1.0
4706.0	1.0
4714.0	1.0
4727.0	1.0
4745.0	1.0
4761.0	1.0
4762.0	1.0
4764.0	1.0
4773.0	1.0
4776.0	1.0
4782.0	1.0
4808.0	1.0
4822.0	1.0
4823.0	1.0
4828.0	1.0
4834.0	1.0
4865.0	1.0
4897.0	1.0
4902.0	1.0
4923.0	1.0
4930.0	1.0
4965.0	1.0
4970.0	1.0
4974.0	2.0
4975.0	1.0
4977.0	1.0
4979.0	1.0
4987.0	1.0
5013.0	1.0
5014.0	1.0
5021.0	1.0
5025.0	1.0
5051.0	1.0
5058.0	1.0
5068.0	1.0
5098.0	1.0
5118.0	1.0
5123.0	1.0
5134.0	1.0
5154.0	1.0
5171.0	1.0
5172.0	2.0
5174.0	1.0
5175.0	1.0
5180.0	1.0
5184.0	1.0
5186.0	1.0
5191.0	1.0
5197.0	1.0
5202.0	1.0
5210.0	1.0
5215.0	1.0
5225.0	1.0
5229.0	1.0
5245.0	1.0
5248.0	1.0
5250.0	1.0
5265.0	2.0
5270.0	1.0
5276.0	1.0
5278.0	1.0
5280.0	1.0
5283.0	1.0
5290.0	1.0
5320.0	1.0
5338.0	1.0
5371.0	1.0
5499.0	1.0
5545.0	1.0
5561.0	1.0
5620.0	1.0
5653.0	1.0
5658.0	1.0
5716.0	1.0
5783.0	1.0
5815.0	1.0
5847.0	1.0
5865.0	1.0
5934.0	1.0
5974.0	1.0
5996.0	1.0
6021.0	1.0
6049.0	1.0
6143.0	1.0
6185.0	1.0
6255.0	1.0
6270.0	1.0
6294.0	1.0
6304.0	1.0
6337.0	1.0
6422.0	1.0
6451.0	1.0
6459.0	1.0
6463.0	1.0
6467.0	1.0
6579.0	1.0
6585.0	1.0
6609.0	1.0
6618.0	1.0
6643.0	1.0
6644.0	1.0
6668.0	1.0
6713.0	1.0
6751.0	1.0
6768.0	1.0
6794.0	1.0
6822.0	1.0
6831.0	1.0
6837.0	1.0
6869.0	1.0
6872.0	1.0
6887.0	1.0
6893.0	1.0
6915.0	1.0
6921.0	1.0
6950.0	1.0
6954.0	1.0
7025.0	1.0
7028.0	1.0
7040.0	1.0
7068.0	1.0
7128.0	1.0
7146.0	1.0
7148.0	1.0
7153.0	1.0
7178.0	1.0
7224.0	1.0
7250.0	1.0
7279.0	1.0
7312.0	1.0
7314.0	1.0
7337.0	1.0
7342.0	1.0
7389.0	1.0
7390.0	1.0
7414.0	1.0
7456.0	1.0
7475.0	1.0
7478.0	1.0
7483.0	1.0
7489.0	1.0
7548.0	1.0
7568.0	1.0
7573.0	1.0
7589.0	1.0
7593.0	1.0
7606.0	1.0
7631.0	1.0
7639.0	1.0
7650.0	1.0
7654.0	2.0
7692.0	1.0
7709.0	1.0
7717.0	1.0
7740.0	1.0
7776.0	1.0
7779.0	1.0
7793.0	1.0
7803.0	1.0
7842.0	1.0
7853.0	2.0
7867.0	1.0
7872.0	1.0
7878.0	2.0
7880.0	1.0
7900.0	1.0
7904.0	1.0
7909.0	1.0
7933.0	1.0
7935.0	1.0
7949.0	1.0
7952.0	1.0
7954.0	2.0
7959.0	1.0
7971.0	1.0
7981.0	1.0
8004.0	1.0
8015.0	1.0
8016.0	1.0
8022.0	1.0
8026.0	1.0
8031.0	1.0
8032.0	1.0
8058.0	1.0
8064.0	2.0
8065.0	1.0
8066.0	1.0
8073.0	1.0
8078.0	1.0
8097.0	1.0
8147.0	1.0
8318.0	1.0
8323.0	1.0
8382.0	1.0
8428.0	1.0
8480.0	1.0
8525.0	1.0
8652.0	1.0
8690.0	1.0
8710.0	1.0
8767.0	1.0
9040.0	1.0
9101.0	1.0
9137.0	1.0
9152.0	1.0
9230.0	1.0
9232.0	1.0
9303.0	1.0
9356.0	1.0
9364.0	1.0
9379.0	1.0
9418.0	1.0
9463.0	1.0
9475.0	1.0
9493.0	1.0
9521.0	1.0
9540.0	1.0
9577.0	1.0
9608.0	1.0
9614.0	1.0
9636.0	1.0
9656.0	1.0
9704.0	1.0
9720.0	1.0
9776.0	1.0
9795.0	1.0
9808.0	1.0
9814.0	1.0
9819.0	1.0
9820.0	1.0
9824.0	1.0
9826.0	1.0
9861.0	1.0
9866.0	1.0
9885.0	1.0
9886.0	1.0
9912.0	1.0
9984.0	1.0
10015.0	1.0
10025.0	1.0
10038.0	1.0
10101.0	1.0
10123.0	1.0
10130.0	1.0
10145.0	1.0
10165.0	1.0
10171.0	1.0
10172.0	1.0
10182.0	1.0
10186.0	1.0
10208.0	2.0
10220.0	2.0
10222.0	1.0
10235.0	1.0
10244.0	1.0
10263.0	1.0
10268.0	1.0
10300.0	1.0
10310.0	1.0
10339.0	1.0
10379.0	1.0
10426.0	1.0
10492.0	1.0
10526.0	1.0
10545.0	1.0
10546.0	1.0
10570.0	1.0
10590.0	1.0
10661.0	1.0
10671.0	1.0
10681.0	1.0
10732.0	1.0
10739.0	1.0
10792.0	1.0
10793.0	1.0
10819.0	1.0
10821.0	1.0
10848.0	1.0
10860.0	1.0
10871.0	1.0
10874.0	1.0
10894.0	1.0
10911.0	1.0
10914.0	1.0
10918.0	1.0
10948.0	1.0
11129.0	1.0
11196.0	1.0
11214.0	1.0
11299.0	1.0
11404.0	1.0
11428.0	1.0
11466.0	1.0
11473.0	1.0
11479.0	1.0
11501.0	1.0
11536.0	1.0
11562.0	1.0
11590.0	1.0
11602.0	1.0
11613.0	1.0
11650.0	1.0
