#Position (bp)	insert size
470725.5	122.14892486261839
1412175.5	121.94865844862417
2353625.5	121.6769415848901
3295075.5	121.53329897039238
4236525.5	122.18839227915329
5177975.5	122.50295601338928
6119425.5	123.08013156467995
7060875.5	124.15860261538876
8002325.5	127.38447188130367
8943775.5	124.53366685753895
9885225.5	123.02614375095376
1.08266755E7	123.53559291654717
1.17681255E7	122.98026189965067
1.27095755E7	122.0602026049204
1.36510255E7	135.02769223023154
1.45924755E7	143.33579235980474
1.55339255E7	124.58981637469694
1.64753755E7	124.47342927939943
1.74168255E7	121.88060100920538
1.83582755E7	123.28386823967186
1.92997255E7	123.67268135165142
2.02411755E7	121.12678218907655
2.11815185E7	122.98163925131969
2.16522435E7	163.25714285714287
2.21240755E7	123.1438105861029
2.30655255E7	121.10809174061232
2.40069755E7	122.38398347595161
2.49484255E7	122.68229317706823
2.58898755E7	121.39487747464408
2.68313255E7	122.22128502788202
2.77727755E7	123.18550400447383
2.87142255E7	123.2344782469003
2.96556755E7	122.07848444825034
3.05971255E7	121.19681959920246
3.15385755E7	122.45539351459989
3.24800255E7	125.56660391149306
3.34214755E7	124.87691897018816
3.43629255E7	124.38445160497295
3.53043755E7	121.73324991515062
3.62458255E7	122.95787184471622
3.71872755E7	121.60466395870083
3.81287255E7	122.41885553848257
3.90701755E7	121.59754292863127
4.00116255E7	122.36313546814807
4.09530755E7	122.08331856597601
4.18945255E7	122.08002564503005
4.27621645E7	121.75651683293826
4.32328895E7	121.44546381243629
4.37774255E7	121.29661787184818
4.47188755E7	124.1683228344128
4.56603255E7	122.98397179475113
4.66017755E7	120.91418771736045
4.75432255E7	122.3752822300831
4.84846755E7	125.01756561501796
4.94261255E7	122.58902725590582
5.03675755E7	123.12094577384832
5.13090255E7	122.38853733708717
5.22504755E7	123.97510177419542
5.31919255E7	122.94722853180244
5.41333755E7	121.97164071916909
5.50748255E7	122.55770288255405
5.60162755E7	121.32543815793129
5.69577255E7	122.9119078195092
5.78991755E7	124.75711049684374
5.88406255E7	122.52946682291453
5.97820755E7	126.06138621735697
6.07235255E7	122.92932655137335
6.16649755E7	123.35671368085013
6.25183765E7	122.62420093669597
6.29891015E7	123.55708422452165
6.35478755E7	121.79392723416511
6.44893255E7	121.00381682158898
6.54307755E7	122.62672073949885
6.63722255E7	122.95860195065615
6.73136755E7	123.92282690491058
6.82551255E7	121.48345711174372
6.91965755E7	121.30968832910581
7.01380255E7	121.88435847051262
7.10794755E7	121.25140919048413
7.20209255E7	121.71089689884408
7.29623755E7	125.43423509615586
7.39038255E7	121.8213785999399
7.48452755E7	121.84369680913417
7.57867255E7	124.85853662043728
7.67281755E7	124.2479411721836
7.76696255E7	129.5348649680988
7.86110755E7	125.14065073431424
7.95525255E7	124.72271213382787
8.04939755E7	127.77373078110763
8.14354255E7	123.64463023988718
8.21123265E7	127.9954402675043
8.25830515E7	123.01096165366154
8.33183255E7	124.77318445911882
8.42597755E7	122.67487894930693
8.52012255E7	121.62547936652317
8.61426755E7	123.8079212609078
8.70841255E7	125.22785397677136
8.80255755E7	121.72093721144968
8.89670255E7	123.25627548468266
8.99084755E7	124.90679654715971
9.08499255E7	124.66315532350157
9.17913755E7	121.8114625246975
9.27328255E7	124.29305423777785
9.36742755E7	127.28906486902568
9.46157255E7	134.95651447927102
9.55571755E7	127.30995587004489
9.64654235E7	125.1420953678347
9.69361485E7	120.43438574830232
9.74400755E7	121.21002169591935
9.83815255E7	122.79395666568878
9.93229755E7	123.78263719797715
1.002644255E8	123.0675654601313
1.012058755E8	122.96616037618077
1.021473255E8	121.04024228522275
1.030887755E8	121.8786593313449
1.040302255E8	138.05602117335687
1.049716755E8	123.07459472159135
1.059131255E8	122.25323182874212
1.068545755E8	121.06035757579605
1.077960255E8	121.69316345248129
1.087374755E8	121.56457815489127
1.096789255E8	122.73958124266494
1.10575763E8	121.39728390561487
1.11046488E8	120.16817667044168
1.115618255E8	123.468244473342
1.125032755E8	124.66905669366365
1.134447255E8	121.40369257316449
1.143861755E8	123.81598389413628
1.153276255E8	122.69086499526517
1.162690755E8	123.38556621976987
1.172105255E8	121.49602869415403
1.181519755E8	121.35582192490826
1.190934255E8	123.80687164165793
1.200348755E8	120.98213781504352
1.209763255E8	123.21609001643559
1.219177755E8	121.64818930286668
1.228592255E8	122.19441890338719
1.238006755E8	122.95054864300027
1.24670665E8	122.2791262708466
1.2514139E8	125.01664230019493
1.256835755E8	121.38843248271769
1.266250255E8	123.42270038923618
1.275664755E8	122.65460321540309
1.285079255E8	124.46189896366047
1.294493755E8	122.25370013574462
1.303908255E8	122.4160352314481
1.313322755E8	123.8670665251875
1.322737255E8	123.62682429950239
1.332151755E8	123.79483819202996
1.341566255E8	122.73968261726705
1.350980755E8	125.54706110768764
1.360395255E8	124.61166422106166
1.369809755E8	122.87841790822777
1.379224255E8	121.84453610700723
1.385269295E8	121.44118153337693
1.389976545E8	122.38068836551096
1.398053255E8	122.06012918787907
1.407467755E8	123.14325080582202
1.416882255E8	121.59995990759028
1.426296755E8	121.59357296723789
1.435711255E8	122.47262675940516
1.445125755E8	122.39799336314206
1.454540255E8	121.45004264252444
1.463954755E8	122.46487817353498
1.473369255E8	122.07233827189594
1.482783755E8	123.06947262107356
1.492198255E8	122.18616737003114
1.501612755E8	127.40781691951659
1.50869654E8	135.71224030407026
1.51340379E8	128.36532667960446
1.520441755E8	124.84837359285916
1.529856255E8	129.46338298455635
1.539270755E8	131.3627781995445
1.548685255E8	124.96223327492011
1.558099755E8	126.03137146577748
1.567514255E8	127.84442537643933
1.576928755E8	126.6849524589473
1.586343255E8	127.41205269175566
1.595757755E8	134.30863460390222
1.605172255E8	137.72216568015642
1.614586755E8	132.72975930920967
1.624001255E8	138.51446229913472
1.62980695E8	139.0452373842938
1.6345142E8	121.19751917157534
1.642830255E8	122.64044401899783
1.652244755E8	125.30083715612926
1.661659255E8	122.8192649100767
1.671073755E8	122.61905980258817
1.680488255E8	122.9911913044152
1.689902755E8	125.1166664307052
1.699317255E8	127.63697366662211
1.708731755E8	125.03191962503848
1.718146255E8	121.19115417157457
1.727560755E8	122.47268432483264
1.736975255E8	123.27470817120623
1.745109635E8	122.65663442262202
1.749816885E8	123.01408228915933
1.755804255E8	121.32888854975424
1.765218755E8	121.75568495770817
1.774633255E8	122.32437524301014
1.784047755E8	122.23084738622424
1.793462255E8	122.00002688732195
1.802876755E8	122.82684548873284
1.812291255E8	123.56389177767873
1.821705755E8	123.07084047427512
1.831120255E8	121.53605816466889
1.840534755E8	121.05418879831711
1.849397025E8	121.50875563657296
1.854104275E8	130.57225964482546
1.859363755E8	122.14771722052785
1.868778255E8	125.2891436087753
1.878192755E8	123.30712508500025
1.887607255E8	122.55881484674823
1.897021755E8	123.44566204470357
1.906436255E8	124.08254446669707
1.915850755E8	125.62409575536242
1.925265255E8	129.27899224584394
1.934679755E8	129.69551766399732
1.944094255E8	123.75164580741375
1.95129994E8	121.74969563510807
1.95600719E8	128.0914760914761
1.962923255E8	129.48239564721766
1.972337755E8	138.19185083113848
1.981752255E8	139.72880293329786
1.991166755E8	140.5343435680254
2.000581255E8	125.47444097696851
2.009995755E8	123.05925161903812
2.019410255E8	122.1868363221553
2.028824755E8	121.77603097074984
2.038239255E8	121.62506625365685
2.047653755E8	122.42449107401397
2.05281456E8	121.70200982071486
2.05752181E8	122.84699853873909
2.066482755E8	126.862246257389
2.075897255E8	122.97939472480562
2.085311755E8	122.06193549258124
2.094726255E8	124.14490720759603
2.104140755E8	121.75530232119405
2.113555255E8	122.25380812156905
2.122969755E8	123.99473757764723
2.132384255E8	123.02480784153248
2.141798755E8	122.13320255990676
2.14757119E8	125.01400239960478
2.15227844E8	123.55730845130371
2.160627755E8	122.69981213359216
2.170042255E8	121.89228317811947
2.179456755E8	122.93560884154815
2.188871255E8	123.27210402847436
2.198285755E8	122.62844431095009
2.207700255E8	124.08598399081545
2.217114755E8	122.34973830413931
2.226529255E8	123.31232990312488
2.235943755E8	121.41757691368292
2.241609715E8	122.08216966071527
2.246316965E8	122.43960253211058
2.254772755E8	125.51031876920297
2.264187255E8	122.26057034319464
2.273601755E8	123.3859560576448
2.283016255E8	132.05319030556606
2.292430755E8	123.38550412572411
2.301845255E8	122.15391642652314
2.311259755E8	121.9723128582573
2.320674255E8	124.67199311184348
2.330088755E8	122.94985002153156
2.33512304E8	120.45177139901733
2.33983029E8	121.78136105568734
2.348917755E8	123.02583252829776
2.358332255E8	124.92346819544647
2.367746755E8	122.03718404300271
2.377161255E8	122.76061613849373
2.386575755E8	122.98030464600488
2.395990255E8	121.77114950529185
2.405404755E8	123.29860661784403
2.414819255E8	134.63798295636573
2.423860015E8	121.9486881750568
2.428567265E8	136.3711142158575
2.433648255E8	122.68739529948299
2.443062755E8	127.15898929684325
2.452477255E8	120.79042403611338
2.461891755E8	122.23032361303792
2.471306255E8	122.09883270742189
2.480720755E8	123.55196676567392
2.490135255E8	122.77842102461852
2.499549755E8	121.71862615587847
2.508964255E8	122.00039133041571
2.513853295E8	126.55623546689512
2.518560545E8	122.6868024211889
2.527793255E8	121.26713168996326
2.537207755E8	121.96073407202216
2.546622255E8	124.8945571100715
2.556036755E8	123.75653102057215
2.565451255E8	121.93377277958776
2.574865755E8	122.8137046122328
2.582367915E8	124.92471435132678
2.587075165E8	122.64938684503902
2.593694755E8	122.67221664695634
2.603109255E8	122.61821461532007
2.612523755E8	124.14786519456455
2.621938255E8	123.45940408997578
2.631352755E8	123.42222050489438
2.640767255E8	128.00615720676032
2.649058955E8	132.5011013524048
2.653766205E8	123.2206697615721
2.659596255E8	121.69419736963876
2.669010755E8	122.64357903966756
2.678425255E8	125.63107724580455
2.687839755E8	123.27774270191237
2.697254255E8	121.73772781797778
2.706668755E8	122.13796505439157
2.71474023E8	122.8797384750297
2.71944748E8	125.85772489467105
2.725497755E8	122.30209744729282
2.734912255E8	124.85810893610069
2.744326755E8	133.9728891203665
2.753741255E8	123.52702179687913
2.763155755E8	123.00098268084923
2.772570255E8	123.63731702754525
2.77928726E8	125.16738768718803
2.78399451E8	121.55098915294415
2.791399255E8	123.96422391829009
2.800813755E8	122.67787610619469
2.810228255E8	127.41687000158981
2.819642755E8	131.17302764817114
2.829057255E8	123.244183433961
2.836366105E8	122.25874310526933
2.841073355E8	136.684823554882
2.847886255E8	136.72117615732816
2.857300755E8	126.81998805128755
2.866715255E8	123.93415394443426
2.876129755E8	124.3451901518452
2.885544255E8	123.43274372282914
2.89342109E8	125.66037775154503
2.89812834E8	122.21551465739464
2.904373255E8	130.08072937486548
2.913787755E8	125.716046079315
2.923202255E8	125.25467103001513
2.932616755E8	122.16209806908478
2.942031255E8	130.8149327644068
2.950462245E8	123.1572482666497
2.955169495E8	125.93651596585521
2.960860255E8	122.20291327131282
2.970274755E8	121.58071768020261
2.979689255E8	122.98938606413468
2.989103755E8	124.30876979293545
2.998518255E8	122.88188523692568
3.006943635E8	122.51378403822584
3.011650885E8	122.81441168136283
3.017347255E8	121.84982516461231
3.026761755E8	122.42085118239125
3.036176255E8	131.52241602011924
3.045590755E8	129.5010642691489
3.055005255E8	130.03085072231138
3.062940285E8	137.52603250732747
3.067647535E8	121.93145950540786
3.073834255E8	124.73204074246419
3.083248755E8	123.20149451729401
3.092663255E8	123.76185685936566
3.102077755E8	124.68669865932127
3.111492255E8	123.17448473176889
3.116838385E8	128.2395412053305
3.121545635E8	134.6209013735353
3.130321255E8	132.9841940939248
3.139735755E8	121.92522371993056
3.149150255E8	122.38854736560418
3.158564755E8	120.65211226476315
3.16467897E8	121.98463278181168
3.16938622E8	122.37088157557656
3.177393755E8	121.70182583891196
3.186808255E8	121.78278584259095
3.196222755E8	122.47531593319363
3.205637255E8	121.63423792645104
3.212433895E8	123.19676767676768
3.217141145E8	121.83524834113973
3.224466255E8	122.6889038748809
3.233880755E8	123.76153065277839
3.243295255E8	121.61464355255015
3.252709755E8	123.3920338871741
3.259428095E8	123.12086895044669
3.264135345E8	124.26823482392074
3.271538755E8	122.82515220558025
3.280953255E8	123.39251974633794
3.290367755E8	122.2474610442865
3.296336095E8	125.06105326998888
3.301043345E8	123.75302266717893
3.309196755E8	123.75056595858557
3.318611255E8	126.08519450479034
3.32699089E8	121.93906798327484
3.33169814E8	122.56093637139668
3.337440255E8	123.81753409009781
3.346854755E8	122.76186567412184
3.356269255E8	122.20399743471387
3.3614339E8	124.77411047102677
3.36614115E8	135.8828946711282
3.375098255E8	124.76679338946839
3.384512755E8	126.26256204091933
3.390632475E8	122.26545793738704
3.395339725E8	122.57907016008964
3.403341755E8	122.35525383428337
3.412756255E8	122.1338259616545
3.41979007E8	122.10171286250122
3.42449732E8	123.15341217097998
3.431585255E8	123.16597168879622
3.440999755E8	122.45444134577704
3.448213995E8	122.13630453178857
3.452921245E8	123.22078195976638
3.459828755E8	121.58305971097454
3.469243255E8	125.01842594066763
3.475841435E8	129.6894800559722
3.480548685E8	126.698743292247
3.488072255E8	125.68303125609798
3.497486755E8	122.06822084634756
3.50295955E8	140.00984714873604
3.5076668E8	122.65880931991545
3.516315755E8	125.99209104667126
3.52460238E8	125.56189634011541
3.52930963E8	125.1521217410276
3.535144755E8	121.60831953335476
3.544559255E8	122.374614362917
3.54952101E8	135.403371320038
3.55422826E8	123.01477143265569
3.563388255E8	124.38532211644898
3.56872295E8	132.6532563891179
3.5734302E8	122.14912416355634
3.582217255E8	124.18760104464619
3.587365445E8	136.20081573896354
3.592072695E8	122.5788333945208
3.60069625E8	123.13876188874278
3.6054035E8	133.41540191118605
3.610460755E8	123.40479320162781
3.61587945E8	123.26453928998804
3.620367945E8	122.51025746730127
3.62436375E8	141.78846153846155
3.625559195E8	132.53620848708488
3.627609185E8	141.5857142857143
3.629578815E8	135.8366557572151
3.631360985E8	162.14362481680507
3.63307211E8	140.44138553537178
3.6339472E8	128.71428571428572
3.63472325E8	160.78498293515358
3.63606574E8	132.7682551883167
3.6372952E8	125.63760607414024
3.63851646E8	122.20215000617817
3.639688585E8	148.49666221628837
3.64078852E8	132.0409937888199
3.64181608E8	148.48958333333334
3.642724245E8	140.21342925659474
3.643276105E8	73.0
3.64367352E8	125.73913043478261
3.644312485E8	123.67212812960236
3.645060405E8	134.44313725490196
3.64579866E8	156.89808917197453
3.646529445E8	154.0566037735849
3.647232875E8	127.96893203883495
3.6479061E8	131.61256544502618
3.64856413E8	123.64401858304298
3.649210565E8	141.062
3.649845345E8	121.74733688415446
3.65045903E8	152.4781666150511
3.65104542E8	173.64107883817428
3.651614335E8	176.12987012987014
3.652177875E8	123.32583333333334
3.652642145E8	97.85714285714286
3.652918195E8	138.16666666666666
3.65328381E8	115.36781609195403
3.65383017E8	130.2228879568604
3.65437E8	162.59190031152647
3.654894715E8	107.6896551724138
3.655400855E8	132.36
3.655885265E8	134.09720176730485
3.656333805E8	141.74324324324326
3.65670954E8	148.46222553033124
3.657012785E8	119.7741116751269
3.659696625E8	136.9484275213881
3.666947755E8	137.52639324332972
3.67241192E8	134.91897387767872
3.67711917E8	134.9724743439801
3.68310776E8	142.59892794137605
3.68781501E8	133.08725377011328
3.69171261E8	128.13735819469287
3.69525295E8	135.6442663378545
3.698731595E8	140.06290400385913
3.70040548E8	138.5607448107448
3.702362955E8	134.87953151143336
3.705074745E8	143.19980608591885
3.707077425E8	125.659821774506
3.70840922E8	147.48872180451127
3.709156315E8	103.3102119460501
3.70964909E8	132.00634067705533
3.710464065E8	126.62913068508924
3.711396675E8	126.08915462941037
3.712278055E8	139.62244389027433
3.71309269E8	135.6862244897959
3.713828255E8	124.53227445997459
3.714523975E8	119.17372353673724
3.71520397E8	125.13841008489838
3.71586391E8	104.99692937563971
3.71651757E8	124.41293219577908
3.71716219E8	123.72332282755515
3.717794435E8	142.62164948453608
3.718411425E8	126.6079413216729
3.718720855E8	0.0
3.719016015E8	137.2397743300423
3.71959563E8	124.06814186743874
3.72017749E8	141.19451871657753
3.72075165E8	127.95019080136574
3.72131641E8	135.31491002570695
3.72187388E8	111.57803468208093
3.72242547E8	136.27468326780254
3.722974235E8	126.70439070204273
3.72352064E8	133.1960403726708
3.72406525E8	132.34832159138003
3.724607585E8	127.07902884145348
3.72514754E8	127.70551917680075
3.725683565E8	137.23374642516683
3.72621572E8	126.23612040133779
3.726742505E8	129.32822085889572
3.727265365E8	126.7246963562753
3.72778722E8	130.8389377749843
3.72809488E8	145.5036818851252
3.72835457E8	124.18202871699862
3.72882455E8	135.73713134273677
3.7293388E8	129.3832566697332
3.72984986E8	154.8846153846154
3.73035813E8	124.84074629351991
3.730859895E8	127.82615963226075
3.73135021E8	126.56869396656167
3.731829795E8	127.38166130942311
3.732302795E8	127.69465648854961
3.732774285E8	128.5207495289984
3.73324505E8	126.29210442534225
3.733714415E8	138.4366998577525
3.7341813E8	133.86299892125135
3.734646815E8	120.97279623332462
3.735109215E8	130.87509758001562
3.73556781E8	126.76068608766676
3.736025395E8	122.04597701149426
3.736482E8	123.79299039887597
3.73693682E8	135.87383990719258
3.73736011E8	131.4142857142857
3.737584015E8	120.05050505050505
3.7378327E8	126.63640542404045
3.73827355E8	131.85224336387128
3.7387109E8	126.28115264797508
3.73914536E8	120.03235335490224
3.739578725E8	130.64580105361017
3.74001183E8	126.26019690576652
3.74044483E8	154.91353001017293
3.74087645E8	125.8746618575293
3.741306385E8	130.760583592442
3.74173455E8	122.75064448089994
3.74216004E8	129.91802388707927
3.74258393E8	157.93302829565891
3.743006525E8	126.95902583511601
3.743426115E8	129.8405243036592
3.743842115E8	129.84485407066052
3.744251475E8	120.87462592534257
3.744655085E8	116.85943775100401
3.74505773E8	136.45352993744416
3.74545988E8	129.73040752351096
3.745860855E8	129.28115695448744
3.74625998E8	153.58697972251866
3.74665799E8	129.520979020979
3.746913935E8	157.58490566037736
3.747110075E8	138.97222222222223
3.7474449E8	135.63654719838465
3.74783624E8	134.34382685686177
3.74822439E8	128.7524235645041
3.748606395E8	126.80518527577351
3.74898524E8	134.36220472440945
3.74936354E8	121.61776777439428
3.749740715E8	139.03917464114832
3.750116165E8	124.54212299915754
3.750490195E8	125.57639783560938
3.750863895E8	123.19929781082197
3.75123715E8	127.21659870472536
3.751608595E8	127.16138878290728
3.7519786E8	167.5947204968944
3.7523482E8	125.38659793814433
3.75271698E8	133.22669491525423
3.75308419E8	132.69113924050632
3.753449325E8	135.54392796300803
3.75381318E8	122.16806722689076
3.75417665E8	121.41106405505559
3.75453968E8	145.3385049365303
3.754896855E8	148.7450980392157
3.755248195E8	133.46880570409982
3.755598365E8	115.6593018117543
3.75594756E8	135.62321024868123
3.756253795E8	131.00071505184127
3.75642766E8	116.16719242902208
3.75664154E8	131.8418491484185
3.756983965E8	128.34561234329797
3.757324605E8	125.0863708399366
3.757661165E8	138.03776041666666
3.757992375E8	131.5337601862631
3.758302665E8	125.91947878382894
3.75858527E8	127.55555555555556
3.758858175E8	129.16166134185303
3.759108865E8	155.89361702127658
3.75933713E8	130.2420382165605
3.761492055E8	137.74813558330652
3.76377621E8	125.87937384898711
3.764212105E8	140.4760147601476
3.76458497E8	138.00249021700463
3.764935935E8	129.23573704025486
3.76525178E8	128.85042372881355
3.765472955E8	124.86903440621532
3.765594265E8	123.08177278401998
3.765672985E8	123.30261212419911
3.76573515E8	133.2779552715655
3.765781265E8	121.07415254237289
