#Position (bp)	Coverage
470725.5	56.10200754155824
1412175.5	63.00207127303627
2353625.5	57.1271602315577
3295075.5	62.25350894896171
4236525.5	57.36837325402305
5177975.5	40.86938127356737
6119425.5	56.01542407987679
7060875.5	50.27438207021085
8002325.5	41.43833660842318
8943775.5	68.61224919007914
9885225.5	32.603925859047216
1.08266755E7	58.118334484040574
1.17681255E7	50.46962345318392
1.27095755E7	52.083195071432364
1.36510255E7	25.939357374263103
1.45924755E7	18.39733177545276
1.55339255E7	50.594348080089226
1.64753755E7	46.7526783153646
1.74168255E7	61.25829624515375
1.83582755E7	46.07822189176271
1.92997255E7	46.04950130118434
2.02411755E7	65.10655478251633
2.11815185E7	53.566905442295656
2.16522435E7	18.1260162601626
2.21240755E7	55.43489723299166
2.30655255E7	55.54995060810452
2.40069755E7	51.98236443783525
2.49484255E7	53.71305114451113
2.58898755E7	61.82591215677944
2.68313255E7	45.71940835944554
2.77727755E7	42.163475489935735
2.87142255E7	52.05638642519518
2.96556755E7	55.09037654681608
3.05971255E7	56.38492113229593
3.15385755E7	59.67679536884593
3.24800255E7	45.97339529449254
3.34214755E7	34.391051038292
3.43629255E7	42.79630357427373
3.53043755E7	50.179748260661746
3.62458255E7	54.18960752031441
3.71872755E7	59.59258484253014
3.81287255E7	48.65900685113389
3.90701755E7	56.850412661320306
4.00116255E7	50.78212756917521
4.09530755E7	60.26425832492432
4.18945255E7	49.187969621328804
4.27621645E7	66.0456370901505
4.32328895E7	28.038056658221674
4.37774255E7	57.13043496733762
4.47188755E7	55.65457751341017
4.56603255E7	51.713131871049974
4.66017755E7	61.58686812895002
4.75432255E7	56.80928673854161
4.84846755E7	34.978040257050296
4.94261255E7	52.30876732699559
5.03675755E7	46.70137553773434
5.13090255E7	53.94999415794785
5.22504755E7	34.975763981092996
5.31919255E7	42.506498486377396
5.41333755E7	62.31100111530087
5.50748255E7	50.291817940411065
5.60162755E7	57.953504700196504
5.69577255E7	59.503729353656595
5.78991755E7	49.177894736842106
5.88406255E7	55.481141855648204
5.97820755E7	34.38907005151628
6.07235255E7	47.013787243082476
6.16649755E7	44.80773912581656
6.25183765E7	53.26702615267224
6.29891015E7	39.604612204567914
6.35478755E7	61.044044824472884
6.44893255E7	55.68940464177599
6.54307755E7	42.23827606351904
6.63722255E7	41.65600828509214
6.73136755E7	22.25671570449838
6.82551255E7	56.67320728663232
6.91965755E7	64.50415954113336
7.01380255E7	62.28298900632004
7.10794755E7	65.19850868341388
7.20209255E7	60.0694237612194
7.29623755E7	47.437875617398696
7.39038255E7	48.22282436666843
7.48452755E7	43.360318657390195
7.57867255E7	37.65087790110999
7.67281755E7	26.34318869828456
7.76696255E7	17.540431249668064
7.86110755E7	27.61695682192363
7.95525255E7	29.91575654575389
8.04939755E7	49.49785224919008
8.14354255E7	43.36174730468957
8.21123265E7	28.76364125795437
8.25830515E7	44.790970670839805
8.33183255E7	25.546449625577566
8.42597755E7	56.66321631525838
8.52012255E7	50.97972807902703
8.61426755E7	33.97348026979659
8.70841255E7	33.8051951776515
8.80255755E7	44.751492909873065
8.89670255E7	54.90067980243242
8.99084755E7	53.96787933506825
9.08499255E7	45.45322746826704
9.17913755E7	54.827891019172554
9.27328255E7	56.11191566201073
9.36742755E7	29.048184183971532
9.46157255E7	14.890254394816507
9.55571755E7	28.47299166179829
9.64654235E7	55.07291502389589
9.69361485E7	65.1770827058611
9.74400755E7	64.43092569971851
9.83815255E7	43.677450740878434
9.93229755E7	54.18544585479845
1.002644255E8	54.961360667056134
1.012058755E8	50.7557714164321
1.021473255E8	54.724579106697114
1.030887755E8	52.06188007860216
1.040302255E8	9.097388071591693
1.049716755E8	32.09630038769983
1.059131255E8	49.216436348186306
1.068545755E8	62.66073397418875
1.077960255E8	61.17081204524935
1.087374755E8	60.90538318551171
1.096789255E8	58.241635774603004
1.10575763E8	55.54157880841327
1.11046488E8	64.04627626786214
1.115618255E8	38.1401635774603
1.125032755E8	41.598366349779596
1.134447255E8	54.548195868075844
1.143861755E8	57.945579690902335
1.153276255E8	48.606012002761695
1.162690755E8	57.2630899144936
1.172105255E8	59.70416272770726
1.181519755E8	59.56381114238675
1.190934255E8	27.460491794572203
1.200348755E8	65.7304105369377
1.209763255E8	43.35515428328642
1.219177755E8	51.19394975835148
1.228592255E8	59.4173944447395
1.238006755E8	52.61083435126666
1.24670665E8	49.50894331952878
1.2514139E8	56.08012118582993
1.256835755E8	63.84530776992936
1.266250255E8	49.74185564820224
1.275664755E8	50.22221254447926
1.285079255E8	36.430626161771734
1.294493755E8	61.01720218811408
1.303908255E8	49.49325402304955
1.313322755E8	45.978997291412185
1.322737255E8	43.47909501301184
1.332151755E8	68.66537362579001
1.341566255E8	49.396460778586224
1.350980755E8	45.84832226884062
1.360395255E8	38.71059960698922
1.369809755E8	49.81055287057199
1.379224255E8	40.67737851186999
1.385269295E8	57.78938772154075
1.389976545E8	55.56162114997655
1.398053255E8	53.053583302352756
1.407467755E8	55.34558606405014
1.416882255E8	58.773957193690585
1.426296755E8	61.679480588453984
1.435711255E8	39.485982261405276
1.445125755E8	51.53075256253651
1.454540255E8	58.76409687184662
1.463954755E8	46.704429337723724
1.473369255E8	57.02625949333475
1.482783755E8	65.48982526953104
1.492198255E8	63.47992352222635
1.501612755E8	28.79882840299538
1.50869654E8	14.880923276955736
1.51340379E8	20.96813853259622
1.520441755E8	34.186885124010836
1.529856255E8	26.521678262255033
1.539270755E8	16.216932391523713
1.548685255E8	26.31352381963992
1.558099755E8	42.36683732540231
1.567514255E8	43.61408890541186
1.576928755E8	42.675095862764884
1.586343255E8	26.214871740400447
1.595757755E8	12.245480907111371
1.605172255E8	6.928308460353709
1.614586755E8	11.696570184290191
1.624001255E8	5.274571140262362
1.62980695E8	12.18571252998557
1.6345142E8	54.44306079159168
1.642830255E8	56.13433852036752
1.652244755E8	59.31140368580381
1.661659255E8	48.19542195549418
1.671073755E8	32.22217855435764
1.680488255E8	47.55550693079824
1.689902755E8	29.673910457273355
1.699317255E8	21.000786021562483
1.708731755E8	33.61839184237081
1.718146255E8	61.66369217696107
1.727560755E8	56.19628445483031
1.736975255E8	39.39267088002549
1.745109635E8	51.34648962834792
1.749816885E8	67.596713589351
1.755804255E8	63.65270911891231
1.765218755E8	56.621179032343726
1.774633255E8	57.10425513835042
1.784047755E8	48.45429072175899
1.793462255E8	66.6791799883159
1.802876755E8	58.970574114398005
1.812291255E8	48.25535822401614
1.821705755E8	55.84752668755643
1.831120255E8	56.56514419246906
1.840534755E8	56.677742843486115
1.849397025E8	59.13288624362819
1.854104275E8	30.484888542817306
1.859363755E8	59.7343034680546
1.868778255E8	48.214301343672
1.878192755E8	45.88369961230018
1.887607255E8	43.21712571034043
1.897021755E8	53.324566360401505
1.906436255E8	51.06441871581072
1.915850755E8	41.659634606192576
1.925265255E8	30.53355780976154
1.934679755E8	31.636465027351427
1.944094255E8	49.1354474480854
1.95129994E8	56.55563182552278
1.95600719E8	25.943933738226153
1.962923255E8	19.21863402198736
1.972337755E8	7.576803866376334
1.981752255E8	8.3439024908386
1.991166755E8	5.749507674332147
2.000581255E8	28.561778108237295
2.009995755E8	54.440975091614
2.019410255E8	48.17956237718413
2.028824755E8	57.05507674332147
2.038239255E8	59.50952679377556
2.047653755E8	57.88204365606246
2.05281456E8	36.22029301848728
2.05752181E8	57.482077346871364
2.066482755E8	38.625538265441605
2.075897255E8	54.381117425248284
2.085311755E8	59.53411970895959
2.094726255E8	42.85585320516225
2.104140755E8	55.40392479685591
2.113555255E8	54.08432630516756
2.122969755E8	46.48049816772001
2.132384255E8	52.710396728450796
2.141798755E8	61.026738541611344
2.14757119E8	68.09953670019762
2.15227844E8	53.35490717491313
2.160627755E8	50.98408731212491
2.170042255E8	55.458513994370385
2.179456755E8	50.44486589834829
2.188871255E8	53.36086674810133
2.198285755E8	55.1135015136226
2.207700255E8	29.010137553773436
2.217114755E8	44.37909926177704
2.226529255E8	25.80172499867226
2.235943755E8	65.10840087099686
2.241609715E8	53.25682948962669
2.246316965E8	56.95647905584574
2.254772755E8	35.13441499814117
2.264187255E8	45.807522438791224
2.273601755E8	38.39312656009347
2.283016255E8	20.397195814966274
2.292430755E8	55.42842955016199
2.301845255E8	56.34381114238674
2.311259755E8	58.10942057464549
2.320674255E8	32.13728928780073
2.330088755E8	49.15347602103139
2.33512304E8	61.63536012964973
2.33983029E8	50.75795023760249
2.348917755E8	49.19368314833501
2.358332255E8	37.65368633490892
2.367746755E8	58.70291677731159
2.377161255E8	49.50942269902809
2.386575755E8	57.29046789526794
2.395990255E8	62.96603643316161
2.405404755E8	50.18902331509905
2.414819255E8	6.601592224759679
2.423860015E8	43.58380619867036
2.428567265E8	25.93858029646278
2.433648255E8	44.27255828774762
2.443062755E8	21.752928992511553
2.452477255E8	64.64232088799193
2.461891755E8	56.02758723246057
2.471306255E8	61.39613043709172
2.480720755E8	50.34031122205109
2.490135255E8	51.50594933347496
2.499549755E8	60.406597270168355
2.508964255E8	51.44951510967125
2.513853295E8	41.178200121018754
2.518560545E8	61.04458331307757
2.527793255E8	56.29947102873228
2.537207755E8	49.02305804875458
2.546622255E8	42.57236921769611
2.556036755E8	45.76839662223166
2.565451255E8	56.769847575548354
2.574865755E8	38.092806840511976
2.582367915E8	37.02049260977992
2.587075165E8	40.89492192810902
2.593694755E8	49.02716766689681
2.603109255E8	54.92968399808806
2.612523755E8	50.62140634128207
2.621938255E8	47.67539327632907
2.631352755E8	44.38616177173509
2.640767255E8	36.96884168038664
2.649058955E8	44.19811547099276
2.653766205E8	36.82456804417528
2.659596255E8	57.93288756705083
2.669010755E8	48.3143045302459
2.678425255E8	50.52173243401136
2.687839755E8	46.52475224387912
2.697254255E8	56.02255775665197
2.706668755E8	57.359911838122045
2.71474023E8	53.01858971977201
2.71944748E8	17.981861841737867
2.725497755E8	48.46574008178873
2.734912255E8	42.215475065059216
2.744326755E8	36.344721440331405
2.753741255E8	45.676842105263155
2.763155755E8	38.85465930214031
2.772570255E8	47.03356205852674
2.77928726E8	34.54178743180139
2.78399451E8	52.288056140975236
2.791399255E8	31.330181103616763
2.800813755E8	55.59507355674757
2.810228255E8	37.704614159010035
2.819642755E8	20.043378830527377
2.829057255E8	48.05744542992193
2.836366105E8	49.400096094710946
2.841073355E8	16.445976301854536
2.847886255E8	15.565633862658665
2.857300755E8	30.810609166710925
2.866715255E8	33.72629560783897
2.876129755E8	38.32995485686972
2.885544255E8	39.82805672101546
2.89342109E8	46.70573750191271
2.89812834E8	43.065966904364736
2.904373255E8	26.998425832492433
2.913787755E8	40.34850390355303
2.923202255E8	43.40351372882256
2.932616755E8	50.69475171278347
2.942031255E8	32.961267194221676
2.950462245E8	45.859772701638676
2.955169495E8	40.55466644975648
2.960860255E8	59.038893196664716
2.970274755E8	64.55434808008923
2.979689255E8	54.00198948430612
2.989103755E8	51.23074087843221
2.998518255E8	52.886824579106694
3.006943635E8	57.49782955410381
3.011650885E8	60.247760635716595
3.017347255E8	49.28769663816453
3.026761755E8	57.52704551489723
3.036176255E8	22.40938127356737
3.045590755E8	45.93563439375431
3.055005255E8	49.68581762175368
3.062940285E8	5.530956260959545
3.067647535E8	55.79893137407315
3.073834255E8	56.34930160921982
3.083248755E8	63.248514525466035
3.092663255E8	56.50296351372882
3.102077755E8	43.719892718678636
3.111492255E8	41.73148228796006
3.116838385E8	24.235513711495116
3.121545635E8	17.51822597256395
3.130321255E8	17.273958255881883
3.139735755E8	60.30739922460035
3.149150255E8	55.517473046895745
3.158564755E8	62.67050613415476
3.16467897E8	57.534679256413625
3.16938622E8	48.224097312807835
3.177393755E8	53.14082850921451
3.186808255E8	52.09529449253811
3.196222755E8	51.13718731743587
3.205637255E8	54.45964629029688
3.212433895E8	47.06195588186026
3.217141145E8	59.81556309351913
3.224466255E8	58.457104466514416
3.233880755E8	39.13019066333847
3.243295255E8	52.50411599129003
3.252709755E8	41.986509108290406
3.259428095E8	37.1470645271967
3.264135345E8	59.650039315174176
3.271538755E8	55.6045472409581
3.280953255E8	44.615566413511075
3.290367755E8	58.74310903393701
3.296336095E8	54.091979953849446
3.301043345E8	48.66395930542981
3.309196755E8	31.167140049922992
3.318611255E8	18.845829305857986
3.32699089E8	55.336191603004586
3.33169814E8	61.18171452315036
3.337440255E8	49.908516649848636
3.346854755E8	62.71923947102873
3.356269255E8	49.3422762759573
3.3614339E8	30.597437663288844
3.36614115E8	15.197152608736063
3.375098255E8	35.30939933081948
3.384512755E8	40.95292899251155
3.390632475E8	61.428593173660325
3.395339725E8	57.13929306357329
3.403341755E8	54.14331616124064
3.412756255E8	58.14560412130225
3.41979007E8	54.40786524339531
3.42449732E8	38.51320943341937
3.431585255E8	47.36199373307132
3.440999755E8	54.885330075946676
3.448213995E8	54.34809871599009
3.452921245E8	51.06185178115314
3.459828755E8	63.72549365340698
3.469243255E8	32.493468585692284
3.475841435E8	23.05467679924693
3.480548685E8	38.6778242529258
3.488072255E8	33.033942323012376
3.497486755E8	49.52639970258644
3.50295955E8	7.3493524221306386
3.5076668E8	49.1479867214822
3.516315755E8	38.54007966434755
3.52460238E8	44.995583027763224
3.52930963E8	12.229054638146957
3.535144755E8	58.08074459610176
3.544559255E8	58.487708322268844
3.54952101E8	59.34704622698965
3.55422826E8	47.827763548103476
3.563388255E8	36.04164214775081
3.56872295E8	7.312409852656408
3.5734302E8	55.28119236090941
3.582217255E8	31.58021456264273
3.587365445E8	9.736358688256905
3.592072695E8	46.54294577749859
3.60069625E8	56.56385514241224
3.6054035E8	28.020513992657246
3.610460755E8	39.407711508842745
3.61587945E8	47.90848906099558
3.620367945E8	34.280053216134284
3.62436375E8	0.6379511325455418
3.625559195E8	4.959285955625633
3.627609185E8	0.5639895648933196
3.629578815E8	5.477145694108197
3.631360985E8	2.7216314458592974
3.63307211E8	10.390562048262115
3.6339472E8	0.4322859150687682
3.63472325E8	1.3567046933197475
3.63606574E8	5.25305681993363
3.6372952E8	35.066934109570056
3.63851646E8	16.30471428923846
3.639688585E8	1.6304247624450432
3.64078852E8	8.70700096108089
3.64181608E8	2.817593882510855
3.642724245E8	1.1606997070546992
3.643276105E8	0.06835302806499262
3.64367352E8	0.07806804953914852
3.644312485E8	37.354131847725164
3.645060405E8	0.7164865083429927
3.64579866E8	2.0384034196877083
3.646529445E8	0.29162310866574964
3.647232875E8	3.1455152531403523
3.6479061E8	15.088345159693365
3.64856413E8	5.2535605955625355
3.649210565E8	1.5187752564501087
3.649845345E8	9.24904177845918
3.65045903E8	3.3511252307845845
3.65104542E8	3.1103276938957607
3.651614335E8	0.32147776639706144
3.652177875E8	5.489640169751436
3.652642145E8	0.11753508103992168
3.652918195E8	0.1010955635101421
3.65328381E8	0.24183962695437505
3.65383017E8	6.58094418084892
3.65437E8	1.2783116956106333
3.654894715E8	0.3404313086649601
3.655400855E8	0.36432828608247425
3.655885265E8	5.561819645050616
3.656333805E8	0.44881148505530716
3.65670954E8	30.7644302905962
3.657012785E8	2.1816590454415548
3.659696625E8	16.67652562227778
3.666947755E8	14.542744702320888
3.67241192E8	9.037315946968945
3.67711917E8	7.84816983876051
3.68310776E8	3.1765848728446637
3.68781501E8	30.73003696147801
3.69171261E8	54.58776417156043
3.69525295E8	18.032443164982144
3.698731595E8	8.586879022375333
3.70040548E8	7.101868928448148
3.702362955E8	9.434446742502585
3.705074745E8	12.935569932370827
3.707077425E8	12.549542076370061
3.70840922E8	0.3863280290647945
3.709156315E8	2.739549428808475
3.70964909E8	31.67427882827261
3.710464065E8	11.865720729186243
3.711396675E8	19.920446530900115
3.712278055E8	1.7201749052986017
3.71309269E8	1.527282124168228
3.713828255E8	20.62497489887834
3.714523975E8	11.069469651139343
3.71520397E8	7.224730746699112
3.71586391E8	12.579240235420011
3.71651757E8	36.02693020193824
3.71716219E8	23.690773028125836
3.717794435E8	2.525969892746889
3.718411425E8	35.929949137987975
3.718720855E8	0.38571428571428573
3.719016015E8	3.625697549478354
3.71959563E8	9.258377561361021
3.72017749E8	5.263314474385651
3.72075165E8	17.5048252500838
3.72131641E8	8.442519237262534
3.72187388E8	0.8592434311790377
3.72242547E8	22.717088665033124
3.722974235E8	18.442515276812177
3.72352064E8	9.445032312395877
3.72406525E8	16.79526326451684
3.724607585E8	18.927503322995126
3.72514754E8	25.622187540642475
3.725683565E8	21.162639091828705
3.72621572E8	16.586476653659822
3.726742505E8	17.52766307257016
3.727265365E8	56.68081279657125
3.72778722E8	23.471779223520834
3.72809488E8	34.830981432360744
3.72835457E8	30.842895114435585
3.72882455E8	21.078122875512307
3.7293388E8	12.461872408355559
3.72984986E8	0.5651883174353427
3.73035813E8	27.041508394182134
3.730859895E8	10.933816405619247
3.73135021E8	24.846699231229003
3.731829795E8	36.745052533862186
3.732302795E8	4.179399178000932
3.732774285E8	83.74324783421098
3.73324505E8	36.815542852285525
3.733714415E8	10.321407211209843
3.7341813E8	3.335731620884431
3.734646815E8	20.22497958832882
3.735109215E8	20.83686708171884
3.73556781E8	20.81293549725869
3.736025395E8	8.81513468602414
3.736482E8	14.897663705166172
3.73693682E8	8.902377751823531
3.73736011E8	7.583059650194761
3.737584015E8	2.5563431479462015
3.7378327E8	19.401718096529898
3.73827355E8	21.003391373620122
3.7387109E8	11.920776386815206
3.73914536E8	47.772977835182324
3.739578725E8	16.263944039154122
3.74001183E8	13.425101027594966
3.74044483E8	4.47104746506525
3.74087645E8	4.465871853865997
3.741306385E8	18.754876856464453
3.74173455E8	15.634048037492677
3.74216004E8	7.674351177427339
3.74258393E8	321.583543855507
3.743006525E8	19.357888245896973
3.743426115E8	11.498946208746467
3.743842115E8	17.94496453216233
3.744251475E8	5.292311878494038
3.744655085E8	3.186544570180663
3.74505773E8	41.272686600551786
3.74545988E8	6.217329651466527
3.745860855E8	19.50897544877244
3.74625998E8	4.72249981168554
3.74665799E8	5.588988057825267
3.746913935E8	0.9004731032065884
3.747110075E8	0.7764075645358453
3.7474449E8	16.188858522132257
3.74783624E8	9.86435565099573
3.74822439E8	47.28933087528886
3.748606395E8	18.08274387668919
3.74898524E8	2.775824291861355
3.74936354E8	45.302257868127796
3.749740715E8	12.850860420650095
3.750116165E8	10.131992306459368
3.750490195E8	19.2443540618645
3.750863895E8	18.679859773067864
3.75123715E8	33.02615132902395
3.751608595E8	13.19680592336378
3.7519786E8	2.8042708474118125
3.7523482E8	5.405389302640487
3.75271698E8	6.886834460101545
3.75308419E8	2.1541613176367758
3.753449325E8	13.169156414762742
3.75381318E8	6.006656580937973
3.75417665E8	18.232422466220864
3.75453968E8	3.473874321008079
3.754896855E8	0.3729242493175614
3.755248195E8	14.948005698005698
3.755598365E8	33.473779126352554
3.75594756E8	15.642200257842715
3.756253795E8	32.471642244324656
3.75642766E8	7.090736567429723
3.75664154E8	1.9878002620468773
3.756983965E8	26.272466315172817
3.757324605E8	30.210368365305403
3.757661165E8	9.686622254231185
3.757992375E8	5.842457014399416
3.758302665E8	21.106863417982154
3.75858527E8	6.241846535919068
3.758858175E8	9.792794117647059
3.759108865E8	1.3537797541198011
3.75933713E8	1.7930882676645388
3.761492055E8	8.213194699586058
3.76377621E8	8.433290088754351
3.764212105E8	1.8015433217670516
3.76458497E8	22.449617577527466
3.764935935E8	18.46419183363514
3.76525178E8	21.795202378071963
3.765472955E8	16.629116570831155
3.765594265E8	38.655391828533155
3.765672985E8	55.48261125847333
3.76573515E8	30.30246148397379
3.765781265E8	50.35486577181208
