#Coverage	Number of genomic locations
0.0	6.0193824E7
1.0	1.1826424E7
2.0	1.9432505E7
3.0	9696030.0
4.0	1.2979314E7
5.0	8397873.0
6.0	1.020068E7
7.0	7586964.0
8.0	8704725.0
9.0	7011108.0
10.0	7791850.0
11.0	6630237.0
12.0	7189649.0
13.0	6340619.0
14.0	6756067.0
15.0	6135220.0
16.0	6423711.0
17.0	5970532.0
18.0	6176173.0
19.0	5816926.0
20.0	5958317.0
21.0	5650416.0
22.0	5777417.0
23.0	5519848.0
24.0	5606092.0
25.0	5391759.0
26.0	5447987.0
27.0	5267911.0
28.0	5285496.0
29.0	5127480.0
30.0	5142061.0
31.0	4993347.0
32.0	4993073.0
33.0	4858406.0
34.0	4860808.0
35.0	4733588.0
36.0	4713188.0
37.0	4605900.0
38.0	4565732.0
39.0	4459008.0
40.0	4433913.0
41.0	4330530.0
42.0	4275966.0
43.0	4183358.0
44.0	4136031.0
45.0	4042131.0
46.0	4000452.0
47.0	3907450.0
48.0	3859840.0
49.0	3774025.0
50.0	3728745.0
51.0	3640722.0
52.0	3584944.0
53.0	3503078.0
54.0	3450068.0
55.0	3373762.0
56.0	3317689.0
57.0	3231108.0
58.0	3177237.0
59.0	3103813.0
60.0	3047050.0
61.0	2975431.0
62.0	2922254.0
63.0	2847083.0
64.0	2793058.0
65.0	2730888.0
66.0	2678592.0
67.0	2602561.0
68.0	2554191.0
69.0	2490018.0
70.0	2442009.0
71.0	2381470.0
72.0	2324939.0
73.0	2267866.0
74.0	2211318.0
75.0	2155602.0
76.0	2110028.0
77.0	2058135.0
78.0	2011130.0
79.0	1957313.0
80.0	1914208.0
81.0	1860223.0
82.0	1818333.0
83.0	1767899.0
84.0	1720439.0
85.0	1678313.0
86.0	1638165.0
87.0	1590657.0
88.0	1554338.0
89.0	1512401.0
90.0	1474688.0
91.0	1431472.0
92.0	1393002.0
93.0	1356877.0
94.0	1318212.0
95.0	1283358.0
96.0	1248462.0
97.0	1212576.0
98.0	1175914.0
99.0	1145450.0
100.0	1111233.0
101.0	1079106.0
102.0	1047354.0
103.0	1018133.0
104.0	994994.0
105.0	964092.0
106.0	937767.0
107.0	911811.0
108.0	884502.0
109.0	859152.0
110.0	833253.0
111.0	808659.0
112.0	784222.0
113.0	760876.0
114.0	739425.0
115.0	715060.0
116.0	696678.0
117.0	675236.0
118.0	655729.0
119.0	636524.0
120.0	620169.0
121.0	602378.0
122.0	584687.0
123.0	563976.0
124.0	548957.0
125.0	531552.0
126.0	516696.0
127.0	500305.0
128.0	485874.0
129.0	471352.0
130.0	457633.0
131.0	443400.0
132.0	429257.0
133.0	417866.0
134.0	404087.0
135.0	393641.0
136.0	380604.0
137.0	367930.0
138.0	359201.0
139.0	348084.0
140.0	337205.0
141.0	325838.0
142.0	315516.0
143.0	307401.0
144.0	298287.0
145.0	289793.0
146.0	280139.0
147.0	272093.0
148.0	262537.0
149.0	256904.0
150.0	248210.0
151.0	242344.0
152.0	233761.0
153.0	228295.0
154.0	221168.0
155.0	214573.0
156.0	207616.0
157.0	202706.0
158.0	195963.0
159.0	189428.0
160.0	184138.0
161.0	179570.0
162.0	173274.0
163.0	168450.0
164.0	162326.0
165.0	158490.0
166.0	154643.0
167.0	150471.0
168.0	146711.0
169.0	142036.0
170.0	137293.0
171.0	133898.0
172.0	130271.0
173.0	126487.0
174.0	122961.0
175.0	120091.0
176.0	115854.0
177.0	113299.0
178.0	109599.0
179.0	106295.0
180.0	103865.0
181.0	100487.0
182.0	99222.0
183.0	95279.0
184.0	93628.0
185.0	90254.0
186.0	87902.0
187.0	85705.0
188.0	83013.0
189.0	80952.0
190.0	78373.0
191.0	76597.0
192.0	75110.0
193.0	72909.0
194.0	71515.0
195.0	69721.0
196.0	67477.0
197.0	65956.0
198.0	63919.0
199.0	63043.0
200.0	61293.0
201.0	61084.0
202.0	58608.0
203.0	56617.0
204.0	54809.0
205.0	54702.0
206.0	52476.0
207.0	51497.0
208.0	50137.0
209.0	49127.0
210.0	47323.0
211.0	46529.0
212.0	45554.0
213.0	44563.0
214.0	43476.0
215.0	42482.0
216.0	41312.0
217.0	39645.0
218.0	39035.0
219.0	38296.0
220.0	37369.0
221.0	36394.0
222.0	35399.0
223.0	34914.0
224.0	34240.0
225.0	33298.0
226.0	33111.0
227.0	32010.0
228.0	31612.0
229.0	30896.0
230.0	30079.0
231.0	29552.0
232.0	29075.0
233.0	28108.0
234.0	27805.0
235.0	26957.0
236.0	26591.0
237.0	26080.0
238.0	25741.0
239.0	25036.0
240.0	24462.0
241.0	24195.0
242.0	23351.0
243.0	23261.0
244.0	22686.0
245.0	22573.0
246.0	22104.0
247.0	21714.0
248.0	21044.0
249.0	20344.0
250.0	19968.0
251.0	19867.0
252.0	19398.0
253.0	18970.0
254.0	18537.0
255.0	18201.0
256.0	18021.0
257.0	17877.0
258.0	17378.0
259.0	16699.0
260.0	16658.0
261.0	16093.0
262.0	16004.0
263.0	15659.0
264.0	15303.0
265.0	15334.0
266.0	14837.0
267.0	14434.0
268.0	14490.0
269.0	14131.0
270.0	14072.0
271.0	13888.0
272.0	13275.0
273.0	13111.0
274.0	12837.0
275.0	12897.0
276.0	12719.0
277.0	12466.0
278.0	12397.0
279.0	12124.0
280.0	11816.0
281.0	11538.0
282.0	11392.0
283.0	11040.0
284.0	10847.0
285.0	10710.0
286.0	10436.0
287.0	10112.0
288.0	10411.0
289.0	10184.0
290.0	9970.0
291.0	9985.0
292.0	9675.0
293.0	9517.0
294.0	9444.0
295.0	9403.0
296.0	9099.0
297.0	8902.0
298.0	8792.0
299.0	8821.0
300.0	8477.0
301.0	8240.0
302.0	8463.0
303.0	8179.0
304.0	8077.0
305.0	7839.0
306.0	7913.0
307.0	7638.0
308.0	7734.0
309.0	7487.0
310.0	7333.0
311.0	7246.0
312.0	7051.0
313.0	7078.0
314.0	6855.0
315.0	6868.0
316.0	6767.0
317.0	6633.0
318.0	6538.0
319.0	6316.0
320.0	6351.0
321.0	5949.0
322.0	6157.0
323.0	5921.0
324.0	5987.0
325.0	5893.0
326.0	5758.0
327.0	5922.0
328.0	5545.0
329.0	5497.0
330.0	5435.0
331.0	5573.0
332.0	5415.0
333.0	5333.0
334.0	5180.0
335.0	4977.0
336.0	5078.0
337.0	5021.0
338.0	4739.0
339.0	4788.0
340.0	4745.0
341.0	4368.0
342.0	4563.0
343.0	4371.0
344.0	4430.0
345.0	4285.0
346.0	4269.0
347.0	4260.0
348.0	4260.0
349.0	4240.0
350.0	4071.0
351.0	4041.0
352.0	4109.0
353.0	3992.0
354.0	3884.0
355.0	3816.0
356.0	3844.0
357.0	3691.0
358.0	3761.0
359.0	3635.0
360.0	3597.0
361.0	3612.0
362.0	3387.0
363.0	3536.0
364.0	3476.0
365.0	3460.0
366.0	3388.0
367.0	3298.0
368.0	3284.0
369.0	3223.0
370.0	3197.0
371.0	3112.0
372.0	3142.0
373.0	2922.0
374.0	2963.0
375.0	2934.0
376.0	2929.0
377.0	2850.0
378.0	2759.0
379.0	2777.0
380.0	2965.0
381.0	2875.0
382.0	2699.0
383.0	2680.0
384.0	2715.0
385.0	2697.0
386.0	2649.0
387.0	2638.0
388.0	2503.0
389.0	2485.0
390.0	2439.0
391.0	2442.0
392.0	2394.0
393.0	2325.0
394.0	2286.0
395.0	2455.0
396.0	2471.0
397.0	2417.0
398.0	2363.0
399.0	2309.0
400.0	2291.0
401.0	2296.0
402.0	2291.0
403.0	2315.0
404.0	2276.0
405.0	2169.0
406.0	2101.0
407.0	2160.0
408.0	2073.0
409.0	2111.0
410.0	2027.0
411.0	1930.0
412.0	2000.0
413.0	1973.0
414.0	1969.0
415.0	1918.0
416.0	1942.0
417.0	1884.0
418.0	1795.0
419.0	1852.0
420.0	1834.0
421.0	1895.0
422.0	1829.0
423.0	1778.0
424.0	1730.0
425.0	1809.0
426.0	1676.0
427.0	1713.0
428.0	1657.0
429.0	1668.0
430.0	1722.0
431.0	1614.0
432.0	1545.0
433.0	1612.0
434.0	1533.0
435.0	1534.0
436.0	1525.0
437.0	1497.0
438.0	1453.0
439.0	1487.0
440.0	1496.0
441.0	1375.0
442.0	1385.0
443.0	1360.0
444.0	1400.0
445.0	1377.0
446.0	1368.0
447.0	1290.0
448.0	1387.0
449.0	1279.0
450.0	1233.0
451.0	1309.0
452.0	1235.0
453.0	1265.0
454.0	1284.0
455.0	1245.0
456.0	1232.0
457.0	1290.0
458.0	1269.0
459.0	1172.0
460.0	1186.0
461.0	1180.0
462.0	1111.0
463.0	1192.0
464.0	1167.0
465.0	1142.0
466.0	1123.0
467.0	1090.0
468.0	1059.0
469.0	1086.0
470.0	1083.0
471.0	1013.0
472.0	1021.0
473.0	1052.0
474.0	1011.0
475.0	1026.0
476.0	1042.0
477.0	1004.0
478.0	963.0
479.0	949.0
480.0	1027.0
481.0	910.0
482.0	977.0
483.0	935.0
484.0	926.0
485.0	934.0
486.0	843.0
487.0	929.0
488.0	954.0
489.0	870.0
490.0	880.0
491.0	865.0
492.0	833.0
493.0	791.0
494.0	832.0
495.0	825.0
496.0	864.0
497.0	806.0
498.0	876.0
499.0	836.0
500.0	835.0
501.0	800.0
502.0	818.0
503.0	835.0
504.0	758.0
505.0	791.0
506.0	788.0
507.0	863.0
508.0	815.0
509.0	790.0
510.0	736.0
511.0	726.0
512.0	745.0
513.0	693.0
514.0	760.0
515.0	724.0
516.0	799.0
517.0	709.0
518.0	736.0
519.0	729.0
520.0	755.0
521.0	715.0
522.0	733.0
523.0	768.0
524.0	678.0
525.0	707.0
526.0	701.0
527.0	670.0
528.0	755.0
529.0	668.0
530.0	696.0
531.0	647.0
532.0	660.0
533.0	708.0
534.0	655.0
535.0	609.0
536.0	622.0
537.0	662.0
538.0	622.0
539.0	647.0
540.0	649.0
541.0	633.0
542.0	630.0
543.0	598.0
544.0	623.0
545.0	606.0
546.0	585.0
547.0	607.0
548.0	552.0
549.0	560.0
550.0	538.0
551.0	578.0
552.0	607.0
553.0	568.0
554.0	506.0
555.0	586.0
556.0	606.0
557.0	532.0
558.0	564.0
559.0	585.0
560.0	537.0
561.0	520.0
562.0	503.0
563.0	544.0
564.0	573.0
565.0	544.0
566.0	578.0
567.0	574.0
568.0	505.0
569.0	536.0
570.0	540.0
571.0	526.0
572.0	509.0
573.0	526.0
574.0	536.0
575.0	526.0
576.0	518.0
577.0	498.0
578.0	510.0
579.0	486.0
580.0	481.0
581.0	458.0
582.0	467.0
583.0	460.0
584.0	468.0
585.0	445.0
586.0	464.0
587.0	469.0
588.0	477.0
589.0	438.0
590.0	480.0
591.0	477.0
592.0	435.0
593.0	459.0
594.0	433.0
595.0	429.0
596.0	424.0
597.0	434.0
598.0	400.0
599.0	392.0
600.0	370.0
601.0	417.0
602.0	428.0
603.0	398.0
604.0	419.0
605.0	398.0
606.0	396.0
607.0	407.0
608.0	417.0
609.0	393.0
610.0	383.0
611.0	377.0
612.0	365.0
613.0	389.0
614.0	400.0
615.0	407.0
616.0	417.0
617.0	368.0
618.0	374.0
619.0	366.0
620.0	376.0
621.0	335.0
622.0	343.0
623.0	345.0
624.0	331.0
625.0	364.0
626.0	325.0
627.0	331.0
628.0	357.0
629.0	334.0
630.0	317.0
631.0	310.0
632.0	295.0
633.0	307.0
634.0	275.0
635.0	311.0
636.0	301.0
637.0	296.0
638.0	290.0
639.0	315.0
640.0	323.0
641.0	298.0
642.0	325.0
643.0	295.0
644.0	321.0
645.0	307.0
646.0	334.0
647.0	287.0
648.0	333.0
649.0	291.0
650.0	308.0
651.0	297.0
652.0	286.0
653.0	296.0
654.0	264.0
655.0	251.0
656.0	267.0
657.0	227.0
658.0	273.0
659.0	230.0
660.0	249.0
661.0	312.0
662.0	256.0
663.0	269.0
664.0	217.0
665.0	236.0
666.0	243.0
667.0	248.0
668.0	265.0
669.0	235.0
670.0	272.0
671.0	219.0
672.0	243.0
673.0	219.0
674.0	220.0
675.0	244.0
676.0	223.0
677.0	207.0
678.0	240.0
679.0	218.0
680.0	230.0
681.0	226.0
682.0	217.0
683.0	217.0
684.0	234.0
685.0	242.0
686.0	241.0
687.0	247.0
688.0	228.0
689.0	225.0
690.0	217.0
691.0	228.0
692.0	224.0
693.0	239.0
694.0	238.0
695.0	221.0
696.0	242.0
697.0	232.0
698.0	195.0
699.0	206.0
700.0	212.0
701.0	231.0
702.0	190.0
703.0	204.0
704.0	224.0
705.0	191.0
706.0	195.0
707.0	225.0
708.0	190.0
709.0	214.0
710.0	194.0
711.0	198.0
712.0	217.0
713.0	206.0
714.0	185.0
715.0	180.0
716.0	195.0
717.0	200.0
718.0	191.0
719.0	182.0
720.0	194.0
721.0	177.0
722.0	195.0
723.0	194.0
724.0	192.0
725.0	170.0
726.0	194.0
727.0	189.0
728.0	209.0
729.0	208.0
730.0	199.0
731.0	199.0
732.0	178.0
733.0	216.0
734.0	184.0
735.0	194.0
736.0	180.0
737.0	201.0
738.0	185.0
739.0	183.0
740.0	178.0
741.0	171.0
742.0	182.0
743.0	199.0
744.0	178.0
745.0	178.0
746.0	170.0
747.0	202.0
748.0	183.0
749.0	179.0
750.0	179.0
751.0	158.0
752.0	168.0
753.0	173.0
754.0	181.0
755.0	167.0
756.0	194.0
757.0	184.0
758.0	164.0
759.0	182.0
760.0	162.0
761.0	168.0
762.0	174.0
763.0	179.0
764.0	170.0
765.0	141.0
766.0	172.0
767.0	173.0
768.0	161.0
769.0	161.0
770.0	162.0
771.0	155.0
772.0	143.0
773.0	156.0
774.0	172.0
775.0	162.0
776.0	184.0
777.0	165.0
778.0	155.0
779.0	163.0
780.0	175.0
781.0	155.0
782.0	143.0
783.0	143.0
784.0	153.0
785.0	151.0
786.0	156.0
787.0	164.0
788.0	147.0
789.0	127.0
790.0	148.0
791.0	152.0
792.0	141.0
793.0	153.0
794.0	161.0
795.0	160.0
796.0	164.0
797.0	153.0
798.0	142.0
799.0	134.0
800.0	132.0
801.0	162.0
802.0	164.0
803.0	130.0
804.0	156.0
805.0	155.0
806.0	144.0
807.0	156.0
808.0	148.0
809.0	146.0
810.0	136.0
811.0	156.0
812.0	175.0
813.0	145.0
814.0	141.0
815.0	130.0
816.0	149.0
817.0	155.0
818.0	160.0
819.0	146.0
820.0	148.0
821.0	135.0
822.0	120.0
823.0	119.0
824.0	137.0
825.0	150.0
826.0	120.0
827.0	132.0
828.0	130.0
829.0	129.0
830.0	110.0
831.0	134.0
832.0	128.0
833.0	139.0
834.0	112.0
835.0	138.0
836.0	136.0
837.0	146.0
838.0	136.0
839.0	131.0
840.0	150.0
841.0	143.0
842.0	130.0
843.0	120.0
844.0	119.0
845.0	110.0
846.0	139.0
847.0	115.0
848.0	110.0
849.0	131.0
850.0	115.0
851.0	121.0
852.0	130.0
853.0	124.0
854.0	123.0
855.0	111.0
856.0	119.0
857.0	137.0
858.0	128.0
859.0	121.0
860.0	119.0
861.0	137.0
862.0	124.0
863.0	136.0
864.0	115.0
865.0	127.0
866.0	129.0
867.0	127.0
868.0	144.0
869.0	146.0
870.0	136.0
871.0	120.0
872.0	117.0
873.0	130.0
874.0	113.0
875.0	124.0
876.0	103.0
877.0	123.0
878.0	112.0
879.0	116.0
880.0	87.0
881.0	100.0
882.0	121.0
883.0	111.0
884.0	103.0
885.0	102.0
886.0	113.0
887.0	126.0
888.0	134.0
889.0	132.0
890.0	103.0
891.0	127.0
892.0	108.0
893.0	122.0
894.0	115.0
895.0	117.0
896.0	107.0
897.0	111.0
898.0	113.0
899.0	105.0
900.0	92.0
901.0	108.0
902.0	116.0
903.0	111.0
904.0	114.0
905.0	99.0
906.0	106.0
907.0	90.0
908.0	101.0
909.0	105.0
910.0	90.0
911.0	83.0
912.0	103.0
913.0	82.0
914.0	80.0
915.0	92.0
916.0	81.0
917.0	116.0
918.0	99.0
919.0	94.0
920.0	90.0
921.0	100.0
922.0	102.0
923.0	80.0
924.0	103.0
925.0	76.0
926.0	92.0
927.0	75.0
928.0	84.0
929.0	70.0
930.0	96.0
931.0	72.0
932.0	82.0
933.0	71.0
934.0	96.0
935.0	98.0
936.0	92.0
937.0	88.0
938.0	79.0
939.0	88.0
940.0	88.0
941.0	88.0
942.0	90.0
943.0	90.0
944.0	92.0
945.0	75.0
946.0	93.0
947.0	94.0
948.0	86.0
949.0	96.0
950.0	75.0
951.0	78.0
952.0	90.0
953.0	92.0
954.0	89.0
955.0	98.0
956.0	98.0
957.0	85.0
958.0	99.0
959.0	82.0
960.0	94.0
961.0	98.0
962.0	89.0
963.0	79.0
964.0	81.0
965.0	90.0
966.0	84.0
967.0	87.0
968.0	92.0
969.0	96.0
970.0	76.0
971.0	86.0
972.0	83.0
973.0	89.0
974.0	109.0
975.0	87.0
976.0	111.0
977.0	84.0
978.0	78.0
979.0	99.0
980.0	107.0
981.0	75.0
982.0	92.0
983.0	86.0
984.0	82.0
985.0	88.0
986.0	93.0
987.0	90.0
988.0	74.0
989.0	86.0
990.0	95.0
991.0	105.0
992.0	89.0
993.0	85.0
994.0	98.0
995.0	76.0
996.0	99.0
997.0	79.0
998.0	79.0
999.0	80.0
1000.0	100.0
1001.0	97.0
1002.0	93.0
1003.0	95.0
1004.0	89.0
1005.0	117.0
1006.0	105.0
1007.0	114.0
1008.0	103.0
1009.0	99.0
1010.0	92.0
1011.0	88.0
1012.0	104.0
1013.0	106.0
1014.0	103.0
1015.0	81.0
1016.0	110.0
1017.0	119.0
1018.0	128.0
1019.0	133.0
1020.0	105.0
1021.0	106.0
1022.0	103.0
1023.0	104.0
1024.0	123.0
1025.0	110.0
1026.0	121.0
1027.0	116.0
1028.0	125.0
1029.0	126.0
1030.0	127.0
1031.0	117.0
1032.0	114.0
1033.0	119.0
1034.0	147.0
1035.0	119.0
1036.0	117.0
1037.0	109.0
1038.0	134.0
1039.0	126.0
1040.0	130.0
1041.0	127.0
1042.0	130.0
1043.0	140.0
1044.0	123.0
1045.0	127.0
1046.0	137.0
1047.0	145.0
1048.0	185.0
1049.0	146.0
1050.0	137.0
1051.0	140.0
1052.0	131.0
1053.0	147.0
1054.0	152.0
1055.0	131.0
1056.0	154.0
1057.0	173.0
1058.0	162.0
1059.0	150.0
1060.0	172.0
1061.0	168.0
1062.0	159.0
1063.0	151.0
1064.0	149.0
1065.0	125.0
1066.0	122.0
1067.0	145.0
1068.0	134.0
1069.0	140.0
1070.0	153.0
1071.0	117.0
1072.0	133.0
1073.0	113.0
1074.0	149.0
1075.0	147.0
1076.0	137.0
1077.0	117.0
1078.0	130.0
1079.0	140.0
1080.0	129.0
1081.0	128.0
1082.0	143.0
1083.0	126.0
1084.0	127.0
1085.0	147.0
1086.0	123.0
1087.0	136.0
1088.0	107.0
1089.0	113.0
1090.0	148.0
1091.0	121.0
1092.0	125.0
1093.0	116.0
1094.0	116.0
1095.0	130.0
1096.0	106.0
1097.0	92.0
1098.0	85.0
1099.0	96.0
1100.0	103.0
1101.0	86.0
1102.0	111.0
1103.0	112.0
1104.0	112.0
1105.0	103.0
1106.0	103.0
1107.0	100.0
1108.0	105.0
1109.0	97.0
1110.0	113.0
1111.0	99.0
1112.0	91.0
1113.0	105.0
1114.0	94.0
1115.0	105.0
1116.0	95.0
1117.0	91.0
1118.0	101.0
1119.0	110.0
1120.0	85.0
1121.0	83.0
1122.0	87.0
1123.0	89.0
1124.0	103.0
1125.0	86.0
1126.0	82.0
1127.0	90.0
1128.0	93.0
1129.0	92.0
1130.0	86.0
1131.0	79.0
1132.0	83.0
1133.0	87.0
1134.0	75.0
1135.0	65.0
1136.0	64.0
1137.0	90.0
1138.0	78.0
1139.0	69.0
1140.0	57.0
1141.0	73.0
1142.0	69.0
1143.0	70.0
1144.0	60.0
1145.0	68.0
1146.0	67.0
1147.0	64.0
1148.0	56.0
1149.0	73.0
1150.0	52.0
1151.0	60.0
1152.0	56.0
1153.0	53.0
1154.0	68.0
1155.0	63.0
1156.0	60.0
1157.0	37.0
1158.0	59.0
1159.0	57.0
1160.0	54.0
1161.0	50.0
1162.0	57.0
1163.0	69.0
1164.0	66.0
1165.0	52.0
1166.0	58.0
1167.0	55.0
1168.0	60.0
1169.0	55.0
1170.0	44.0
1171.0	61.0
1172.0	56.0
1173.0	35.0
1174.0	68.0
1175.0	52.0
1176.0	51.0
1177.0	65.0
1178.0	52.0
1179.0	65.0
1180.0	58.0
1181.0	69.0
1182.0	51.0
1183.0	46.0
1184.0	52.0
1185.0	49.0
1186.0	48.0
1187.0	55.0
1188.0	39.0
1189.0	44.0
1190.0	57.0
1191.0	61.0
1192.0	48.0
1193.0	49.0
1194.0	38.0
1195.0	55.0
1196.0	43.0
1197.0	39.0
1198.0	49.0
1199.0	40.0
1200.0	45.0
1201.0	35.0
1202.0	50.0
1203.0	34.0
1204.0	42.0
1205.0	49.0
1206.0	48.0
1207.0	46.0
1208.0	41.0
1209.0	47.0
1210.0	54.0
1211.0	54.0
1212.0	47.0
1213.0	48.0
1214.0	60.0
1215.0	40.0
1216.0	31.0
1217.0	44.0
1218.0	55.0
1219.0	37.0
1220.0	46.0
1221.0	39.0
1222.0	38.0
1223.0	41.0
1224.0	35.0
1225.0	44.0
1226.0	39.0
1227.0	31.0
1228.0	39.0
1229.0	38.0
1230.0	48.0
1231.0	45.0
1232.0	56.0
1233.0	32.0
1234.0	48.0
1235.0	40.0
1236.0	50.0
1237.0	41.0
1238.0	34.0
1239.0	31.0
1240.0	36.0
1241.0	43.0
1242.0	39.0
1243.0	39.0
1244.0	42.0
1245.0	45.0
1246.0	37.0
1247.0	46.0
1248.0	29.0
1249.0	31.0
1250.0	31.0
1251.0	33.0
1252.0	40.0
1253.0	34.0
1254.0	28.0
1255.0	34.0
1256.0	41.0
1257.0	33.0
1258.0	29.0
1259.0	31.0
1260.0	46.0
1261.0	27.0
1262.0	33.0
1263.0	32.0
1264.0	36.0
1265.0	34.0
1266.0	45.0
1267.0	44.0
1268.0	35.0
1269.0	44.0
1270.0	37.0
1271.0	30.0
1272.0	41.0
1273.0	35.0
1274.0	33.0
1275.0	39.0
1276.0	29.0
1277.0	36.0
1278.0	28.0
1279.0	33.0
1280.0	41.0
1281.0	43.0
1282.0	27.0
1283.0	44.0
1284.0	35.0
1285.0	34.0
1286.0	38.0
1287.0	31.0
1288.0	45.0
1289.0	47.0
1290.0	46.0
1291.0	49.0
1292.0	45.0
1293.0	36.0
1294.0	30.0
1295.0	41.0
1296.0	38.0
1297.0	41.0
1298.0	43.0
1299.0	32.0
1300.0	41.0
1301.0	36.0
1302.0	39.0
1303.0	31.0
1304.0	53.0
1305.0	40.0
1306.0	52.0
1307.0	49.0
1308.0	46.0
1309.0	46.0
1310.0	45.0
1311.0	39.0
1312.0	40.0
1313.0	29.0
1314.0	36.0
1315.0	43.0
1316.0	27.0
1317.0	44.0
1318.0	34.0
1319.0	32.0
1320.0	33.0
1321.0	45.0
1322.0	35.0
1323.0	32.0
1324.0	42.0
1325.0	47.0
1326.0	37.0
1327.0	25.0
1328.0	24.0
1329.0	36.0
1330.0	32.0
1331.0	34.0
1332.0	32.0
1333.0	33.0
1334.0	29.0
1335.0	37.0
1336.0	33.0
1337.0	22.0
1338.0	27.0
1339.0	28.0
1340.0	32.0
1341.0	24.0
1342.0	27.0
1343.0	29.0
1344.0	25.0
1345.0	22.0
1346.0	43.0
1347.0	33.0
1348.0	36.0
1349.0	44.0
1350.0	45.0
1351.0	47.0
1352.0	40.0
1353.0	38.0
1354.0	37.0
1355.0	49.0
1356.0	52.0
1357.0	60.0
1358.0	49.0
1359.0	43.0
1360.0	54.0
1361.0	37.0
1362.0	31.0
1363.0	31.0
1364.0	51.0
1365.0	41.0
1366.0	37.0
1367.0	39.0
1368.0	36.0
1369.0	29.0
1370.0	34.0
1371.0	44.0
1372.0	26.0
1373.0	28.0
1374.0	41.0
1375.0	31.0
1376.0	35.0
1377.0	25.0
1378.0	41.0
1379.0	28.0
1380.0	32.0
1381.0	26.0
1382.0	41.0
1383.0	43.0
1384.0	42.0
1385.0	30.0
1386.0	25.0
1387.0	31.0
1388.0	38.0
1389.0	16.0
1390.0	23.0
1391.0	31.0
1392.0	28.0
1393.0	38.0
1394.0	33.0
1395.0	33.0
1396.0	25.0
1397.0	40.0
1398.0	32.0
1399.0	24.0
1400.0	26.0
1401.0	23.0
1402.0	32.0
1403.0	32.0
1404.0	32.0
1405.0	37.0
1406.0	33.0
1407.0	39.0
1408.0	29.0
1409.0	30.0
1410.0	38.0
1411.0	34.0
1412.0	34.0
1413.0	26.0
1414.0	27.0
1415.0	36.0
1416.0	39.0
1417.0	20.0
1418.0	32.0
1419.0	28.0
1420.0	41.0
1421.0	24.0
1422.0	27.0
1423.0	38.0
1424.0	45.0
1425.0	32.0
1426.0	23.0
1427.0	35.0
1428.0	43.0
1429.0	34.0
1430.0	28.0
1431.0	40.0
1432.0	40.0
1433.0	36.0
1434.0	41.0
1435.0	40.0
1436.0	43.0
1437.0	40.0
1438.0	42.0
1439.0	34.0
1440.0	27.0
1441.0	35.0
1442.0	32.0
1443.0	35.0
1444.0	37.0
1445.0	26.0
1446.0	37.0
1447.0	44.0
1448.0	33.0
1449.0	24.0
1450.0	29.0
1451.0	27.0
1452.0	35.0
1453.0	33.0
1454.0	27.0
1455.0	37.0
1456.0	37.0
1457.0	30.0
1458.0	27.0
1459.0	36.0
1460.0	33.0
1461.0	39.0
1462.0	28.0
1463.0	37.0
1464.0	32.0
1465.0	33.0
1466.0	31.0
1467.0	25.0
1468.0	29.0
1469.0	38.0
1470.0	38.0
1471.0	38.0
1472.0	27.0
1473.0	23.0
1474.0	36.0
1475.0	38.0
1476.0	30.0
1477.0	34.0
1478.0	27.0
1479.0	35.0
1480.0	33.0
1481.0	38.0
1482.0	34.0
1483.0	31.0
1484.0	39.0
1485.0	32.0
1486.0	31.0
1487.0	47.0
1488.0	40.0
1489.0	37.0
1490.0	42.0
1491.0	41.0
1492.0	35.0
1493.0	34.0
1494.0	25.0
1495.0	33.0
1496.0	39.0
1497.0	32.0
1498.0	19.0
1499.0	20.0
1500.0	35.0
1501.0	27.0
1502.0	29.0
1503.0	32.0
1504.0	30.0
1505.0	26.0
1506.0	34.0
1507.0	29.0
1508.0	26.0
1509.0	27.0
1510.0	37.0
1511.0	35.0
1512.0	29.0
1513.0	39.0
1514.0	31.0
1515.0	28.0
1516.0	19.0
1517.0	32.0
1518.0	29.0
1519.0	21.0
1520.0	25.0
1521.0	28.0
1522.0	27.0
1523.0	22.0
1524.0	26.0
1525.0	25.0
1526.0	22.0
1527.0	24.0
1528.0	19.0
1529.0	24.0
1530.0	22.0
1531.0	24.0
1532.0	28.0
1533.0	28.0
1534.0	26.0
1535.0	30.0
1536.0	23.0
1537.0	24.0
1538.0	25.0
1539.0	27.0
1540.0	25.0
1541.0	13.0
1542.0	27.0
1543.0	25.0
1544.0	27.0
1545.0	20.0
1546.0	17.0
1547.0	29.0
1548.0	20.0
1549.0	29.0
1550.0	22.0
1551.0	26.0
1552.0	15.0
1553.0	24.0
1554.0	25.0
1555.0	26.0
1556.0	31.0
1557.0	21.0
1558.0	17.0
1559.0	24.0
1560.0	19.0
1561.0	25.0
1562.0	17.0
1563.0	24.0
1564.0	16.0
1565.0	20.0
1566.0	18.0
1567.0	14.0
1568.0	20.0
1569.0	23.0
1570.0	17.0
1571.0	17.0
1572.0	23.0
1573.0	17.0
1574.0	23.0
1575.0	28.0
1576.0	15.0
1577.0	13.0
1578.0	19.0
1579.0	19.0
1580.0	14.0
1581.0	18.0
1582.0	18.0
1583.0	9.0
1584.0	21.0
1585.0	15.0
1586.0	16.0
1587.0	17.0
1588.0	31.0
1589.0	15.0
1590.0	15.0
1591.0	16.0
1592.0	14.0
1593.0	20.0
1594.0	17.0
1595.0	13.0
1596.0	19.0
1597.0	13.0
1598.0	6.0
1599.0	18.0
1600.0	13.0
1601.0	9.0
1602.0	11.0
1603.0	14.0
1604.0	24.0
1605.0	15.0
1606.0	16.0
1607.0	19.0
1608.0	10.0
1609.0	15.0
1610.0	13.0
1611.0	14.0
1612.0	17.0
1613.0	12.0
1614.0	17.0
1615.0	16.0
1616.0	16.0
1617.0	16.0
1618.0	17.0
1619.0	16.0
1620.0	7.0
1621.0	16.0
1622.0	16.0
1623.0	11.0
1624.0	12.0
1625.0	8.0
1626.0	13.0
1627.0	11.0
1628.0	17.0
1629.0	25.0
1630.0	9.0
1631.0	12.0
1632.0	18.0
1633.0	12.0
1634.0	15.0
1635.0	19.0
1636.0	14.0
1637.0	14.0
1638.0	10.0
1639.0	18.0
1640.0	19.0
1641.0	17.0
1642.0	17.0
1643.0	24.0
1644.0	18.0
1645.0	22.0
1646.0	16.0
1647.0	25.0
1648.0	18.0
1649.0	19.0
1650.0	22.0
1651.0	24.0
1652.0	22.0
1653.0	14.0
1654.0	23.0
1655.0	17.0
1656.0	17.0
1657.0	16.0
1658.0	8.0
1659.0	18.0
1660.0	12.0
1661.0	15.0
1662.0	4.0
1663.0	7.0
1664.0	12.0
1665.0	10.0
1666.0	20.0
1667.0	12.0
1668.0	13.0
1669.0	14.0
1670.0	11.0
1671.0	9.0
1672.0	10.0
1673.0	20.0
1674.0	16.0
1675.0	16.0
1676.0	18.0
1677.0	13.0
1678.0	11.0
1679.0	15.0
1680.0	7.0
1681.0	14.0
1682.0	11.0
1683.0	11.0
1684.0	8.0
1685.0	21.0
1686.0	12.0
1687.0	11.0
1688.0	12.0
1689.0	17.0
1690.0	13.0
1691.0	15.0
1692.0	17.0
1693.0	14.0
1694.0	12.0
1695.0	6.0
1696.0	11.0
1697.0	10.0
1698.0	11.0
1699.0	9.0
1700.0	9.0
1701.0	8.0
1702.0	9.0
1703.0	19.0
1704.0	11.0
1705.0	10.0
1706.0	10.0
1707.0	10.0
1708.0	10.0
1709.0	15.0
1710.0	13.0
1711.0	4.0
1712.0	13.0
1713.0	15.0
1714.0	13.0
1715.0	12.0
1716.0	15.0
1717.0	13.0
1718.0	11.0
1719.0	5.0
1720.0	6.0
1721.0	6.0
1722.0	7.0
1723.0	14.0
1724.0	14.0
1725.0	8.0
1726.0	17.0
1727.0	12.0
1728.0	4.0
1729.0	3.0
1730.0	8.0
1731.0	6.0
1732.0	12.0
1733.0	7.0
1734.0	8.0
1735.0	9.0
1736.0	5.0
1737.0	9.0
1738.0	15.0
1739.0	9.0
1740.0	12.0
1741.0	7.0
1742.0	9.0
1743.0	9.0
1744.0	7.0
1745.0	8.0
1746.0	8.0
1747.0	7.0
1748.0	10.0
1749.0	11.0
1750.0	9.0
1751.0	11.0
1752.0	6.0
1753.0	9.0
1754.0	12.0
1755.0	11.0
1756.0	8.0
1757.0	12.0
1758.0	8.0
1759.0	9.0
1760.0	9.0
1761.0	7.0
1762.0	9.0
1763.0	11.0
1764.0	13.0
1765.0	9.0
1766.0	9.0
1767.0	13.0
1768.0	5.0
1769.0	6.0
1770.0	8.0
1771.0	6.0
1772.0	8.0
1773.0	4.0
1774.0	7.0
1775.0	10.0
1776.0	6.0
1777.0	10.0
1778.0	7.0
1779.0	7.0
1780.0	6.0
1781.0	6.0
1782.0	3.0
1783.0	4.0
1784.0	10.0
1785.0	7.0
1786.0	11.0
1787.0	7.0
1788.0	5.0
1789.0	2.0
1790.0	10.0
1791.0	12.0
1792.0	10.0
1793.0	9.0
1794.0	7.0
1795.0	7.0
1796.0	9.0
1797.0	10.0
1798.0	6.0
1799.0	8.0
1800.0	6.0
1801.0	9.0
1802.0	10.0
1803.0	5.0
1804.0	5.0
1805.0	12.0
1806.0	7.0
1807.0	6.0
1808.0	7.0
1809.0	2.0
1810.0	4.0
1811.0	5.0
1812.0	9.0
1813.0	3.0
1814.0	7.0
1815.0	9.0
1816.0	5.0
1817.0	7.0
1818.0	6.0
1819.0	6.0
1820.0	9.0
1821.0	9.0
1822.0	7.0
1823.0	11.0
1824.0	7.0
1825.0	10.0
1826.0	5.0
1827.0	11.0
1828.0	5.0
1829.0	3.0
1830.0	6.0
1831.0	5.0
1832.0	6.0
1833.0	11.0
1834.0	10.0
1835.0	2.0
1836.0	5.0
1837.0	7.0
1838.0	8.0
1839.0	4.0
1840.0	11.0
1841.0	4.0
1842.0	3.0
1843.0	3.0
1844.0	5.0
1845.0	6.0
1846.0	2.0
1847.0	7.0
1848.0	3.0
1849.0	11.0
1850.0	3.0
1851.0	7.0
1852.0	10.0
1853.0	4.0
1854.0	4.0
1855.0	6.0
1856.0	5.0
1857.0	3.0
1858.0	5.0
1859.0	7.0
1860.0	4.0
1861.0	3.0
1862.0	6.0
1863.0	4.0
1864.0	5.0
1865.0	5.0
1866.0	6.0
1867.0	6.0
1868.0	6.0
1869.0	6.0
1870.0	1.0
1871.0	2.0
1872.0	6.0
1873.0	3.0
1874.0	4.0
1875.0	3.0
1876.0	2.0
1877.0	3.0
1878.0	6.0
1879.0	6.0
1880.0	5.0
1881.0	3.0
1882.0	3.0
1883.0	3.0
1884.0	5.0
1885.0	7.0
1886.0	4.0
1887.0	3.0
1888.0	3.0
1889.0	6.0
1890.0	4.0
1891.0	7.0
1892.0	9.0
1893.0	3.0
1894.0	5.0
1895.0	6.0
1896.0	5.0
1897.0	7.0
1898.0	6.0
1899.0	3.0
1900.0	4.0
1901.0	6.0
1902.0	1.0
1903.0	6.0
1904.0	6.0
1905.0	5.0
1906.0	5.0
1907.0	3.0
1908.0	3.0
1909.0	2.0
1910.0	3.0
1911.0	5.0
1913.0	3.0
1914.0	5.0
1915.0	3.0
1916.0	2.0
1917.0	2.0
1918.0	3.0
1919.0	3.0
1920.0	4.0
1921.0	1.0
1922.0	6.0
1923.0	1.0
1924.0	5.0
1925.0	1.0
1926.0	3.0
1927.0	2.0
1928.0	1.0
1929.0	1.0
1930.0	3.0
1931.0	3.0
1932.0	4.0
1933.0	2.0
1934.0	2.0
1935.0	3.0
1936.0	2.0
1937.0	7.0
1938.0	3.0
1939.0	1.0
1940.0	5.0
1941.0	5.0
1942.0	6.0
1943.0	4.0
1944.0	4.0
1945.0	6.0
1946.0	4.0
1947.0	6.0
1948.0	4.0
1949.0	2.0
1950.0	6.0
1951.0	4.0
1952.0	3.0
1953.0	4.0
1954.0	5.0
1955.0	1.0
1956.0	8.0
1957.0	4.0
1958.0	3.0
1959.0	9.0
1960.0	3.0
1961.0	7.0
1962.0	7.0
1963.0	6.0
1964.0	4.0
1965.0	3.0
1966.0	6.0
1967.0	4.0
1968.0	5.0
1969.0	4.0
1970.0	2.0
1971.0	9.0
1972.0	3.0
1973.0	5.0
1974.0	6.0
1976.0	4.0
1977.0	4.0
1978.0	5.0
1979.0	4.0
1980.0	5.0
1981.0	9.0
1982.0	5.0
1983.0	5.0
1984.0	3.0
1985.0	5.0
1986.0	2.0
1987.0	10.0
1988.0	5.0
1989.0	4.0
1990.0	1.0
1992.0	5.0
1993.0	3.0
1994.0	3.0
1995.0	4.0
1996.0	6.0
1997.0	3.0
1998.0	7.0
1999.0	11.0
2000.0	1.0
2001.0	2.0
2002.0	1.0
2004.0	4.0
2005.0	5.0
2006.0	3.0
2007.0	4.0
2008.0	2.0
2009.0	1.0
2010.0	2.0
2011.0	3.0
2012.0	2.0
2013.0	5.0
2014.0	3.0
2015.0	3.0
2016.0	2.0
2017.0	2.0
2018.0	2.0
2019.0	3.0
2020.0	3.0
2021.0	6.0
2022.0	5.0
2024.0	9.0
2025.0	5.0
2026.0	4.0
2027.0	7.0
2028.0	4.0
2029.0	2.0
2030.0	4.0
2031.0	4.0
2032.0	2.0
2033.0	2.0
2034.0	2.0
2035.0	3.0
2036.0	1.0
2037.0	1.0
2038.0	6.0
2039.0	2.0
2040.0	7.0
2041.0	1.0
2042.0	9.0
2043.0	5.0
2044.0	1.0
2045.0	1.0
2046.0	2.0
2047.0	4.0
2048.0	2.0
2049.0	4.0
2050.0	5.0
2051.0	5.0
2052.0	6.0
2053.0	3.0
2054.0	1.0
2055.0	4.0
2056.0	3.0
2057.0	5.0
2058.0	2.0
2059.0	5.0
2060.0	7.0
2061.0	8.0
2062.0	2.0
2063.0	7.0
2064.0	3.0
2065.0	6.0
2066.0	2.0
2067.0	3.0
2068.0	4.0
2069.0	2.0
2070.0	6.0
2071.0	3.0
2072.0	4.0
2073.0	1.0
2074.0	1.0
2075.0	3.0
2076.0	1.0
2077.0	1.0
2078.0	2.0
2079.0	3.0
2080.0	4.0
2081.0	5.0
2082.0	2.0
2083.0	5.0
2084.0	1.0
2086.0	3.0
2087.0	2.0
2088.0	2.0
2089.0	1.0
2090.0	3.0
2091.0	4.0
2092.0	5.0
2093.0	3.0
2094.0	1.0
2095.0	1.0
2096.0	3.0
2097.0	6.0
2098.0	1.0
2099.0	4.0
2100.0	1.0
2101.0	1.0
2102.0	1.0
2103.0	3.0
2104.0	2.0
2105.0	5.0
2107.0	3.0
2108.0	1.0
2109.0	2.0
2111.0	2.0
2112.0	3.0
2115.0	2.0
2116.0	1.0
2117.0	2.0
2118.0	3.0
2119.0	1.0
2120.0	2.0
2121.0	2.0
2122.0	3.0
2123.0	4.0
2124.0	3.0
2126.0	3.0
2127.0	3.0
2128.0	3.0
2129.0	1.0
2130.0	1.0
2131.0	4.0
2132.0	1.0
2133.0	5.0
2134.0	1.0
2135.0	6.0
2136.0	2.0
2137.0	3.0
2138.0	5.0
2139.0	3.0
2140.0	1.0
2141.0	1.0
2142.0	2.0
2143.0	2.0
2145.0	4.0
2146.0	2.0
2147.0	3.0
2148.0	2.0
2149.0	6.0
2150.0	2.0
2152.0	1.0
2153.0	1.0
2154.0	2.0
2155.0	3.0
2156.0	2.0
2157.0	1.0
2158.0	4.0
2159.0	2.0
2160.0	5.0
2161.0	4.0
2162.0	4.0
2163.0	1.0
2164.0	5.0
2165.0	7.0
2166.0	1.0
2167.0	6.0
2168.0	4.0
2169.0	3.0
2170.0	1.0
2171.0	3.0
2172.0	3.0
2173.0	4.0
2174.0	2.0
2176.0	5.0
2177.0	2.0
2178.0	3.0
2179.0	3.0
2180.0	1.0
2181.0	2.0
2182.0	3.0
2183.0	4.0
2184.0	3.0
2185.0	3.0
2186.0	2.0
2187.0	6.0
2188.0	2.0
2189.0	2.0
2190.0	2.0
2191.0	3.0
2192.0	4.0
2193.0	5.0
2194.0	5.0
2195.0	5.0
2196.0	4.0
2197.0	4.0
2198.0	5.0
2199.0	6.0
2200.0	5.0
2201.0	4.0
2202.0	7.0
2203.0	1.0
2204.0	6.0
2205.0	5.0
2206.0	6.0
2207.0	4.0
2208.0	3.0
2209.0	4.0
2210.0	3.0
2211.0	4.0
2212.0	7.0
2213.0	10.0
2214.0	4.0
2215.0	6.0
2216.0	3.0
2217.0	3.0
2218.0	5.0
2219.0	2.0
2220.0	6.0
2221.0	4.0
2222.0	1.0
2223.0	4.0
2224.0	1.0
2225.0	2.0
2226.0	5.0
2227.0	2.0
2228.0	2.0
2229.0	2.0
2230.0	3.0
2231.0	4.0
2232.0	3.0
2233.0	3.0
2234.0	7.0
2235.0	6.0
2238.0	5.0
2239.0	3.0
2240.0	3.0
2241.0	1.0
2242.0	2.0
2243.0	1.0
2244.0	2.0
2246.0	1.0
2247.0	3.0
2248.0	3.0
2249.0	2.0
2250.0	3.0
2251.0	1.0
2252.0	2.0
2253.0	1.0
2254.0	3.0
2255.0	2.0
2257.0	3.0
2258.0	3.0
2259.0	3.0
2261.0	4.0
2262.0	4.0
2263.0	1.0
2264.0	3.0
2265.0	2.0
2266.0	2.0
2267.0	3.0
2268.0	1.0
2269.0	3.0
2270.0	3.0
2271.0	3.0
2272.0	2.0
2273.0	1.0
2274.0	1.0
2276.0	3.0
2277.0	3.0
2279.0	2.0
2281.0	1.0
2282.0	5.0
2283.0	3.0
2284.0	3.0
2285.0	1.0
2286.0	3.0
2287.0	2.0
2290.0	1.0
2291.0	1.0
2292.0	2.0
2293.0	2.0
2294.0	1.0
2295.0	1.0
2296.0	1.0
2297.0	1.0
2298.0	3.0
2299.0	1.0
2300.0	4.0
2301.0	4.0
2302.0	1.0
2303.0	1.0
2304.0	1.0
2305.0	3.0
2306.0	1.0
2307.0	5.0
2308.0	1.0
2309.0	6.0
2310.0	5.0
2311.0	3.0
2312.0	1.0
2313.0	1.0
2314.0	1.0
2315.0	5.0
2316.0	2.0
2318.0	1.0
2319.0	4.0
2320.0	4.0
2321.0	3.0
2324.0	2.0
2325.0	4.0
2326.0	2.0
2328.0	2.0
2329.0	3.0
2331.0	2.0
2332.0	2.0
2333.0	1.0
2334.0	3.0
2335.0	2.0
2336.0	4.0
2337.0	4.0
2338.0	3.0
2339.0	1.0
2340.0	1.0
2341.0	3.0
2342.0	4.0
2343.0	1.0
2344.0	2.0
2345.0	4.0
2346.0	1.0
2347.0	1.0
2348.0	3.0
2349.0	4.0
2350.0	3.0
2351.0	4.0
2354.0	2.0
2355.0	2.0
2357.0	4.0
2358.0	1.0
2359.0	1.0
2360.0	1.0
2361.0	1.0
2363.0	4.0
2364.0	2.0
2365.0	2.0
2366.0	1.0
2367.0	2.0
2368.0	4.0
2369.0	1.0
2370.0	1.0
2371.0	2.0
2372.0	3.0
2374.0	3.0
2375.0	1.0
2376.0	3.0
2377.0	1.0
2378.0	3.0
2379.0	2.0
2380.0	1.0
2381.0	1.0
2382.0	2.0
2383.0	2.0
2385.0	1.0
2386.0	2.0
2388.0	2.0
2389.0	2.0
2390.0	3.0
2392.0	1.0
2393.0	2.0
2394.0	1.0
2395.0	1.0
2396.0	3.0
2398.0	1.0
2400.0	2.0
2401.0	4.0
2402.0	3.0
2403.0	2.0
2404.0	1.0
2405.0	4.0
2406.0	2.0
2407.0	1.0
2408.0	1.0
2409.0	1.0
2410.0	1.0
2412.0	3.0
2413.0	1.0
2414.0	1.0
2415.0	4.0
2417.0	3.0
2418.0	1.0
2419.0	4.0
2421.0	2.0
2422.0	4.0
2423.0	2.0
2424.0	1.0
2425.0	3.0
2426.0	3.0
2427.0	1.0
2428.0	1.0
2429.0	3.0
2430.0	4.0
2431.0	1.0
2432.0	3.0
2434.0	2.0
2435.0	1.0
2436.0	1.0
2437.0	1.0
2439.0	1.0
2441.0	1.0
2442.0	3.0
2443.0	1.0
2444.0	2.0
2445.0	2.0
2447.0	1.0
2448.0	1.0
2450.0	1.0
2451.0	1.0
2453.0	1.0
2454.0	3.0
2455.0	3.0
2456.0	1.0
2458.0	3.0
2459.0	1.0
2460.0	2.0
2461.0	1.0
2464.0	1.0
2469.0	2.0
2470.0	1.0
2471.0	3.0
2473.0	4.0
2477.0	1.0
2478.0	2.0
2479.0	1.0
2480.0	1.0
2481.0	2.0
2482.0	3.0
2483.0	2.0
2486.0	2.0
2487.0	1.0
2492.0	2.0
2495.0	1.0
2497.0	1.0
2499.0	3.0
2501.0	1.0
2502.0	1.0
2504.0	1.0
2506.0	2.0
2507.0	3.0
2508.0	1.0
2509.0	2.0
2513.0	1.0
2516.0	2.0
2518.0	1.0
2519.0	1.0
2520.0	1.0
2522.0	1.0
2523.0	1.0
2524.0	1.0
2525.0	2.0
2526.0	2.0
2527.0	1.0
2528.0	1.0
2529.0	1.0
2532.0	1.0
2533.0	1.0
2535.0	1.0
2536.0	3.0
2537.0	4.0
2539.0	2.0
2541.0	1.0
2543.0	3.0
2544.0	1.0
2546.0	1.0
2547.0	1.0
2549.0	1.0
2552.0	1.0
2553.0	1.0
2556.0	2.0
2557.0	1.0
2558.0	1.0
2559.0	1.0
2560.0	2.0
2561.0	1.0
2562.0	1.0
2563.0	3.0
2566.0	1.0
2567.0	2.0
2568.0	1.0
2570.0	1.0
2571.0	1.0
2572.0	3.0
2573.0	1.0
2574.0	2.0
2575.0	1.0
2576.0	1.0
2577.0	1.0
2579.0	1.0
2580.0	1.0
2581.0	1.0
2582.0	1.0
2583.0	1.0
2584.0	2.0
2585.0	2.0
2586.0	1.0
2587.0	2.0
2589.0	3.0
2591.0	2.0
2592.0	3.0
2593.0	2.0
2594.0	1.0
2596.0	1.0
2597.0	2.0
2598.0	4.0
2599.0	1.0
2600.0	1.0
2601.0	5.0
2602.0	2.0
2603.0	2.0
2604.0	3.0
2606.0	2.0
2607.0	3.0
2608.0	3.0
2609.0	1.0
2610.0	3.0
2611.0	3.0
2612.0	4.0
2613.0	1.0
2614.0	1.0
2615.0	2.0
2616.0	3.0
2617.0	2.0
2618.0	2.0
2620.0	2.0
2621.0	2.0
2622.0	2.0
2623.0	1.0
2626.0	2.0
2628.0	1.0
2629.0	1.0
2630.0	2.0
2631.0	1.0
2632.0	1.0
2635.0	1.0
2636.0	1.0
2637.0	3.0
2638.0	2.0
2640.0	1.0
2642.0	1.0
2643.0	2.0
2644.0	1.0
2647.0	2.0
2650.0	3.0
2651.0	1.0
2652.0	1.0
2653.0	1.0
2654.0	1.0
2661.0	2.0
2664.0	1.0
2665.0	1.0
2666.0	3.0
2667.0	4.0
2668.0	1.0
2669.0	1.0
2670.0	1.0
2671.0	3.0
2673.0	2.0
2674.0	3.0
2675.0	1.0
2677.0	2.0
2679.0	2.0
2680.0	3.0
2682.0	1.0
2685.0	2.0
2686.0	1.0
2687.0	2.0
2688.0	1.0
2690.0	1.0
2693.0	1.0
2694.0	1.0
2696.0	1.0
2697.0	1.0
2698.0	1.0
2699.0	1.0
2704.0	2.0
2705.0	1.0
2707.0	2.0
2708.0	1.0
2709.0	2.0
2710.0	1.0
2711.0	1.0
2714.0	1.0
2715.0	2.0
2718.0	1.0
2719.0	1.0
2721.0	1.0
2722.0	1.0
2723.0	1.0
2724.0	1.0
2725.0	1.0
2728.0	1.0
2729.0	1.0
2730.0	1.0
2731.0	1.0
2734.0	1.0
2738.0	1.0
2742.0	2.0
2744.0	1.0
2746.0	2.0
2747.0	1.0
2748.0	2.0
2749.0	1.0
2750.0	1.0
2751.0	2.0
2752.0	2.0
2753.0	2.0
2754.0	4.0
2756.0	1.0
2758.0	1.0
2759.0	3.0
2760.0	4.0
2762.0	1.0
2763.0	3.0
2764.0	2.0
2765.0	1.0
2766.0	4.0
2767.0	3.0
2768.0	1.0
2769.0	1.0
2770.0	1.0
2771.0	1.0
2772.0	2.0
2773.0	2.0
2775.0	1.0
2777.0	1.0
2779.0	1.0
2784.0	1.0
2787.0	2.0
2788.0	2.0
2789.0	1.0
2790.0	2.0
2791.0	1.0
2792.0	1.0
2793.0	1.0
2794.0	3.0
2795.0	1.0
2797.0	2.0
2798.0	2.0
2799.0	1.0
2801.0	1.0
2804.0	2.0
2805.0	2.0
2806.0	2.0
2808.0	1.0
2809.0	1.0
2811.0	1.0
2813.0	2.0
2814.0	1.0
2816.0	5.0
2818.0	1.0
2819.0	1.0
2823.0	3.0
2825.0	1.0
2828.0	5.0
2829.0	4.0
2830.0	1.0
2831.0	3.0
2832.0	2.0
2833.0	2.0
2834.0	3.0
2835.0	4.0
2836.0	3.0
2837.0	4.0
2838.0	3.0
2839.0	3.0
2840.0	1.0
2841.0	3.0
2842.0	1.0
2843.0	1.0
2844.0	1.0
2847.0	1.0
2848.0	2.0
2849.0	2.0
2850.0	1.0
2853.0	2.0
2854.0	2.0
2855.0	2.0
2856.0	3.0
2857.0	3.0
2858.0	1.0
2859.0	3.0
2861.0	3.0
2863.0	1.0
2864.0	1.0
2865.0	1.0
2867.0	2.0
2868.0	1.0
2869.0	2.0
2871.0	3.0
2873.0	4.0
2875.0	3.0
2876.0	1.0
2877.0	2.0
2878.0	2.0
2879.0	1.0
2880.0	2.0
2882.0	2.0
2883.0	5.0
2884.0	1.0
2886.0	2.0
2888.0	3.0
2889.0	4.0
2891.0	2.0
2892.0	3.0
2893.0	2.0
2894.0	2.0
2895.0	3.0
2897.0	2.0
2898.0	4.0
2900.0	2.0
2903.0	1.0
2907.0	1.0
2913.0	1.0
2917.0	1.0
2920.0	1.0
2930.0	1.0
2933.0	1.0
2935.0	1.0
2940.0	1.0
2942.0	1.0
2948.0	1.0
2949.0	1.0
2953.0	2.0
2960.0	1.0
2962.0	1.0
2972.0	1.0
2973.0	1.0
2980.0	1.0
2983.0	1.0
2984.0	1.0
2985.0	3.0
2986.0	1.0
2988.0	1.0
2990.0	1.0
2992.0	1.0
2993.0	1.0
2996.0	2.0
3001.0	2.0
3003.0	1.0
3004.0	2.0
3007.0	1.0
3008.0	1.0
3009.0	1.0
3011.0	2.0
3012.0	1.0
3013.0	1.0
3015.0	1.0
3017.0	1.0
3018.0	1.0
3019.0	1.0
3023.0	1.0
3028.0	1.0
3030.0	1.0
3037.0	1.0
3039.0	2.0
3044.0	1.0
3056.0	1.0
3058.0	1.0
3062.0	2.0
3063.0	1.0
3065.0	1.0
3068.0	1.0
3072.0	1.0
3080.0	1.0
3083.0	2.0
3094.0	1.0
3097.0	1.0
3099.0	1.0
3103.0	1.0
3104.0	1.0
3111.0	1.0
3117.0	1.0
3119.0	1.0
3122.0	1.0
3123.0	1.0
3126.0	1.0
3129.0	1.0
3133.0	1.0
3142.0	1.0
3152.0	1.0
3158.0	1.0
3160.0	1.0
3162.0	1.0
3168.0	1.0
3169.0	1.0
3177.0	1.0
3183.0	1.0
3184.0	1.0
3196.0	3.0
3198.0	1.0
3201.0	1.0
3202.0	1.0
3205.0	1.0
3206.0	1.0
3207.0	1.0
3210.0	1.0
3211.0	1.0
3214.0	1.0
3216.0	1.0
3217.0	1.0
3220.0	1.0
3222.0	1.0
3223.0	1.0
3225.0	1.0
3232.0	2.0
3236.0	1.0
3238.0	1.0
3243.0	2.0
3245.0	3.0
3246.0	1.0
3247.0	1.0
3248.0	1.0
3249.0	1.0
3252.0	1.0
3253.0	3.0
3256.0	1.0
3257.0	1.0
3258.0	1.0
3265.0	1.0
3269.0	3.0
3277.0	1.0
3279.0	1.0
3281.0	1.0
3283.0	1.0
3284.0	1.0
3285.0	1.0
3286.0	2.0
3287.0	1.0
3288.0	2.0
3290.0	2.0
3294.0	1.0
3297.0	1.0
3302.0	1.0
3309.0	1.0
3311.0	1.0
3327.0	1.0
3329.0	1.0
3336.0	1.0
3340.0	1.0
3342.0	1.0
3343.0	1.0
3346.0	1.0
3347.0	1.0
3350.0	1.0
3352.0	2.0
3353.0	1.0
3363.0	1.0
3369.0	1.0
3371.0	1.0
3374.0	1.0
3375.0	1.0
3377.0	1.0
3380.0	2.0
3387.0	1.0
3393.0	1.0
3400.0	1.0
3412.0	1.0
3416.0	1.0
3421.0	2.0
3424.0	2.0
3425.0	1.0
3429.0	1.0
3432.0	1.0
3437.0	1.0
3442.0	1.0
3443.0	1.0
3444.0	1.0
3447.0	1.0
3455.0	1.0
3461.0	1.0
3466.0	1.0
3472.0	1.0
3473.0	1.0
3478.0	1.0
3487.0	1.0
3488.0	1.0
3497.0	1.0
3500.0	1.0
3504.0	1.0
3514.0	1.0
3519.0	2.0
3520.0	1.0
3526.0	1.0
3528.0	1.0
3529.0	2.0
3533.0	1.0
3541.0	1.0
3543.0	1.0
3549.0	1.0
3553.0	2.0
3562.0	1.0
3564.0	1.0
3565.0	1.0
3567.0	1.0
3572.0	2.0
3574.0	1.0
3575.0	1.0
3579.0	2.0
3590.0	1.0
3592.0	1.0
3598.0	1.0
3601.0	1.0
3603.0	1.0
3605.0	1.0
3606.0	1.0
3618.0	2.0
3620.0	1.0
3621.0	1.0
3624.0	1.0
3625.0	1.0
3630.0	2.0
3633.0	1.0
3640.0	1.0
3641.0	1.0
3643.0	1.0
3648.0	1.0
3654.0	1.0
3656.0	1.0
3659.0	1.0
3660.0	1.0
3662.0	1.0
3665.0	2.0
3668.0	1.0
3669.0	1.0
3670.0	1.0
3672.0	1.0
3673.0	1.0
3674.0	1.0
3676.0	1.0
3684.0	1.0
3686.0	2.0
3692.0	1.0
3696.0	1.0
3697.0	1.0
3701.0	1.0
3709.0	1.0
3711.0	1.0
3714.0	1.0
3718.0	1.0
3720.0	1.0
3724.0	1.0
3725.0	1.0
3727.0	1.0
3729.0	1.0
3730.0	1.0
3736.0	1.0
3737.0	1.0
3752.0	1.0
3755.0	1.0
3761.0	1.0
3763.0	1.0
3768.0	1.0
3782.0	1.0
3788.0	1.0
3793.0	1.0
3794.0	1.0
3800.0	2.0
3808.0	1.0
3809.0	2.0
3812.0	1.0
3814.0	1.0
3816.0	1.0
3824.0	1.0
3827.0	1.0
3830.0	1.0
3837.0	1.0
3842.0	2.0
3845.0	2.0
3847.0	1.0
3854.0	1.0
3856.0	1.0
3860.0	1.0
3867.0	1.0
3870.0	1.0
3872.0	1.0
3877.0	1.0
3878.0	1.0
3897.0	1.0
3902.0	1.0
3907.0	1.0
3909.0	1.0
3911.0	1.0
3919.0	2.0
3921.0	1.0
3926.0	1.0
3927.0	3.0
3934.0	2.0
3938.0	2.0
3939.0	2.0
3941.0	2.0
3942.0	2.0
3943.0	1.0
3944.0	2.0
3945.0	1.0
3947.0	1.0
3948.0	1.0
3949.0	2.0
3950.0	1.0
3954.0	3.0
3957.0	1.0
3962.0	1.0
3970.0	1.0
3972.0	1.0
3976.0	1.0
3978.0	1.0
3982.0	1.0
3985.0	1.0
3988.0	1.0
3993.0	1.0
3996.0	1.0
4002.0	1.0
4020.0	1.0
4021.0	1.0
4025.0	1.0
4027.0	1.0
4035.0	1.0
4046.0	1.0
4047.0	1.0
4051.0	1.0
4061.0	1.0
4066.0	1.0
4073.0	1.0
4081.0	1.0
4082.0	1.0
4093.0	1.0
4107.0	1.0
4110.0	1.0
4114.0	1.0
4117.0	1.0
4119.0	1.0
4124.0	1.0
4130.0	1.0
4131.0	1.0
4139.0	1.0
4149.0	1.0
4150.0	1.0
4154.0	1.0
4159.0	1.0
4160.0	1.0
4161.0	3.0
4165.0	1.0
4168.0	1.0
4169.0	1.0
4174.0	1.0
4184.0	1.0
4188.0	1.0
4189.0	1.0
4194.0	1.0
4207.0	2.0
4212.0	1.0
4215.0	1.0
4216.0	2.0
4222.0	2.0
4223.0	1.0
4225.0	1.0
4228.0	1.0
4237.0	2.0
4239.0	2.0
4245.0	2.0
4250.0	1.0
4253.0	1.0
4264.0	1.0
4266.0	1.0
4270.0	1.0
4274.0	1.0
4314.0	1.0
4318.0	1.0
4325.0	1.0
4328.0	1.0
4336.0	1.0
4338.0	1.0
4339.0	1.0
4344.0	1.0
4348.0	1.0
4357.0	1.0
4364.0	1.0
4374.0	1.0
4379.0	1.0
4388.0	1.0
4426.0	1.0
4443.0	1.0
4454.0	1.0
4468.0	1.0
4473.0	1.0
4475.0	1.0
4481.0	1.0
4486.0	2.0
4489.0	1.0
4503.0	1.0
4513.0	1.0
4530.0	1.0
4543.0	1.0
4565.0	1.0
4571.0	1.0
4580.0	1.0
4590.0	1.0
4591.0	1.0
4626.0	1.0
4640.0	1.0
4658.0	2.0
4669.0	1.0
4690.0	1.0
4697.0	1.0
4722.0	1.0
4756.0	1.0
4787.0	1.0
4792.0	1.0
4809.0	1.0
4814.0	1.0
4830.0	1.0
4836.0	1.0
4852.0	1.0
4857.0	1.0
4861.0	1.0
4865.0	1.0
4890.0	1.0
4922.0	1.0
4945.0	1.0
4983.0	1.0
4994.0	1.0
