# Position (bp)	A	C	G	T	N
0.0	36.141756786118435	23.046552005892174	9.983013681754349	30.826575456456013	0.00210206977903284
1.0	35.59676383485198	24.861331099285305	7.851409998182465	31.634268511312424	0.05622655636783351
2.0	38.140844490179084	23.28611644577915	7.993506632592894	30.577419810287793	0.0021126211610804115
3.0	33.365686997026614	25.84086630692003	8.630331192758826	32.16054155226281	0.002573951031715895
4.0	47.16401301557526	12.610596216042266	7.655799098778322	32.56635649863079	0.003235170973363704
5.0	47.97920575831593	12.40162785315379	6.977225650789608	32.639217894984505	0.0027228427561649584
6.0	46.56416694617082	12.302801850332562	7.678447054155543	33.44604808126459	0.008536068076485279
7.0	45.79093646364545	12.733461198107321	7.539694035478413	33.932904676012605	0.003003626756208665
8.0	44.23803505223046	12.724181843784374	8.223115843517986	34.79490569426787	0.01976156619931821
9.0	43.61068035745222	12.988067805478895	8.38552447455788	35.01295586615984	0.0027714963511620934
10.0	42.87325774846896	13.013260988681147	8.62336376348008	35.48121506386113	0.008902435508692621
11.0	42.83569775931906	12.544546322988145	8.745884067064914	35.836893946054275	0.03697790457360558
12.0	42.1216441168196	12.950885907519035	8.944647484949714	35.98094024139194	0.0018822493197084352
13.0	42.09488405338328	12.679378330858821	9.1652376089757	36.0584782447443	0.0020217620378929907
14.0	41.960434826205784	12.407976268019079	9.349440705822744	36.28027064013582	0.0018775598165761815
15.0	41.43247708125513	12.636619441298928	9.6395661961059	36.289105077849094	0.0022322034909528876
16.0	41.37949566105481	12.357582281171986	9.788633776922422	36.469363130186125	0.004925150664649727
17.0	41.23641130004715	12.078384505562765	9.877913709930057	36.80534316828435	0.0019473161756684589
18.0	41.07669678855674	11.966896258096558	10.22590884124101	36.728720204230676	0.0017779078750157847
19.0	40.761747999630884	12.114751602353396	10.240464472775635	36.881254500237716	0.0017814250023649749
20.0	40.95211242169428	11.846327212190316	10.434759639778504	36.76499053506792	0.0018101912689832377
21.0	40.85734719268692	12.186025961819237	10.500496984013198	36.454199445151566	0.001930416329073411
22.0	40.64703015603821	11.945221761511021	10.577211467648793	36.82871809766505	0.0018185171369240402
23.0	40.89471241808676	11.72917642244786	10.697728898108236	36.67581791529546	0.0025643460616786083
24.0	40.68798345491366	11.933889542711734	10.797371127348478	36.5726911902386	0.00806468478752968
25.0	40.79900878502601	11.732246640265478	10.86442047344169	36.6025826134832	0.001741487783621515
26.0	40.77843871255528	11.510556386214931	10.879900243156252	36.828831742270765	0.0022729158027661243
27.0	40.37561530477708	11.60007204575121	10.952826172406665	37.063846042977666	0.007640434087380292
28.0	40.41587662011853	11.525710702293322	10.977743525295839	37.07903918961094	0.0016299626813621613
29.0	40.03871162980606	11.450106555209674	11.039888414734	37.46937694808506	0.0019164521652014382
30.0	40.15239170339986	11.489668847007039	11.070304848590482	37.28565855563604	0.0019760453665752195
31.0	39.89317710960262	11.721933948218938	11.062625950265714	37.32042562120324	0.0018373707094870555
32.0	39.9032226795811	11.590040125701316	11.078569826046907	37.42654320994176	0.001624158728921052
33.0	39.92515138054812	11.455133704436195	11.084771034335697	37.53263523495616	0.0023086457238171232
34.0	39.75134001391842	11.413083433316649	11.17375134044855	37.6502998465769	0.011525365739476845
35.0	39.9056200033219	11.219180113102192	11.109960251145692	37.76287758832147	0.0023620441087411777
36.0	39.638165654667354	11.442904565594462	11.124361773115478	37.78339602711594	0.011171979506762719
37.0	39.604932033352405	11.362372024058564	11.13281035758788	37.87388664082742	0.025998944173725363
38.0	39.468441771768006	11.25405382443398	11.136993904867298	38.138930898600314	0.00157960033039542
39.0	39.28647309653605	11.236159518616	11.18395503359931	38.28224893913132	0.01116341211732053
40.0	39.49254167687093	11.286746479491711	11.117054782389074	38.10232851750964	0.0013285437386482157
41.0	39.44378604446858	11.128220582537395	11.094320738376858	38.332171795740265	0.0015008388768996143
42.0	39.27342111498099	11.14984774795977	11.051905314471625	38.52324016219233	0.0015856603952803922
43.0	39.2708273734027	11.159618241459365	11.101783276675055	38.46622557903121	0.001545529431660641
44.0	39.17012131191795	11.070226018840543	11.011877438996894	38.746288661077344	0.0014865691672660453
45.0	38.970484147488705	11.146266353374738	11.08757525179532	38.79402784914854	0.001646398192697065
46.0	39.01541931668955	11.096455863896153	11.038835296033247	38.84784480804967	0.0014447153313731323
47.0	38.95659916694404	10.9789254868762	10.993599266345527	39.06935094421628	0.0015251356179559546
48.0	38.90350789944447	11.057095920803208	11.11417023261678	38.92373191136567	0.0014940357698742484
49.0	39.04875688052557	11.072380761527905	11.120620720515282	38.756546891032215	0.001694746399026678
50.0	38.945731124223634	11.025787992985043	11.12473450046072	38.902193320333616	0.0015530619969840913
51.0	38.84985067842505	11.080872288561705	11.204310809301184	38.86276521027165	0.002201013440411487
52.0	38.91855689908453	11.165276712986508	11.10820183603444	38.80504826023656	0.0029162916579618457
53.0	39.000945102960536	10.825731344582925	11.052095085169714	39.11958455825713	0.001643909029692585
54.0	38.90698817772311	10.942461134810442	11.090845205471142	39.058035690229595	0.0016697917657179462
55.0	38.74200511655069	10.908472995521404	11.132328154807084	39.21557639914434	0.001617333976481416
56.0	38.68962808595113	10.793592928797176	11.056772850483567	39.45838163122165	0.0016245035464817511
57.0	38.534279624027135	10.8813294742226	11.151288956296234	39.43146380622066	0.0016381392333692849
58.0	38.49968817829084	10.897115964760832	11.150884954528813	39.45038284148131	0.0019280609382020543
59.0	38.56777827678896	10.806264537894133	11.13267172012981	39.49119663843893	0.002088826748173663
60.0	38.69313959241742	10.87846901621277	11.173767000488263	39.235545716340695	0.019078674540851107
61.0	38.559453730555504	10.967941048759675	11.175194063266598	39.29565219334255	0.0017589640756724468
62.0	38.606042352494505	10.895587143298735	11.134024714233073	39.36257635751055	0.001769432463141453
63.0	38.66368921331602	10.768481759699837	11.137322043611814	39.42872165397275	0.0017853293995698557
64.0	38.61480700827857	10.785106909141518	11.165529815956386	39.43263306613185	0.001923200491674547
65.0	38.554927991837594	10.644788320603288	11.159295682269125	39.63919284280804	0.0017951624819469742
66.0	38.405304085299754	10.698518512552846	11.2446296386983	39.64919146432934	0.0023562991197556074
67.0	38.36833861812088	10.736008536088146	11.229003627240008	39.663862807992956	0.0027864105580089706
68.0	38.40558179655116	10.714070488974508	11.257668368467854	39.611699201796206	0.010980144210268777
69.0	38.219469292119996	10.696337635091883	11.361513946044562	39.72081582613882	0.0018633006047397449
70.0	38.18904755958304	10.807756364501547	11.358543385627405	39.64089717475308	0.003755515534927376
71.0	38.347600744519795	10.687959387703634	11.29819621309562	39.64119703896285	0.025046615718100754
72.0	38.14166043393038	10.820745734870531	11.300953010803317	39.716072213430884	0.02056860696488695
73.0	38.17542683905262	10.702508621177172	11.288815888171914	39.8127142109475	0.02053444065080368
74.0	38.24325540661946	10.58717898546015	11.328607924103054	39.83844457625903	0.002513107558301085
75.0	38.20529687662184	10.580351758301695	11.348006707763119	39.852820550142596	0.013524107170757454
76.0	38.13005914455945	10.600767348203588	11.369130925347795	39.897970432512075	0.002072149377088006
77.0	38.17722854081255	10.486171557298848	11.375542880489299	39.951725127682344	0.009331893716965755
78.0	38.00395555497542	10.549845656360914	11.484223810344195	39.952060453433006	0.009914524886470558
79.0	37.84399456145641	10.600656985413291	11.518677457750623	39.994961517275215	0.04170947810445872
80.0	37.9486294109744	10.592438092176872	11.500963616753614	39.95548606281903	0.002482817276085548
81.0	37.84633196657865	10.592465044475084	11.479751259763919	40.07927156412767	0.0021801650546675504
82.0	37.836234149323	10.555768743955154	11.468727825832497	40.13399516496402	0.005274115925338689
83.0	37.923993045481566	10.457389348274713	11.473179278018213	40.143581720692936	0.0018566075325671524
84.0	37.87793366513368	10.569298774395566	11.479306614091279	40.070922985800074	0.002537960579404584
85.0	37.99067876099919	10.412391833983195	11.512693148650564	40.08283538142226	0.0014008749447934569
86.0	37.75493012044379	10.41791840694558	11.553452151166214	40.27216216346318	0.0015371579812417113
87.0	37.698209786529915	10.409775348708262	11.602849519332867	40.28750329401076	0.0016620514181915822
88.0	37.557213022159814	10.388612315855209	11.674924877231538	40.37782978280923	0.0014200019442061596
89.0	37.655464843967394	10.33793775494371	11.710084461468394	40.29450735717029	0.0020055824502127075
90.0	37.584585356012376	10.371846627294417	11.75378562689153	40.28039202302081	0.009390366780864447
91.0	37.58049668954374	10.367124790224883	11.741364435382753	40.30963866283674	0.0013754220118817233
92.0	37.74616289956307	10.289846475722118	11.731649086590517	40.23080944959931	0.0015320885249835742
93.0	37.662727382181224	10.343228527439184	11.761791346684337	40.230863002959225	0.0013897407360305947
94.0	37.72826692349261	10.235448323790203	11.708847674238203	40.32602783949219	0.0014092389867933193
95.0	37.64380656754888	10.222894975768796	11.789462404362238	40.3423389366686	0.0014971156514888726
96.0	37.48898086750593	10.19598435919341	11.843286546899073	40.470196448830166	0.0015517775714225036
97.0	37.372954085630155	10.26192523679395	11.82164407528753	40.54207049899541	0.00140610329295925
98.0	37.174149156836265	10.27725357837615	11.934548974758522	40.61111384257799	0.0029344474510627637
99.0	37.106890127987846	10.370505257388775	11.977699631600656	40.542939215607774	0.001965767414944298
100.0	37.233456870034445	10.224509190610908	11.99514712907276	40.54531725031926	0.0015695599626289226
101.0	37.08203956775219	10.204907508348473	12.02695558227815	40.68431438210423	0.0017829595169578075
102.0	37.18081938547117	10.208305454804258	12.031499834335415	40.57785660585945	0.0015187195297058087
103.0	37.39863814538701	10.043556126363177	12.068540806688684	40.48777245536593	0.0014924661951983354
104.0	37.41601901497448	9.946693779074515	12.089059364353606	40.54655454934099	0.001673292256410793
105.0	37.29815352293704	9.966662517035685	12.20017602408453	40.5334060696598	0.001601866282943585
106.0	37.11860918906644	9.980733871333138	12.202123577645606	40.69685066255578	0.001682699399030558
107.0	36.953738344105005	10.056849225939349	12.20026269666348	40.787426815686416	0.0017229176057542328
108.0	36.97857675944437	9.90644432106614	12.247088100944355	40.86627246508614	0.001618353458996506
109.0	36.79458370306628	9.959271425412757	12.32067214718323	40.923773218382024	0.0016995059557121308
110.0	36.86475582022818	9.862143462843047	12.418420444033302	40.85248516034536	0.002195112550107925
111.0	36.75255699015432	9.989477473445463	12.422060586770154	40.82956584303144	0.006339106598621522
112.0	36.71679994710509	10.037173644369872	12.437708414476056	40.805582493420786	0.0027355006282012437
113.0	36.653059416030956	9.85891809127368	12.47815209317965	40.977691564271765	0.03217883524394291
114.0	36.5564882273019	9.853341821656546	12.553259149496032	41.00886905574223	0.02804174580329424
115.0	36.428363056051815	9.863861265125516	12.48323742481318	41.222185810296	0.002352443713491562
116.0	36.41423266829632	9.905504282181534	12.59421948081196	41.05414125507613	0.031902313634053193
117.0	36.27669869072469	9.754954069594605	12.678048202265051	41.288701456261215	0.0015975811544300927
118.0	36.24684267902056	9.918028687663737	12.816932997474229	41.01636559177691	0.0018300440645715318
119.0	36.29748158392091	9.754712869599855	12.87590741097509	41.070309855069624	0.0015882804345179425
120.0	36.28772462468347	9.69811390694648	12.790122313389984	41.222297941248506	0.0017412137315656695
121.0	36.36605374173285	9.733284306476296	12.811180576977854	41.087582085970084	0.0018992888429104108
122.0	36.36506460078779	9.499788063425394	12.815196984522217	41.31802427203649	0.0019260792281097815
123.0	36.34045405055058	9.476637086256936	12.9420395945878	41.22126237708685	0.019606891517821058
124.0	36.21544560394312	9.429531896667214	12.926342729102164	41.426271253156585	0.0024085171309213365
125.0	36.05164430810035	9.379102555107794	13.042658594045307	41.524144163863205	0.002450378883342985
126.0	35.82111539199838	9.377865589198642	13.269297623373259	41.510669376248394	0.02105201918132471
127.0	35.941148126521185	9.346769889395382	13.20716155347696	41.503080578905816	0.0018398517006615724
128.0	36.20284503540962	9.205347292556484	13.216799592847222	41.37349860779012	0.001509471396559113
129.0	35.82176599277657	9.185015510457003	13.42466432682246	41.567019788427814	0.0015343815161544152
130.0	35.8912169803873	9.269629612786964	13.25304463104659	41.58465179115428	0.0014569846248744113
131.0	36.09326866432494	8.986781335847853	13.409716124606973	41.50870451035746	0.001529364862767486
132.0	36.017345470833924	8.968217971241566	13.369701236008153	41.64317348069539	0.0015618412209697017
133.0	35.899201308954176	8.907180137741708	13.464401018136318	41.72685683661955	0.0023606985482461586
134.0	35.73751189081162	8.687910134633535	13.622632389813614	41.94094058577478	0.011004998966450668
135.0	35.48993187087699	8.656923053659705	13.810442968782526	42.04080750231524	0.0018946043655495726
136.0	35.40601431395493	8.513941204387768	13.699064132976673	42.378989189649516	0.0019911590311148257
137.0	35.316043851173546	8.400431181207972	13.877720470727132	42.40405913320458	0.001745363686763681
138.0	35.2663359109862	8.352221752861425	14.147871640358515	42.22926886040156	0.004301835392294629
139.0	35.13820300488651	8.295613788531899	13.906953911251913	42.62668991983868	0.03253937549099202
140.0	34.9650286155944	8.122373229436244	14.159898976765284	42.73353240625046	0.0191667719536019
141.0	34.778474823521094	8.026457376846212	14.17708179612413	43.01280409453129	0.005181908977273598
142.0	34.66503065108352	7.988215037069445	14.01670784131899	43.29332897087026	0.036717499657784446
143.0	34.10801881358555	7.637619340649264	14.047461430690364	44.205223128003965	0.0016772870708592115
144.0	33.769700381049205	7.71425589058704	13.829264680967293	44.66664974711953	0.020129300276929076
145.0	33.307869027592744	7.4009478814619705	13.806095634387272	45.483602879589824	0.001484576968182746
146.0	33.316571612090776	7.70200981813068	14.30892069721832	44.669119409838785	0.003378462721434176
147.0	32.658787418868435	8.19069380627438	22.266281098510188	36.88305254893499	0.0011851274120087737
148.0	31.57666743917837	7.941998560011437	20.29079556661191	40.18578367339674	0.004754760801544396
149.0	32.84102329111697	7.97833138296258	20.92647844551192	38.20385836618157	0.050308514226958846
150.0	32.14477726033547	9.336576269212745	20.17010994318778	38.34853652726402	0.0
