# Position (bp)	A	C	G	T	N
0.0	32.74698249185196	22.20631109620058	13.703683851685033	31.340281959770426	0.0027406004920098627
1.0	31.612785110886165	23.97957689302535	11.264646250115673	33.08297179928284	0.06001994668997011
2.0	33.89080336896297	22.919393854517782	10.909317093649689	32.27770219140502	0.002783491464537284
3.0	29.16903569278843	24.234274542267542	11.122166861129324	35.470314724582295	0.004208179232406883
4.0	43.593866689975776	11.850209283184135	12.003521959045967	32.547690251265756	0.004711816528373201
5.0	44.447803844248	11.916875561915957	10.320858256673162	33.311019562811346	0.003442774351530944
6.0	42.95530014271286	11.968273538777966	9.99352673524317	35.075383493049294	0.0075160902167124306
7.0	42.594650736953575	12.857034625342667	9.545461990073207	34.99930109823529	0.003551549395260281
8.0	41.59495590843398	12.02851634165509	10.333302829155759	36.02443734826324	0.01878757249193402
9.0	40.77298446741899	12.756751994173761	10.403857152438443	36.06322537920219	0.0031810067666213217
10.0	40.19703387612139	13.68048204642257	10.565164794014379	35.54941098402256	0.007908299419102354
11.0	40.012286096971735	13.011228555928698	10.845075702478075	36.09070964909277	0.040699995528726655
12.0	40.03473930000235	12.35200492038162	11.187848416192915	36.42292985704094	0.002477506382176712
13.0	40.376417630655276	12.346135931944955	10.764168294342227	36.51075288177812	0.002525261279423738
14.0	39.794621044019685	12.335836350263705	10.68079708724841	37.18625563118674	0.002489887281462978
15.0	39.74508108640056	12.795851758469738	10.916375532767782	36.53999877676715	0.002692845594762837
16.0	40.175562301534185	12.238728093236803	10.94819975003318	36.63290769806113	0.0046021571346948455
17.0	40.3836542662881	11.975916533212363	10.855039673353673	36.78293678256226	0.0024527445836041804
18.0	40.07119264707589	12.077500485331253	11.213560890960641	36.635320646897036	0.0024253297351845915
19.0	39.7470806016353	12.269741803773924	11.201466963232832	36.77930873689641	0.0024018944615355883
20.0	39.57776664128602	12.040626163669668	11.234929089029913	37.1441814604121	0.0024966456023064656
21.0	39.66832526484347	11.992057422330396	11.285386891592923	37.051714182004545	0.0025162392286719386
22.0	39.678453005273	12.039800134723293	11.264859259975381	37.01447644092573	0.002411159102602139
23.0	39.89487470685438	11.621934800230187	11.266040549243533	37.21404593830637	0.0031040053655328995
24.0	39.93809617154875	11.648276848994907	11.362648227165913	37.04410928770544	0.006869464584995075
25.0	39.91589506737771	11.694608263589663	11.32880825532144	37.058412772663566	0.002275641047618607
26.0	39.82050133741655	11.557548731551456	11.2346724488651	37.38456928886676	0.0027081933001394934
27.0	39.72237017748346	11.59723929060283	11.287581922713956	37.3860717999168	0.006736809282951481
28.0	39.58888363999596	11.655039289146002	11.310715444425536	37.44316190394365	0.0021997224888531276
29.0	39.55064599882099	11.416110691480513	11.220716654527688	37.80987527707598	0.0026513780948259507
30.0	39.36523241168171	11.59761625601545	11.24272467294823	37.79198169970955	0.002444959645057578
31.0	39.332764792525325	11.640399685874433	11.265713947999979	37.758843606372636	0.002277967227635958
32.0	39.43840009980314	11.41364730452501	11.266619123549704	37.879241977998724	0.0020914941234244974
33.0	39.322887028119446	11.436372539409241	11.25338865249715	37.984680084234554	0.0026716957396088798
34.0	39.32407813541087	11.493574119195438	11.242593710125764	37.930607597164425	0.009146438103505627
35.0	39.352883919371116	11.231533665402361	11.224227901678717	38.18841382598602	0.0029406875617902927
36.0	39.268287703848806	11.381960301372187	11.28594592407348	38.05447303064256	0.009333040062964315
37.0	39.137001460187754	11.486153123569778	11.265734601646281	38.082455463828666	0.028655350767521473
38.0	39.137358841701015	11.334963568027515	11.209114932569983	38.31647761737032	0.002085040331171546
39.0	38.999907403365484	11.350914290022313	11.249992739769485	38.38716712723459	0.01201843960812327
40.0	39.09564796468685	11.398702223551393	11.2718163045141	38.23201245375634	0.0018210534913172818
41.0	39.09998044973197	11.238744549353717	11.18889713200366	38.47041113107817	0.001966737832479154
42.0	38.988953222761694	11.302861660444304	11.189639984018312	38.5164471333699	0.0020979994057906933
43.0	38.97440858008163	11.339460617888378	11.203004017859623	38.48109088167806	0.002035902492318281
44.0	39.05897899196808	11.117885310134886	11.170214941418939	38.65097694577586	0.001943810702230717
45.0	38.9051999037248	11.21697641079348	11.20119674485486	38.67453022196319	0.0020967186636680034
46.0	38.78580250314328	11.366116190107542	11.209939845389732	38.63616569435844	0.0019757670010122556
47.0	38.85086273296438	11.179475572252485	11.186575891823452	38.7810858532074	0.0019999497522810088
48.0	38.79598152982213	11.272377870136827	11.281151108840724	38.6485261124673	0.0019633787330202183
49.0	38.7111218580344	11.305161691765429	11.287763460331696	38.69365031624811	0.002302673620361547
50.0	38.76008364177382	11.215058475937576	11.225538778026836	38.7972368403272	0.002082263934564614
51.0	38.66674424515299	11.252693886119534	11.273566178601442	38.80412454653248	0.002871143593546885
52.0	38.737635431369725	11.2603287184989	11.272440289785608	38.724532277523835	0.005063282821933716
53.0	38.67483556075349	11.084296558874476	11.205512901331888	39.033212062944486	0.002142916095651589
54.0	38.62708048032737	11.179127674551248	11.237040468816993	38.954248897168576	0.002502479135806333
55.0	38.55376017633628	11.2136491662991	11.282193212687188	38.94822633887902	0.002171105798414187
56.0	38.61052572844956	11.12679915839709	11.267640510406663	38.99294548099044	0.002089121756244101
57.0	38.43258099896479	11.245308637047378	11.306506315526748	39.01349556808669	0.002108480374396867
58.0	38.3925721502186	11.28894970779597	11.332297098252988	38.983731397395175	0.0024496463372755553
59.0	38.45050268899001	11.112890837784963	11.311902532025249	39.122120973183414	0.0025829680163652518
60.0	38.43174414252157	11.175917249172068	11.385230124955697	38.98592036722369	0.021188116126965226
61.0	38.324635952662014	11.279462806353044	11.356986684793567	39.036243674995106	0.0026708811962645445
62.0	38.348082470179534	11.12920993410739	11.30921659372192	39.21128162136678	0.002209380624375903
63.0	38.35619936089077	11.120816215751816	11.351438490936927	39.16916609203813	0.0023798403823558877
64.0	38.40541467047298	11.14202397944843	11.408367152819324	39.041556159582434	0.002638037676830963
65.0	38.36889850896469	11.050687637477779	11.354300606006262	39.223747039422925	0.0023662081283459756
66.0	38.22397467123289	11.180410466115923	11.38822256797885	39.204447973757325	0.0029443209150085124
67.0	38.278570124976156	11.13499568222587	11.45014453281102	39.13233960148856	0.003950058498389827
68.0	38.284096041962435	11.045361038972176	11.459178653872847	39.19874581190193	0.012618453290610326
69.0	38.13894045767527	11.124557430455235	11.481548696275448	39.252487771844486	0.002465643749558942
70.0	38.10697081037586	11.246757667155688	11.482626968603197	39.159103326735206	0.004541227130045518
71.0	38.07473892143305	11.084596760323102	11.495093439869034	39.32267280440209	0.02289807397273121
72.0	38.15628305599563	11.075893705252355	11.547595236676436	39.19706079642876	0.023167205646820895
73.0	38.11995227782391	11.139909030618398	11.544170393951715	39.17388441819579	0.022083879410178812
74.0	38.13000189671905	11.050994817811672	11.505068025302204	39.311124970326276	0.002810289840796894
75.0	38.0311380655544	11.084532197681083	11.55941522140527	39.31107604993232	0.013838465426929257
76.0	38.06335286590711	11.087999827985	11.592484173458923	39.25366328136483	0.002499851284135321
77.0	38.05373539882039	10.96754539421859	11.556509291186154	39.41387905572283	0.008330860052027881
78.0	37.91500148927965	11.097030101624703	11.608886744569467	39.37017757477433	0.00890408975184792
79.0	37.85438598616695	11.12621506766818	11.656172928392545	39.31912267162656	0.04410334614575894
80.0	37.92509193496885	11.005278240106142	11.684585122979623	39.37976798227885	0.005276719666543542
81.0	37.87450586227292	11.076740944185742	11.68825804006822	39.35774006283213	0.0027550906409903693
82.0	37.86230365381971	11.085428020075454	11.69372675144317	39.352299229687546	0.006242344974116116
83.0	37.91534178496781	10.930968555906148	11.687698225092877	39.46170631921561	0.004285114817561236
84.0	37.861393066388196	10.994927077824427	11.75417995813522	39.38628230899462	0.0032175886575359124
85.0	37.85095612836615	10.988801768396716	11.717681538544982	39.44059506999801	0.0019654946941446674
86.0	37.80925712880643	10.947527284689022	11.69944672749871	39.54145502465296	0.002313834352878773
87.0	37.75366849460294	10.954772908214427	11.779502595335485	39.50983628816173	0.0022197136854209066
88.0	37.71806558880755	11.024153380958888	11.847722571333327	39.408158167769145	0.0019002911310958708
89.0	37.677671498717636	10.930672716469596	11.849978263286994	39.53901389474268	0.0026636267830925067
90.0	37.64832446703732	10.987633880385928	11.887691924056812	39.467897221125995	0.008452507393940474
91.0	37.67248778650321	10.954463421263586	11.923559274156375	39.447400293989894	0.002089224086932881
92.0	37.712973187502016	10.847682537913796	11.94042670434361	39.496757591917046	0.0021599783235404985
93.0	37.58967617912859	10.910458125898943	11.957117731364393	39.54081725161886	0.001930711989214566
94.0	37.56899954719267	10.909302939822096	11.948660307886094	39.571098217986865	0.001938987112278007
95.0	37.58259477149556	10.802778425568233	11.95122726486494	39.661239028000736	0.0021605100705290098
96.0	37.55695402179857	10.84704409988437	12.010741539469988	39.58308321825339	0.002177120593685454
97.0	37.48557256913223	10.900313124572868	12.018172601700288	39.5938330120889	0.0021086925057068346
98.0	37.41673884344473	10.847104270295016	12.036680430577015	39.69529995609293	0.00417649959029759
99.0	37.40950851738493	10.863873351983884	12.132666753376144	39.59132809260164	0.002623284653397222
100.0	37.42463542597989	10.852758259704515	12.175136675573194	39.545296683823025	0.002172954919372833
101.0	37.42929056107054	10.759397460687273	12.157444808683419	39.65140773040402	0.0024594391547519668
102.0	37.37197725916567	10.80667874811749	12.187492211661723	39.63175455410164	0.0020972269534814928
103.0	37.372162991445734	10.752474673751419	12.214432696036136	39.65885232162691	0.0020773171398019794
104.0	37.381852127727214	10.67863930592581	12.243135064289017	39.6940981007488	0.0022754013091535593
105.0	37.33078431701496	10.7177246376778	12.23828990880002	39.71113906698371	0.0020620695235052068
106.0	37.25915855756321	10.75888154489376	12.25246983982895	39.72726190615102	0.0022281515630592835
107.0	37.246950684581016	10.655991455262912	12.322927777155074	39.77184197424855	0.0022881087524475254
108.0	37.215115179457925	10.717622484105533	12.385755831297178	39.67898752378892	0.0025189813504398217
109.0	37.136805326629776	10.721983957597672	12.4041370080924	39.73489783860006	0.002175869080079627
110.0	37.104450760627635	10.67630606551111	12.451790877042695	39.7647051383213	0.0027471584972705147
111.0	37.082705947021076	10.6571711328997	12.499119945223223	39.75470683418852	0.006296140667479875
112.0	37.12725885186381	10.619987702407945	12.546231615576788	39.703165091747636	0.0033567384038144655
113.0	37.07235584741691	10.56760544706113	12.55149480913815	39.764502301282874	0.044041595100934326
114.0	37.01061943854379	10.59952536521028	12.55624761895815	39.80342930060524	0.030178276682545236
115.0	37.006399318467345	10.606269978319187	12.577525696357513	39.80695668186703	0.00284832498892517
116.0	36.926287425446404	10.52366779694239	12.65742498071735	39.85999222723195	0.0326275696619074
117.0	36.90774857392742	10.572108871995036	12.687079121786974	39.83107172374498	0.0019917085455966087
118.0	36.78388846329119	10.641885244757109	12.730761904323664	39.84118048036193	0.0022839072661056817
119.0	36.77572993016913	10.519262057973	12.811581711297967	39.891224372961005	0.0022019275989050226
120.0	36.79093560816695	10.509741642637884	12.867104827817721	39.829763008800015	0.0024549125774302794
121.0	36.80281247367054	10.474690670912128	12.844374645921425	39.87477525139775	0.003346958098154894
122.0	36.72020138988386	10.425016861946284	12.918924108498247	39.93343244071746	0.002425198954145194
123.0	36.64962790808447	10.408543098605742	12.963096158217924	39.95670858313511	0.022024251956748606
124.0	36.60920408116786	10.419379838688284	12.98845389978251	39.98009847716676	0.0028637031945845585
125.0	36.488882944615646	10.370268575399093	13.022852532086482	40.115034056577564	0.0029618913212131333
126.0	36.46452305776789	10.41263633659234	13.05881876765815	40.041268594212355	0.02275324376926747
127.0	36.476648672321765	10.419426048565121	13.119196426903926	39.98178854637069	0.002940305838497253
128.0	36.44021298468016	10.349067477435558	13.285015595401475	39.92361875881661	0.002085183666200849
129.0	36.407371031426834	10.364744634191068	13.277334025747658	39.94859361907289	0.001956689561550968
130.0	36.446817756253175	10.305620970301108	13.378390846939926	39.867027490605004	0.002142935900783106
131.0	36.34196450902584	10.235403180868104	13.484890271049471	39.935597420091426	0.002144618965157842
132.0	36.24379851544509	10.228871825603461	13.450097418383608	40.07510480051068	0.002127440057160306
133.0	36.2473847190442	10.14496512325631	13.405351552834732	40.19936191925634	0.0029366856084198263
134.0	36.33211582181894	10.101453059150462	13.496731941019519	40.057528738154076	0.012170439857008353
135.0	36.18200878049196	10.116676532686487	13.8465592836617	39.852135454791224	0.002619948368624365
136.0	36.44694990771662	10.027975556560891	13.64830213072954	39.87407198388709	0.0027004211058631647
137.0	36.05442603271052	10.057589656900513	13.584613843665833	40.30127165110889	0.002098815614240867
138.0	35.84262251047593	10.435839479082455	13.623030907191591	40.093602371406725	0.004904731843302139
139.0	35.70827382455116	10.042165062180352	14.165560688499603	40.05213684996945	0.03186357479943533
140.0	35.566176733362795	9.846721491064384	14.422610487567402	40.143456017964574	0.021035270040844614
141.0	35.976117247361	9.792579610778667	13.791557049245096	40.432677120424245	0.007068972190989686
142.0	35.852677850750716	9.723843180984378	13.508934462223237	40.874148850709915	0.04039565533174745
143.0	35.2112028416008	9.400418818794527	14.027792198513927	41.35844414070223	0.0021420003885101306
144.0	35.2971810088705	9.600966505818649	13.638405149493968	41.441611963230336	0.021835372586549183
145.0	34.29046536921941	9.781006546881455	13.582663151660249	42.34378961508285	0.0020753171560382137
146.0	34.02840422235779	10.753567184213873	13.807420739129798	41.405886255399956	0.004721598898583168
147.0	35.01458870346615	10.376908536904338	20.483329431934145	34.122798410224625	0.002374917470739594
148.0	33.200343229789844	10.187402671433873	19.53981361600638	37.06685277549286	0.005587707277039237
149.0	34.59844975128175	10.307003950683773	19.617407854164668	35.423504840506894	0.05363360336292407
150.0	33.42194282270864	11.894932743477096	18.930677035060796	35.75244739875348	0.0
