sample140	sample145	sample150	sample173	sample178
Cluster_46	8.37917461264557	3.04451980813479	9.41494185329248	11.8985392518064	11.4970911382639
Cluster_102	13.9426843287396	11.5930044969251	13.1194783118743	14.1799177896655	4.44821772865563
Cluster_174	2.16875555820577	3.04451980813479	2.78009690050578	3.41711888899962	10.2274441314769
Cluster_207	9.72971762605811	9.85410446707712	4.56749941802781	4.22148492764858	2.16875555820577
Cluster_208	12.2690524127726	12.0619229116134	9.52335293047328	9.24591285644095	3.6278450140324
Cluster_252	3.07189026558136	5.52790230889492	12.0629800149344	3.41711888899962	9.10189651168036
Cluster_290	5.65706628269459	13.6208033395423	5.07895878723923	7.53601579316096	12.381692870901
Cluster_293	3.42670763288385	10.6670669332401	12.2505745963781	4.22148492764858	11.5486175748847
Cluster_313	3.56503184712613	2.79269232515894	3.90907771372937	10.8252004546983	7.62804555917331
Cluster_316	2.81249336353849	9.71146189351487	10.2845868807511	2.16875555820577	12.8294060015801
Cluster_345	3.26635187139948	10.348639041567	11.5681227675592	5.34817180097308	5.06226862603887
Cluster_348	2.16875555820577	9.01693939033929	12.3460937253934	3.59663768221909	3.22151140028523
Cluster_364	2.16875555820577	5.50067677953981	4.56749941802781	2.16875555820577	10.5158106804542
Cluster_369	9.04868445262477	3.23355439124224	4.34264691211388	10.7690540825515	3.92285058834732
Cluster_370	4.50229140105495	10.4873025836282	2.16875555820577	2.16875555820577	2.16875555820577
Cluster_380	13.2133361150541	8.60382074286154	3.36595849551085	3.41711888899962	2.16875555820577
Cluster_381	9.73589072828952	2.16875555820577	2.16875555820577	2.16875555820577	2.16875555820577
Cluster_383	13.3566738895039	3.52439214386651	3.02709040863234	3.19816143196275	2.92123421446204
Cluster_414	2.16875555820577	2.16875555820577	2.16875555820577	11.4354123349218	9.61139755501144
Cluster_415	2.16875555820577	3.04451980813479	2.16875555820577	10.2677493845604	4.82259174155086
Cluster_436	10.3569277679845	9.32045882361449	8.78411834078584	2.16875555820577	11.0099581529277
Cluster_450	2.81249336353849	4.18011929466891	11.4810482034663	2.90420599299162	2.16875555820577
Cluster_457	9.09744544896069	9.84341260567758	9.19655515324458	12.7824269854397	3.44489765339414
Cluster_458	11.3514831764811	11.1105281643393	10.8765030440045	11.5638677088399	3.6278450140324
Cluster_499	11.619461977012	2.16875555820577	2.16875555820577	2.16875555820577	2.16875555820577
Cluster_538	3.26635187139948	4.70916182303201	4.76000228031509	10.6411441789305	2.16875555820577
Cluster_563	2.16875555820577	8.28615620537454	11.3141681026717	8.00039999561863	12.3405210053054
Cluster_581	9.79325415344067	4.84754122781685	2.16875555820577	2.16875555820577	2.16875555820577
Cluster_584	9.80210660689782	9.63602701707307	5.11412179622604	2.16875555820577	3.6278450140324
Cluster_585	2.16875555820577	3.23355439124224	10.6242386479861	5.43129091659093	3.6278450140324
Cluster_590	2.81249336353849	7.96950734541991	2.16875555820577	2.90420599299162	9.90482211626573
Cluster_593	10.4704899070644	2.79269232515894	2.16875555820577	2.90420599299162	2.92123421446204
Cluster_607	3.56503184712613	10.2699795587337	8.44725719817911	3.19816143196275	2.16875555820577
Cluster_622	3.56503184712613	2.79269232515894	9.60153237037889	10.743157798901	8.08570146212347
Cluster_653	4.72417197881494	5.29380958593379	4.6182535557476	13.2310247364754	4.26306903340211
Cluster_731	10.313217045405	4.02624662046964	5.87380367767425	10.200535611199	11.9083490020186
Cluster_734	8.92175352596196	2.79269232515894	6.23085461167061	10.1604582716028	11.5772555306867
Cluster_752	7.11895933277609	13.2387614539867	4.40254163636872	5.3046975138324	5.90579069157917
Cluster_760	4.56128313406975	3.75180894500025	4.56749941802781	12.7369744436011	3.6278450140324
Cluster_780	9.67935814746767	3.04451980813479	2.16875555820577	9.9184918365442	2.16875555820577
Cluster_790	11.8147200111892	4.8907286709018	12.6889001688935	13.0110050695912	12.6945829790395
Cluster_791	4.23586214401217	4.4415651118328	5.14842012578187	4.22148492764858	12.7737862271206
Cluster_797	3.56503184712613	9.57270375329918	11.4764911723731	5.25983576804371	10.0205665673058
Cluster_830	10.0747104657191	3.23355439124224	10.360295843432	3.41711888899962	2.92123421446204
Cluster_863	9.18578211488385	4.25058163427671	2.16875555820577	7.59068625541744	11.3078478119085
Cluster_878	2.81249336353849	3.04451980813479	4.51475072617336	11.484331895749	2.16875555820577
Cluster_886	10.7799905266025	10.4516678235791	12.0223456194312	3.75068714354714	5.00612750944993
Cluster_905	2.16875555820577	2.16875555820577	2.78009690050578	2.90420599299162	10.1469433179212
Cluster_931	2.81249336353849	2.16875555820577	10.7022434271837	2.90420599299162	3.44489765339414
Cluster_941	4.07878015984531	4.25058163427671	3.81934750444895	11.72774105325	3.6278450140324
Cluster_952	4.82283933364779	9.00259446983089	2.78009690050578	11.9551657658467	11.1396283393904
Cluster_966	2.81249336353849	3.04451980813479	6.83966103469797	10.6857503920017	3.22151140028523
Cluster_968	9.10461948973416	2.79269232515894	2.16875555820577	8.01379559098347	9.59748403635881
Cluster_1017	7.61754130265642	2.79269232515894	11.5653944178287	8.68411847960843	9.60677460972541
Cluster_1027	12.2995874978058	4.10553422206909	8.91235893798824	12.2731385619354	12.1991204495174
Cluster_1088	6.10370809900798	2.16875555820577	7.41212551447606	2.16875555820577	10.6996186851006
Cluster_1128	4.91488187140149	5.41570554404146	11.1941545765124	3.19816143196275	11.9232984770886
Cluster_1143	6.79115435859734	12.4287128999761	7.61885180491594	4.89754810167276	12.8338632134238
Cluster_1156	12.1067515514184	12.3357006323495	11.7940178399686	4.11948364762587	11.9270117660081
Cluster_1170	2.16875555820577	2.79269232515894	6.57972513981206	10.4828363434822	10.083475589534
Cluster_1211	12.257030710909	11.0801130837244	4.88840414452477	7.32646791773534	2.16875555820577
Cluster_1238	4.56128313406975	6.34606666485756	2.16875555820577	10.7915811578749	2.16875555820577
Cluster_1252	11.929920497978	4.4415651118328	13.2188105435162	11.2190734109612	12.9412695824094
Cluster_1253	2.16875555820577	11.9033564049425	10.6986907651026	2.16875555820577	2.92123421446204
Cluster_1274	10.8669324648194	4.97324621708651	4.07077733801051	12.0012741418182	4.04682388250759
Cluster_1299	4.37582585998405	11.0554265506602	4.45983193592566	3.59663768221909	10.1179970604603
Cluster_1329	2.16875555820577	4.10553422206909	2.78009690050578	9.11222701667449	10.8847591378092
Cluster_1332	2.16875555820577	2.16875555820577	2.16875555820577	9.46892131146478	8.96048647094343
Cluster_1344	11.6302722632702	2.16875555820577	2.16875555820577	5.50978677026465	9.26628728474174
Cluster_1350	8.80034855926093	3.04451980813479	2.16875555820577	8.68830082080456	2.92123421446204
Cluster_1363	11.5462709380352	8.93872988140946	3.02709040863234	11.0301929852986	4.94761816900861
Cluster_1373	9.45264083573892	8.39634441473104	7.53203359391883	2.16875555820577	2.16875555820577
Cluster_1383	8.46715924710979	4.25058163427671	9.02559281189055	2.16875555820577	9.78102808076498
Cluster_1384	2.16875555820577	2.79269232515894	6.5672831978666	10.019865944261	7.46383170009188
Cluster_1502	9.83554652770392	7.57612798809924	2.16875555820577	10.5850571711782	3.6278450140324
Cluster_1508	3.79810584625885	8.0083255296543	10.8989681236176	7.78292126316992	2.16875555820577
Cluster_1523	2.16875555820577	2.16875555820577	10.5378026583423	2.16875555820577	2.16875555820577
Cluster_1550	14.5313148650792	8.80459458447929	13.1180161388886	6.8008359803531	5.90579069157917
Cluster_1557	2.16875555820577	2.16875555820577	8.87254894399099	10.2423765644826	2.16875555820577
Cluster_1577	3.68758064556	3.38962077932769	8.24773309303301	11.1118533935554	9.01733148283467
Cluster_1599	3.26635187139948	11.0857940976503	8.21228508865954	3.41711888899962	2.16875555820577
Cluster_1649	13.0650898743439	5.3862060387918	5.24653911983048	13.8244112857162	4.94761816900861
Cluster_1659	11.3619978970671	10.338205245181	4.6182535557476	2.90420599299162	2.16875555820577
Cluster_1721	10.2766341355046	11.5870082702956	9.28450496967313	3.59663768221909	13.2019617911579
Cluster_1737	13.3822334113726	4.97324621708651	4.56749941802781	3.19816143196275	4.26306903340211
Cluster_1746	2.16875555820577	10.6224240596919	4.80415252025433	2.16875555820577	3.6278450140324
Cluster_1785	10.386657809383	6.47668872432152	6.51640864384576	2.16875555820577	2.16875555820577
Cluster_1791	3.56503184712613	4.25058163427671	11.3403958480991	4.95545405662601	3.44489765339414
Cluster_1794	5.19599662460015	4.49953051345627	5.36752585201265	12.7605004582137	5.40247815077882
Cluster_1809	4.07878015984531	2.16875555820577	10.6764668162174	2.16875555820577	3.22151140028523
Cluster_1817	5.19599662460015	3.75180894500025	12.324818239879	2.16875555820577	2.92123421446204
Cluster_1843	13.171535764836	13.0280191611327	13.0311347487667	12.4865779684956	5.40247815077882
Cluster_1879	4.37582585998405	9.8857126689581	11.346311424277	7.36880241803014	2.16875555820577
Cluster_1926	3.07189026558136	8.95868338256393	10.4917408251358	5.01103305253839	11.2920975103772
Cluster_1940	9.6138312432699	3.23355439124224	11.0028749688789	11.5964975427278	12.3529964041871
Cluster_1993	6.45857450426167	9.19990485911243	2.78009690050578	2.16875555820577	9.23067320940766
Cluster_2025	8.94325502336586	2.79269232515894	11.3211165020459	11.3073641283475	2.16875555820577
Cluster_2027	2.16875555820577	10.5715047289713	7.59457567643377	7.02929337497054	3.44489765339414
Cluster_2035	10.6264809087228	12.3717226838666	3.212648123063	11.2052781540089	11.4475391536752
Cluster_2080	10.8683380138026	9.15737238854858	11.6343347511901	12.7609968671331	3.92285058834732
Cluster_2105	2.16875555820577	9.0049952184418	10.270297308349	12.7694097897694	7.53372955376357
Cluster_2153	6.34976380813215	3.52439214386651	11.0126367230789	10.2151010122081	12.0635802980292
Cluster_2170	7.5490401777114	2.79269232515894	2.78009690050578	3.59663768221909	10.4502317856591
Cluster_2232	4.37582585998405	3.38962077932769	5.30833348962283	11.9607944961416	11.740721941716
Cluster_2301	5.63059002963566	3.52439214386651	3.81934750444895	12.5625802964527	4.26306903340211
Cluster_2302	10.4282300157993	10.2077755048452	3.212648123063	2.16875555820577	3.44489765339414
Cluster_2336	6.73051295958574	5.90463437175829	7.29645791575492	13.7835844857472	12.5819209155138
Cluster_2362	5.26690958033352	5.86264743555387	12.3004142948716	11.1304140229613	11.6978957946056
Cluster_2421	9.35575517175739	3.23355439124224	3.212648123063	9.57436238564455	3.44489765339414
Cluster_2487	10.9785179697011	10.3276954380568	4.6182535557476	2.90420599299162	4.35891161332444
Cluster_2492	8.91632769652198	8.25017434406258	2.78009690050578	10.5185040503112	3.22151140028523
Cluster_2575	12.7982467582646	13.4205851678832	2.16875555820577	15.0070040327331	14.8929892203345
Cluster_2576	12.7644875993492	12.3963905748812	11.5093094920938	2.16875555820577	2.16875555820577
Cluster_2595	11.5615568031384	5.12486539782643	12.8600787372838	12.1837718045383	4.94761816900861
Cluster_2617	6.08440234927634	2.16875555820577	10.0177423017013	2.16875555820577	2.16875555820577
Cluster_2662	9.92471328185718	3.04451980813479	11.126486422415	4.22148492764858	2.92123421446204
Cluster_2684	2.16875555820577	2.16875555820577	2.16875555820577	10.6794618959763	2.16875555820577
Cluster_2687	11.5895221737212	2.16875555820577	5.24653911983048	2.90420599299162	2.92123421446204
Cluster_2689	4.95869672456503	4.84754122781685	3.02709040863234	10.5895358221959	10.2000838486944
Cluster_2703	4.82283933364779	11.5121960121352	5.81162055346512	2.16875555820577	5.99385117980908
Cluster_2711	3.26635187139948	2.16875555820577	9.56297218967776	4.6378773729134	9.28666322432012
Cluster_2720	6.73051295958574	2.79269232515894	11.5429836683294	4.95545405662601	8.27245644216275
Cluster_2737	8.65805795007811	2.16875555820577	5.81162055346512	10.0655918818391	3.22151140028523
Cluster_2766	12.1294954904225	3.75180894500025	16.4248140643318	5.39034379955054	12.326180264091
Cluster_2773	12.1550569555635	3.85045921568489	5.14842012578187	5.06447134668123	12.2779272586992
Cluster_2780	2.16875555820577	4.8907286709018	3.61600729705781	10.5895358221959	8.42732462426227
Cluster_2786	9.25404321577076	4.55507976420219	2.16875555820577	3.19816143196275	9.87052293666121
Cluster_2794	5.36698609855695	5.50067677953981	10.936253129382	12.5577314010936	5.48627013710744
Cluster_2801	2.16875555820577	11.8134287016419	7.88714885554479	10.1589523298891	6.1551929500836
Cluster_2819	12.5141120369541	13.1086398478139	2.78009690050578	13.5590839710391	9.96746537316922
Cluster_2833	5.08239554993407	5.16032497002666	6.66392606518748	5.99092422661589	13.2842410611884
Cluster_2848	11.7033640241379	4.10553422206909	9.82915217289182	4.11948364762587	7.90916519769292
Cluster_2849	9.59866830675166	3.85045921568489	11.849538592661	4.56438897548382	7.65517735404726
Cluster_2851	13.4298926536135	7.41205908791325	12.0069154596904	4.89754810167276	5.40247815077882
Cluster_2852	13.2768960254559	8.49870809656859	11.6674258953695	6.04435476836671	5.64029186790158
Cluster_2868	6.21437287508561	2.79269232515894	12.860555741884	8.15951384213304	5.26663979812593
Cluster_2871	5.51944665481885	3.04451980813479	11.3984876261435	11.9843683067033	9.93464039997373
Cluster_2885	2.81249336353849	4.18011929466891	2.16875555820577	3.59663768221909	11.3121136727985
Cluster_2891	3.79810584625885	4.60841877480904	4.21390864903682	11.6933041395104	4.53188233298399
Cluster_2892	2.81249336353849	3.04451980813479	2.78009690050578	11.185444630996	2.16875555820577
Cluster_2902	4.86963008677246	11.3531209925889	8.64335354143109	3.59663768221909	13.1840355343771
Cluster_2934	2.16875555820577	3.52439214386651	2.16875555820577	10.4912380294586	5.26663979812593
Cluster_2962	2.16875555820577	2.16875555820577	10.4424613256768	8.45784108572933	7.31295846576377
Cluster_2970	2.16875555820577	2.16875555820577	7.24277807198173	11.6691757973849	10.964611014512
Cluster_2973	4.95869672456503	7.59538291273039	10.5669340504092	2.16875555820577	11.1420266054956
Cluster_2995	5.49024237637157	3.04451980813479	9.97138385646928	5.1655636027794	10.8838041344824
Cluster_3025	3.99220943885661	3.04451980813479	6.64036794453331	4.83710246859441	11.3935431132732
Cluster_3034	5.46042222351897	2.16875555820577	9.03238327191963	8.65021585278448	2.16875555820577
Cluster_3062	6.83789089788521	9.96922533533118	2.16875555820577	2.16875555820577	7.34664514935784
Cluster_3077	2.81249336353849	2.79269232515894	8.77064419053745	10.8543370566303	2.16875555820577
Cluster_3079	12.4409013144943	11.2460792810256	3.02709040863234	13.6704215303004	15.2651361549292
Cluster_3126	4.67202420191158	2.79269232515894	11.4501108226018	3.75068714354714	2.16875555820577
Cluster_3189	3.89907331597862	7.97931031107438	10.9057632569488	7.90297512432597	2.16875555820577
Cluster_3196	7.54200751358468	4.02624662046964	2.16875555820577	2.16875555820577	10.2850025035175
Cluster_3208	10.5979591329048	10.9981365329405	5.21459063152669	9.60565426560554	3.44489765339414
Cluster_3218	2.16875555820577	8.19235460904924	9.43387058878463	9.58561613613258	2.16875555820577
Cluster_3225	3.79810584625885	5.12486539782643	6.38072652213434	13.427996131892	4.35891161332444
Cluster_3248	8.97752548611105	7.33012575121099	2.16875555820577	12.3661277887299	9.78921185716673
Cluster_3256	5.0011665276541	11.1711039054628	2.78009690050578	3.19816143196275	4.35891161332444
Cluster_3273	2.16875555820577	7.62691356303449	2.16875555820577	7.30482476287261	10.4385726815792
Cluster_3313	4.72417197881494	11.1392229146515	8.56746002962129	13.420788539785	7.21907416781901
Cluster_3354	5.46042222351897	2.16875555820577	3.36595849551085	10.2719351395739	7.89406243113951
Cluster_3359	2.81249336353849	2.79269232515894	2.16875555820577	11.1001305580708	2.92123421446204
Cluster_3371	5.57610756610076	11.3750936952843	4.66716721728346	2.16875555820577	9.02428214804256
Cluster_3415	6.10370809900798	10.1460345315615	2.16875555820577	8.71724248731156	9.96746537316922
Cluster_3420	10.764976821799	5.47291692961877	3.90907771372937	11.6765620171196	2.92123421446204
Cluster_3421	11.0668664133337	4.75686236289858	3.36595849551085	7.3791944641756	10.0326805813187
Cluster_3434	15.6578610711865	5.01272999083147	12.2359425832878	12.2286087618906	2.16875555820577
Cluster_3437	2.16875555820577	14.2441996645181	12.2798763996678	12.1955714751537	14.989312905792
Cluster_3474	10.1904835710172	11.0160993150217	10.115838135794	2.90420599299162	4.15954326775057
Cluster_3484	6.24943865241439	4.8907286709018	9.97960487237991	12.3791206659156	4.94761816900861
Cluster_3546	10.2072418438847	9.64529025027957	3.02709040863234	7.64335832021592	2.92123421446204
Cluster_3646	3.56503184712613	11.0107339250102	10.3247829002217	4.11948364762587	5.40247815077882
Cluster_3680	2.16875555820577	5.01272999083147	10.1956381018573	10.9180420004068	10.2835549756544
Cluster_3697	2.16875555820577	5.72870974684936	10.3931982421113	11.1288763917332	10.7082759551368
Cluster_3709	2.16875555820577	11.724820821228	8.14285294130647	10.7700408698659	9.52092348209148
Cluster_3715	7.06107170578799	12.90262939698	5.70153801200526	2.90420599299162	6.27700709885321
Cluster_3724	10.9214360572836	10.6341027256023	10.2807901461106	12.4380463627708	3.6278450140324
Cluster_3730	10.7740037810337	2.79269232515894	2.16875555820577	8.79686991843649	2.16875555820577
Cluster_3735	3.07189026558136	3.38962077932769	8.16362347889538	11.0514513698976	10.3963378921626
Cluster_3747	2.81249336353849	2.16875555820577	3.49844097914978	10.2871798337799	5.48627013710744
Cluster_3758	12.2828205323823	4.10553422206909	2.16875555820577	10.9445058875378	4.04682388250759
Cluster_3767	8.89992666547119	4.80295208436427	2.16875555820577	11.3581186730701	9.34056103198447
Cluster_3775	5.96274932355617	4.3809453954085	12.4318328088467	12.5285822912267	5.90579069157917
Cluster_3837	12.309968750745	11.2399780244282	5.65500240835303	5.25983576804371	5.26663979812593
Cluster_3858	10.5400482758541	11.6397115450562	9.17830291537675	2.16875555820577	8.85916889853832
Cluster_3918	10.3173394893681	2.16875555820577	8.3527528036546	2.16875555820577	2.16875555820577
Cluster_3926	3.42670763288385	11.5222862654263	3.02709040863234	2.90420599299162	2.16875555820577
Cluster_3935	2.81249336353849	2.79269232515894	10.6735741106051	3.19816143196275	3.22151140028523
Cluster_3952	3.26635187139948	7.92454997700628	10.8670383562086	8.00039999561863	2.16875555820577
Cluster_3956	11.3302210013655	10.8336616544044	3.99258523080306	11.0771926911358	6.10340884308317
Cluster_3998	6.77922896776425	9.22070988271822	2.16875555820577	3.41711888899962	9.26335279848815
Cluster_4035	2.16875555820577	8.6413435568457	8.13024547597034	2.16875555820577	2.16875555820577
Cluster_4053	3.07189026558136	8.73976492532457	3.02709040863234	9.98289322304857	9.2186037431543
Cluster_4058	12.1315454514104	3.64391359891573	2.78009690050578	5.06447134668123	12.3254770559905
Cluster_4080	3.26635187139948	3.23355439124224	3.212648123063	3.41711888899962	12.3049334743004
Cluster_4117	10.4584081215675	11.3550040934572	2.16875555820577	2.16875555820577	9.52827614099273
Cluster_4132	2.81249336353849	11.7875176242668	4.21390864903682	3.41711888899962	6.43182832119728
Cluster_4145	10.6560781799628	3.85045921568489	3.49844097914978	3.19816143196275	2.92123421446204
Cluster_4166	3.26635187139948	2.16875555820577	4.71437649474793	8.46760768440956	10.6588888606265
Cluster_4221	10.7321583399976	2.79269232515894	3.81934750444895	3.59663768221909	2.92123421446204
Cluster_4233	10.2358361941579	2.79269232515894	11.9714348998762	10.7581546397075	11.8172474191746
Cluster_4251	2.16875555820577	3.04451980813479	6.57972513981206	2.16875555820577	10.3207265658229
Cluster_4263	7.84024885230457	9.21449982147865	4.66716721728346	2.16875555820577	10.0101015435898
Cluster_4273	9.20148069471152	2.16875555820577	2.16875555820577	6.60199817209975	8.05208118138741
Cluster_4304	2.16875555820577	7.58899314717435	2.16875555820577	8.82373251044079	9.71167961408381
Cluster_4305	3.42670763288385	8.6444268365037	2.78009690050578	10.1036640913983	9.18798073988707
Cluster_4329	9.99845473190396	10.1857249508546	2.16875555820577	11.4266782275278	10.0378413230432
Cluster_4330	2.16875555820577	3.38962077932769	2.16875555820577	5.75462312576836	10.9985337403796
Cluster_4332	10.1214331838385	8.36304021380032	8.16362347889538	2.16875555820577	2.16875555820577
Cluster_4364	9.26048088217211	8.38900966202348	11.7521287092069	4.11948364762587	4.04682388250759
Cluster_4379	6.14155512096289	6.11578669007946	2.16875555820577	10.0752045428394	2.16875555820577
Cluster_4393	6.02487002734359	2.16875555820577	10.1275119607488	2.16875555820577	2.92123421446204
Cluster_4426	3.26635187139948	2.16875555820577	3.90907771372937	10.3212392172088	3.22151140028523
Cluster_4447	3.07189026558136	3.52439214386651	10.0986875979714	10.33730644187	5.64029186790158
Cluster_4492	3.68758064556	2.16875555820577	7.95545040074642	3.88652164765346	10.6454283513747
Cluster_4503	9.56958494837251	10.6502956399513	10.0943679152852	3.41711888899962	2.16875555820577
Cluster_4523	2.16875555820577	7.56965208134444	9.09858562022106	2.16875555820577	2.92123421446204
Cluster_4540	2.16875555820577	4.8907286709018	9.9583697130828	7.06836643065831	10.0135983265119
Cluster_4555	2.16875555820577	10.5287671682722	5.36752585201265	2.16875555820577	6.34541543663163
Cluster_4580	8.61181042644004	3.85045921568489	11.1809743349237	6.01788922867083	11.9205072248087
Cluster_4596	11.8223545518983	3.38962077932769	3.02709040863234	2.90420599299162	3.44489765339414
Cluster_4603	3.26635187139948	11.0880602541698	2.78009690050578	3.75068714354714	2.92123421446204
Cluster_4617	8.92985419318847	9.10909105072731	2.16875555820577	8.61549710952459	2.16875555820577
Cluster_4653	2.16875555820577	10.1857249508546	10.1264545987984	9.5630201534046	10.0734586589937
Cluster_4659	2.81249336353849	7.00473704450626	3.212648123063	2.90420599299162	10.3597145852849
Cluster_4664	8.35129523427176	10.047002532826	3.02709040863234	8.49651681408116	2.16875555820577
Cluster_4680	9.45825213539315	2.79269232515894	3.36595849551085	2.90420599299162	11.0020585897071
Cluster_4692	10.3326945803085	3.04451980813479	2.16875555820577	5.06447134668123	9.5763588649569
Cluster_4693	10.152915466097	2.79269232515894	3.61600729705781	5.61992574119517	9.79937672096773
Cluster_4702	9.61550621798683	8.7252774859795	8.63147575144993	2.16875555820577	3.44489765339414
Cluster_4715	2.16875555820577	2.16875555820577	11.2236243286783	2.90420599299162	2.16875555820577
Cluster_4718	12.177341180271	13.1463702339718	6.42279494006005	6.30712185749827	13.3203362994638
Cluster_4750	4.44056817525888	12.3009556734292	5.07895878723923	10.423867792007	5.35863917710594
Cluster_4775	6.39741098659429	3.64391359891573	7.26602912712703	11.2491080346088	12.0436232232862
Cluster_4821	11.8485836887536	4.10553422206909	3.72220033763637	4.6378773729134	4.15954326775057
Cluster_4854	2.81249336353849	2.16875555820577	2.16875555820577	9.53774882545289	9.3124449394843
Cluster_4884	11.6077288212324	3.38962077932769	12.919430567264	11.7262165542804	12.7871275464974
Cluster_4954	12.7357065955084	5.3862060387918	10.3548888914845	9.83230731845843	2.92123421446204
Cluster_4955	2.81249336353849	11.5745365273181	7.3262571377039	7.04243593336991	4.04682388250759
Cluster_4956	2.81249336353849	11.558282981841	5.6068898005998	9.82092496485603	8.5285736025499
Cluster_4972	3.07189026558136	3.23355439124224	8.13446022415546	2.90420599299162	10.3277664371977
Cluster_5050	9.65023878243878	13.0491095948338	3.212648123063	10.1052288352849	3.6278450140324
Cluster_5052	2.16875555820577	12.7865555467914	6.89044765655118	12.3044651257638	10.7890487078555
Cluster_5076	10.5294261844782	2.79269232515894	2.78009690050578	3.59663768221909	3.22151140028523
Cluster_5080	10.7290671598144	3.23355439124224	5.91380163663406	2.90420599299162	3.44489765339414
Cluster_5095	10.1689730855874	10.2769491635991	8.04325514044093	2.16875555820577	8.2006300530607
Cluster_5108	9.41466378949742	9.61888837704235	11.515784511456	11.2045484208386	2.16875555820577
Cluster_5116	2.16875555820577	13.4267534050545	3.36595849551085	10.0231805848004	3.22151140028523
Cluster_5118	2.16875555820577	10.8036399832884	4.07077733801051	11.3607411373611	4.61061967802153
Cluster_5189	3.79810584625885	10.3887166872172	8.65806453407303	2.16875555820577	8.61399253584377
Cluster_5191	11.9126541384831	4.02624662046964	11.0109188531899	12.5053647788183	9.67239929407836
Cluster_5210	2.16875555820577	2.16875555820577	9.95122129289283	6.61966005796017	5.96509702970308
Cluster_5213	12.1429136444273	3.94153109081561	2.16875555820577	5.43129091659093	12.3017192945279
Cluster_5228	2.16875555820577	8.17539973515121	2.16875555820577	2.16875555820577	8.26073107648769
Cluster_5231	3.26635187139948	3.04451980813479	9.13058122508437	7.31568699067091	12.3488499128541
Cluster_5242	2.16875555820577	2.16875555820577	7.28132387820984	10.5019687960872	10.0223033811164
Cluster_5271	10.4367816078038	2.16875555820577	3.02709040863234	3.19816143196275	10.2821059939178
Cluster_5305	5.68305788797559	2.16875555820577	6.84996282757616	6.14557435254532	11.8989262986371
Cluster_5310	12.4901188997894	2.79269232515894	3.36595849551085	3.41711888899962	3.6278450140324
Cluster_5399	3.07189026558136	5.01272999083147	10.0736709149141	10.8280459837289	10.3319739293364
Cluster_5422	2.16875555820577	5.77476995155166	2.16875555820577	2.90420599299162	9.92724341016522
Cluster_5459	3.26635187139948	10.5296010980861	7.40516210075472	3.59663768221909	9.45300666126198
Cluster_5520	10.6080901535798	3.94153109081561	11.9910280534005	5.72212658557253	12.6314076323558
Cluster_5521	11.5053010653131	5.32528725788413	6.14959755032202	5.1655636027794	12.1214416466802
Cluster_5526	4.15974725528884	9.49797592859064	2.78009690050578	4.6378773729134	10.2572479942261
Cluster_5531	9.85269051393902	3.23355439124224	8.58604199121585	5.54745922506326	2.16875555820577
Cluster_5558	5.63059002963566	10.9756699109579	2.16875555820577	7.16765567898904	4.15954326775057
Cluster_5565	9.92065443529103	2.79269232515894	6.7323684005709	2.16875555820577	8.69027051252168
Cluster_5581	3.26635187139948	10.0746924170557	4.80415252025433	10.465884744045	9.55491973606457
Cluster_5588	3.07189026558136	10.1018608198004	4.2798760114204	9.11533647226926	11.1938042678655
Cluster_5611	9.17900149839083	2.16875555820577	3.99258523080306	9.73054196521089	7.58165900640576
Cluster_5625	9.96731163599335	5.35607601249494	8.5359479761117	10.1284985869449	2.16875555820577
Cluster_5681	13.1634005470671	13.2876433344535	12.5435857226942	12.0657785085034	5.06226862603887
Cluster_5693	12.1521749482788	12.6355505641909	11.249593469702	2.16875555820577	3.44489765339414
Cluster_5695	3.07189026558136	3.23355439124224	3.90907771372937	12.1139844571841	3.22151140028523
Cluster_5702	9.34367917550559	2.16875555820577	8.47410924706125	2.16875555820577	8.73332506392504
Cluster_5711	2.16875555820577	3.04451980813479	12.2578353265337	12.2181622992653	2.16875555820577
Cluster_5713	10.2260021563382	11.0432150595093	2.78009690050578	12.6845586711785	12.0251195950939
Cluster_5731	5.1212987602468	3.94153109081561	9.62118359829975	11.0985602914167	3.44489765339414
Cluster_5745	3.07189026558136	8.99295131841343	2.16875555820577	10.2107468119705	10.7339403567944
Cluster_5746	6.57359751712773	6.11578669007946	7.36265963378812	12.9080897503907	12.4597099555152
Cluster_5800	12.5335106659945	13.1344967207075	2.78009690050578	13.4510982807127	9.16615114535977
Cluster_5801	5.33441196354446	10.6955840852514	4.88840414452477	11.3744314066759	11.994480350801
Cluster_5838	5.82975642389959	5.01272999083147	5.21459063152669	11.9368290779076	3.22151140028523
Cluster_5864	5.49024237637157	12.1618521041705	5.87380367767425	11.2205178991618	4.82259174155086
Cluster_5891	2.81249336353849	8.04145473711212	2.16875555820577	8.61549710952459	8.84745920012175
Cluster_5892	10.8781386999436	7.9396920684249	3.02709040863234	3.19816143196275	2.16875555820577
Cluster_5907	2.16875555820577	2.16875555820577	2.78009690050578	3.59663768221909	10.7402857495267
Cluster_5959	4.30772534725651	12.8174431943694	5.00584956983666	6.70485271490656	6.12953515125256
Cluster_5961	2.81249336353849	10.9403596577837	2.78009690050578	4.95545405662601	4.53188233298399
Cluster_5962	5.19599662460015	11.423902607607	2.16875555820577	6.60199817209975	5.7457418695177
Cluster_5973	2.16875555820577	7.06125911661783	2.16875555820577	10.5475679838978	6.55241094211281
Cluster_6007	11.141422084674	8.35553366072956	2.16875555820577	9.72036764848839	9.87052293666121
Cluster_6013	3.26635187139948	2.79269232515894	9.96784617184615	3.19816143196275	9.33218359387985
Cluster_6018	2.16875555820577	2.16875555820577	9.7667293513463	6.70485271490656	9.7851257721314
Cluster_6028	10.1060264678785	2.16875555820577	9.29395421909834	2.16875555820577	8.75855411326609
Cluster_6048	11.5907998879176	3.23355439124224	2.78009690050578	6.58411642984537	5.06226862603887
Cluster_6068	6.80298166094351	11.061782031329	8.91725881300736	3.19816143196275	14.9681812539908
Cluster_6076	3.99220943885661	11.050205706058	3.02709040863234	3.19816143196275	5.26663979812593
Cluster_6158	3.07189026558136	2.16875555820577	9.28260766945535	9.95539604679928	2.16875555820577
Cluster_6160	3.68758064556	2.79269232515894	9.17216715154998	8.99557366647281	2.16875555820577
Cluster_6166	3.07189026558136	8.83189729818724	2.78009690050578	9.88244494082763	7.9823932760487
Cluster_6197	4.50229140105495	3.04451980813479	4.40254163636872	14.5246715180128	2.16875555820577
Cluster_6214	4.61778975281968	13.3454988670497	10.1630087866853	10.8589818856493	7.42231290699076
Cluster_6241	10.8363771337626	2.79269232515894	2.78009690050578	2.16875555820577	2.16875555820577
Cluster_6266	4.44056817525888	11.4930844413473	11.6793716266901	11.8489686222665	3.44489765339414
Cluster_6274	4.23586214401217	7.91436616832108	10.8337381945503	7.81388498250795	2.16875555820577
Cluster_6283	2.16875555820577	11.2900504018291	10.610691702908	8.11670282470058	8.58137248326664
Cluster_6284	11.213419845142	3.52439214386651	11.1057121551286	11.2334536195362	2.92123421446204
Cluster_6286	7.73935290763116	2.16875555820577	9.44917509959017	9.46892131146478	2.16875555820577
Cluster_6366	13.7358148481773	5.3862060387918	12.5366377117323	10.9816104109201	14.6419271039917
Cluster_6374	2.16875555820577	2.16875555820577	2.16875555820577	9.9794846017809	3.22151140028523
Cluster_6435	2.16875555820577	3.75180894500025	4.14436293191535	10.9540889582287	5.56537288096593
Cluster_6457	3.68758064556	11.7457847426058	3.90907771372937	3.59663768221909	3.22151140028523
Cluster_6468	3.79810584625885	8.75980594436263	2.16875555820577	2.16875555820577	8.86692288420388
Cluster_6512	3.56503184712613	8.78517045496319	2.16875555820577	10.0380029375905	9.15035381444197
Cluster_6568	9.36375003744238	2.16875555820577	7.43964740622446	2.90420599299162	9.5834350171419
Cluster_6596	7.73319206051746	8.20494120844146	2.16875555820577	8.7131433487905	2.16875555820577
Cluster_6631	2.16875555820577	6.04256324785072	7.39816486605531	2.16875555820577	11.0411308335831
Cluster_6680	4.86963008677246	12.433844654081	4.6182535557476	11.8656821304485	4.88652302293075
Cluster_6708	8.04807518044116	7.7805994647586	2.78009690050578	2.90420599299162	10.7371165418167
Cluster_6738	5.1212987602468	11.9588938155833	11.0615854395322	6.76954817862082	12.7488272040519
Cluster_6771	12.6060723148371	13.0720442909901	3.49844097914978	13.0507278425736	10.7643544458055
Cluster_6782	14.1304752862937	10.1941649510784	7.96020746543627	3.75068714354714	13.8658712855708
Cluster_6788	10.764976821799	5.55461406769837	11.4245301139958	4.00849837332493	11.8395830765027
Cluster_6805	2.16875555820577	2.16875555820577	3.212648123063	12.3595872048971	2.16875555820577
Cluster_6808	6.02487002734359	3.04451980813479	3.49844097914978	2.16875555820577	10.6089072978872
Cluster_6819	3.07189026558136	8.40364205249087	2.16875555820577	9.4269926788735	4.04682388250759
Cluster_6830	11.7586010553265	2.16875555820577	2.16875555820577	2.16875555820577	7.48415089071728
Cluster_6842	3.07189026558136	2.16875555820577	4.6182535557476	11.1056130708753	2.92123421446204
Cluster_6881	3.07189026558136	11.2028184866555	3.02709040863234	3.88652164765346	2.16875555820577
Cluster_6886	9.87942524313842	2.16875555820577	2.16875555820577	2.16875555820577	2.16875555820577
Cluster_6948	2.81249336353849	8.08296063847763	8.67262699690772	2.90420599299162	11.0990588820351
Cluster_6980	3.68758064556	2.16875555820577	12.1845456375305	5.61992574119517	2.16875555820577
Cluster_7002	5.57610756610076	9.80673110118103	3.36595849551085	11.0326619231738	4.44821772865563
Cluster_7038	8.41039047645291	2.16875555820577	2.16875555820577	9.08710708489369	7.6461900549353
Cluster_7102	12.1716600081701	4.80295208436427	12.7499054877702	13.3928743471314	13.5551495747531
Cluster_7165	5.33441196354446	12.4050506192513	5.87380367767425	6.30712185749827	3.44489765339414
Cluster_7269	2.16875555820577	2.79269232515894	10.1019188929591	3.19816143196275	2.16875555820577
Cluster_7283	8.64499499264318	10.2868476938216	2.16875555820577	11.9420919563806	10.4372713900234
Cluster_7295	2.16875555820577	2.16875555820577	2.16875555820577	2.90420599299162	11.4488312106313
Cluster_7306	8.3063659064356	2.16875555820577	2.16875555820577	9.25157631093778	9.78921185716673
Cluster_7342	10.5329755785239	9.59836756223932	6.92982424971696	3.41711888899962	3.22151140028523
Cluster_7351	2.81249336353849	10.9409866428809	5.70153801200526	10.4755957484526	2.92123421446204
Cluster_7386	7.72700476770142	12.942312067856	4.14436293191535	12.9948467808078	12.0765939775092
Cluster_7389	6.00446182443796	14.0980307430358	5.85337595546002	14.2923609872811	14.3846030521967
Cluster_7460	9.79621101113532	10.4160327738126	8.55179006358203	2.16875555820577	2.16875555820577
Cluster_7482	9.03623223444312	9.64066606878778	2.16875555820577	4.40406882417846	2.16875555820577
Cluster_7485	8.57095406610503	4.70916182303201	5.45189863054575	8.46273265234493	13.0780179828731
Cluster_7506	9.98036972619115	10.4648072598363	2.16875555820577	10.4437929932805	11.568367084054
Cluster_7511	4.86963008677246	2.16875555820577	9.70148281844862	2.16875555820577	8.07903982706828
Cluster_7561	9.46011772869428	11.0095389014419	11.022332869062	3.19816143196275	12.3738920826409
Cluster_7618	7.11895933277609	4.10553422206909	2.78009690050578	2.90420599299162	10.6295640276127
Cluster_7619	8.54657554405298	4.4415651118328	2.78009690050578	2.16875555820577	9.30960295381861
Cluster_7630	11.2543097082516	12.9957939015429	11.6399029203551	3.59663768221909	2.16875555820577
Cluster_7633	10.0747104657191	7.72341210797204	11.573564036433	5.1655636027794	2.16875555820577
Cluster_7654	4.67202420191158	3.75180894500025	9.75719683434745	10.7401396322284	4.61061967802153
Cluster_7699	8.37522468993748	9.41916460432276	2.16875555820577	8.99219471248793	3.44489765339414
Cluster_7763	6.04499087024928	11.8452602620902	3.81934750444895	2.16875555820577	3.44489765339414
Cluster_7767	10.987600291802	12.2844998830217	2.16875555820577	12.4994271744254	3.44489765339414
Cluster_7790	9.11649750308828	3.04451980813479	7.77281862275426	2.16875555820577	2.16875555820577
Cluster_7838	11.5370210692258	9.98876308053601	7.21914546368344	13.1216340017435	4.75553405994282
Cluster_7842	3.79810584625885	11.1582202522229	11.5866937304768	11.3905617495061	3.78468152058806
Cluster_7843	3.79810584625885	10.4726338606579	9.60912224734718	4.70757467686641	2.92123421446204
Cluster_7893	5.3988240635562	7.4895824471907	2.16875555820577	10.8838087763863	2.16875555820577
Cluster_7952	2.81249336353849	2.16875555820577	8.74331229860313	2.16875555820577	9.90105111938622
Cluster_7961	2.16875555820577	2.16875555820577	3.212648123063	10.2635514495596	2.92123421446204
Cluster_7978	3.07189026558136	12.8880721526829	6.79769969373923	10.5726687045673	3.22151140028523
Cluster_7980	8.27702806524105	2.16875555820577	9.11999468149222	8.54805724348653	2.16875555820577
Cluster_7983	8.39095988263129	8.55877350683929	10.9076109338824	2.16875555820577	10.3610877139697
Cluster_7987	7.28827660872259	3.75180894500025	10.4219236299051	11.6446370458032	2.92123421446204
Cluster_7993	9.06348659678313	5.26161063153489	2.78009690050578	2.16875555820577	9.44784625902275
Cluster_7996	2.16875555820577	9.45998360319848	2.16875555820577	7.01602970057736	2.16875555820577
Cluster_7997	6.41294803489724	4.8907286709018	2.16875555820577	12.2167154532808	8.88230691680085
Cluster_8015	2.16875555820577	10.9416133556103	4.14436293191535	4.11948364762587	12.5309812752711
Cluster_8028	11.4425224394873	3.52439214386651	2.78009690050578	7.9173025591237	4.82259174155086
Cluster_8032	7.34595861019516	4.3809453954085	10.2016747822832	11.487934852423	12.651185664008
Cluster_8048	2.16875555820577	2.16875555820577	2.16875555820577	2.16875555820577	9.68561193007544
Cluster_8059	6.39741098659429	12.6553611919737	5.74659814406222	5.47108372756368	13.2215590572071
Cluster_8061	3.99220943885661	9.28731226357747	3.02709040863234	2.16875555820577	9.94932156042512
Cluster_8109	3.07189026558136	7.83560436641315	2.16875555820577	3.41711888899962	9.88395857620857
Cluster_8124	2.16875555820577	5.16032497002666	7.18701965267409	10.1679644898972	2.16875555820577
Cluster_8138	11.5480261135638	2.16875555820577	7.55108286147367	2.16875555820577	2.16875555820577
Cluster_8150	4.15974725528884	4.31739344015861	11.3289511095275	2.90420599299162	10.1908472167599
Cluster_8202	3.07189026558136	3.52439214386651	9.57697288521577	2.16875555820577	10.2319541525176
Cluster_8207	4.61778975281968	10.6992947239634	4.6182535557476	4.6378773729134	10.5329688206177
Cluster_8250	9.26901998925309	3.64391359891573	8.92943617194499	9.91671072382974	2.16875555820577
Cluster_8252	11.3935780881853	11.1603755335835	10.8511245705334	11.3672765178826	3.78468152058806
Cluster_8253	9.13996407539726	6.29974152226925	9.35119718126614	12.0777826177752	3.22151140028523
Cluster_8256	8.78256582305902	9.2432540809119	11.2077154831175	2.16875555820577	4.94761816900861
Cluster_8264	2.16875555820577	9.92427325548338	8.82380165018539	7.42002884873482	11.5352994188577
Cluster_8275	7.36202364627756	14.9104307782024	11.3243476712073	6.97548907376525	6.84759966693721
Cluster_8300	2.16875555820577	9.35097484140868	7.81544973549528	6.19361971485876	2.16875555820577
Cluster_8335	6.82634838322009	2.79269232515894	3.81934750444895	11.3679284305881	2.16875555820577
Cluster_8384	4.15974725528884	9.40287216682231	6.32264423578435	12.6629410127671	6.64569645888783
Cluster_8422	2.16875555820577	7.2833893558659	10.9860685857837	10.3998435350839	10.7643544458055
Cluster_8434	2.16875555820577	8.3667788888899	2.78009690050578	9.4294930935789	2.16875555820577
Cluster_8487	3.79810584625885	3.52439214386651	11.516995348929	2.16875555820577	2.16875555820577
Cluster_8497	3.07189026558136	8.80459458447929	6.59206023087357	2.16875555820577	10.2601947938227
Cluster_8518	10.9588611528432	2.79269232515894	2.16875555820577	6.21705100736168	2.16875555820577
Cluster_8541	11.5937768277057	2.79269232515894	4.76000228031509	3.75068714354714	8.30135942004116
Cluster_8547	12.268786349277	10.7000357078022	9.99010637524926	5.58415550071129	2.16875555820577
Cluster_8621	3.68758064556	5.96538503525928	10.8161397286946	11.1056130708753	12.4474814211594
Cluster_8639	10.6446401718169	12.5099760203848	9.34393738419614	3.59663768221909	13.7714408424416
Cluster_8700	4.86963008677246	2.79269232515894	11.6004667372799	3.19816143196275	3.22151140028523
Cluster_8739	6.17842692529972	4.18011929466891	10.1072883529506	10.6752542851215	12.3643381854214
Cluster_8754	14.7661553977784	5.86264743555387	5.87380367767425	4.40406882417846	7.93890422336882
Cluster_8761	11.9336176765369	5.12486539782643	11.8350486005768	10.6752542851215	3.78468152058806
Cluster_8765	10.4907082895152	10.4187361496419	10.2529608668959	11.1809999062977	3.22151140028523
Cluster_8807	9.33150123412743	4.80295208436427	3.02709040863234	2.90420599299162	10.0326805813187
Cluster_8810	6.41294803489724	5.44460092652751	6.4501705338706	12.6501348215325	12.2507762728698
Cluster_8875	11.3921131075966	2.79269232515894	3.02709040863234	2.90420599299162	4.04682388250759
Cluster_8927	3.56503184712613	3.38962077932769	10.1599116102613	10.3805903107566	2.16875555820577
Cluster_8931	3.07189026558136	10.8504451575967	7.4666534047959	2.16875555820577	2.16875555820577
Cluster_8942	8.81791472717164	3.38962077932769	2.16875555820577	3.19816143196275	9.89347942433063
Cluster_8985	8.13941015288243	9.03584670494092	2.16875555820577	2.16875555820577	2.92123421446204
Cluster_8986	9.28594804195227	8.10551345377226	2.78009690050578	2.16875555820577	3.22151140028523
Cluster_9006	2.16875555820577	6.34606666485756	10.2626179317241	8.25848012267822	10.6077509832995
Cluster_9018	3.07189026558136	10.4392954315918	4.2798760114204	9.08710708489369	9.9800316196202
Cluster_9028	6.12275675199152	2.79269232515894	11.6951469441218	2.16875555820577	2.16875555820577
Cluster_9035	2.81249336353849	9.26745246957744	3.212648123063	3.19816143196275	10.4871716219866
Cluster_9036	3.07189026558136	12.8389636557944	3.36595849551085	4.11948364762587	10.7349998622885
Cluster_9059	8.48192764547298	12.6677244744629	4.07077733801051	3.59663768221909	8.46357585125939
Cluster_9060	9.97254906408857	9.76343195182768	4.51475072617336	2.16875555820577	2.16875555820577
Cluster_9098	3.56503184712613	2.16875555820577	3.212648123063	8.85755094623356	9.80140112717649
Cluster_9100	10.8442554258044	8.60382074286154	7.92170406873333	2.16875555820577	9.11171907143704
Cluster_9123	6.16010974933265	12.2864746500465	12.0849185574693	5.43129091659093	11.865937268673
Cluster_9141	2.16875555820577	2.16875555820577	6.74346519727662	11.5706795260299	5.1681852588007
Cluster_9148	4.82283933364779	5.22865563425508	13.5667701223192	6.07033917642466	4.61061967802153
Cluster_9202	2.81249336353849	2.16875555820577	3.02709040863234	2.16875555820577	10.085138336764
Cluster_9211	4.37582585998405	4.70916182303201	4.21390864903682	11.6969407231774	3.6278450140324
Cluster_9212	3.07189026558136	3.23355439124224	3.02709040863234	11.2183506241384	2.16875555820577
Cluster_9232	6.2836666178143	6.13352146115948	3.02709040863234	2.90420599299162	12.3800006317725
Cluster_9239	5.33441196354446	12.7769305688313	2.78009690050578	4.11948364762587	3.22151140028523
Cluster_9254	8.60844958757549	10.620076938612	3.36595849551085	3.59663768221909	3.78468152058806
Cluster_9304	2.81249336353849	3.52439214386651	9.9500264381991	10.7023869258699	2.92123421446204
Cluster_9395	8.25999165828421	2.16875555820577	9.07246813559741	11.6097866045083	2.92123421446204
Cluster_9422	9.54694226091121	9.94692437499515	2.16875555820577	5.25983576804371	2.16875555820577
Cluster_9479	8.53245768926496	3.23355439124224	10.1443251976842	2.90420599299162	4.15954326775057
Cluster_9484	2.16875555820577	10.2996150758128	4.76000228031509	2.16875555820577	5.90579069157917
Cluster_9485	7.76976824390986	3.38962077932769	12.2452267402271	2.16875555820577	2.92123421446204
Cluster_9528	2.81249336353849	2.16875555820577	10.563031582277	2.16875555820577	3.78468152058806
Cluster_9580	7.02114481103261	3.85045921568489	12.6399100829885	11.006106191914	5.52637401145949
Cluster_9644	8.61850870103578	2.79269232515894	4.71437649474793	9.41694745358392	2.16875555820577
Cluster_9669	11.3101929690384	3.64391359891573	8.29744479992243	3.88652164765346	3.78468152058806
Cluster_9677	6.16010974933265	8.15824313310404	12.6237029226446	7.79072476910099	13.6731603114452
Cluster_9692	10.8528011417335	2.16875555820577	2.16875555820577	11.8282745040835	8.11855566140121
Cluster_9786	3.56503184712613	2.16875555820577	2.16875555820577	2.16875555820577	10.6854388687097
Cluster_9815	11.3494716546168	6.36118163259838	2.78009690050578	3.75068714354714	6.47315829025646
Cluster_9871	10.6866747001805	4.25058163427671	3.99258523080306	4.11948364762587	9.7851257721314
Cluster_9907	3.68758064556	12.1591602658483	9.15152404202857	11.1720691638723	8.14431046996377
Cluster_9938	2.81249336353849	8.12771895131198	3.212648123063	8.73756523659111	9.94932156042512
Cluster_9944	2.16875555820577	6.50416911236131	2.78009690050578	8.4079906679214	9.52582941626813
Cluster_9945	3.07189026558136	8.81831054048316	2.16875555820577	10.0639835259712	9.08869484706118
Cluster_9956	9.21480196814451	10.7602474078117	10.0062916007023	4.6378773729134	3.44489765339414
Cluster_9971	3.89907331597862	10.698553359346	4.34264691211388	3.19816143196275	2.16875555820577
Cluster_9986	12.5239554361539	13.1847280510688	3.02709040863234	13.5973908675556	10.1753201848084
Cluster_9990	10.2401854521898	4.10553422206909	2.16875555820577	2.90420599299162	7.13158376723748
Cluster_9991	11.0271486047294	8.37422728753931	3.212648123063	4.00849837332493	11.7543711128573
Cluster_9998	2.16875555820577	9.47737697631872	8.75704298300403	5.1159330538685	2.92123421446204
Cluster_10053	3.07189026558136	9.49967930431229	7.73999694962984	9.93618305343471	2.16875555820577
Cluster_10118	8.94592031417433	3.04451980813479	9.81346939139586	10.676307338862	3.78468152058806
Cluster_10152	3.79810584625885	3.64391359891573	12.190375779073	3.88652164765346	4.68501043252508
Cluster_10171	5.54806044416748	10.8577684907431	3.36595849551085	9.09027110335821	2.16875555820577
Cluster_10206	4.15974725528884	11.3431941841749	2.16875555820577	4.40406882417846	9.24561940580028
Cluster_10209	9.2432495137101	2.79269232515894	9.91003056146675	11.3342994764184	8.17587028045029
Cluster_10217	4.61778975281968	3.85045921568489	12.156072809197	4.56438897548382	2.92123421446204
Cluster_10228	8.80329115023906	6.87407968876006	5.81162055346512	2.16875555820577	12.0790992515602
Cluster_10229	3.07189026558136	3.64391359891573	3.36595849551085	2.16875555820577	10.7518469751779
Cluster_10230	3.99220943885661	3.23355439124224	3.212648123063	12.3112598472504	2.16875555820577
Cluster_10231	2.81249336353849	2.79269232515894	3.36595849551085	13.706046957682	3.44489765339414
Cluster_10234	7.76373630240488	2.16875555820577	4.84692405648433	10.2995340465867	2.16875555820577
Cluster_10265	10.268140451921	2.79269232515894	11.3015760227234	9.34194920603026	11.4240820420303
Cluster_10275	3.56503184712613	10.9334447774804	3.02709040863234	2.90420599299162	5.21827710302227
Cluster_10283	2.81249336353849	3.04451980813479	5.11412179622604	9.11533647226926	10.0257707483804
Cluster_10347	3.26635187139948	10.9347044961762	3.02709040863234	3.59663768221909	3.44489765339414
Cluster_10381	2.16875555820577	9.27542922672967	9.18847154576023	9.84921421171886	2.16875555820577
Cluster_10382	2.16875555820577	8.39999784948036	8.3563656651686	2.16875555820577	9.32938026822816
Cluster_10407	11.4953291003533	4.70916182303201	11.6436031295409	4.95545405662601	9.75201363712433
Cluster_10440	3.89907331597862	3.23355439124224	10.9241343956726	4.40406882417846	2.16875555820577
Cluster_10451	4.07878015984531	7.44073434024255	10.2006704214196	12.3667802191868	4.94761816900861
Cluster_10459	11.7841436768014	5.16032497002666	13.7764398264106	13.3671834698881	14.2914440569525
Cluster_10482	6.12275675199152	2.16875555820577	9.90387267045933	2.90420599299162	2.16875555820577
Cluster_10516	8.10165601033218	11.2460792810256	11.6520777665135	4.4866416069699	4.35891161332444
Cluster_10533	7.92916345579002	2.79269232515894	8.27089007654031	11.1172916210361	2.92123421446204
Cluster_10534	9.52927971332844	3.64391359891573	10.1650698831141	11.1861840889417	2.16875555820577
Cluster_10546	2.16875555820577	8.49187708738428	2.16875555820577	7.87388588513594	8.72481635432218
Cluster_10548	9.62551543024404	6.00449525860482	2.16875555820577	2.16875555820577	7.5530930478666
Cluster_10578	4.30772534725651	3.75180894500025	3.81934750444895	12.5812524634475	12.0410555249156
Cluster_10581	11.7635192946535	5.16032497002666	5.27777614243831	10.9055240693787	12.7417289719951
Cluster_10593	2.16875555820577	9.73044553976421	7.79961044572606	2.16875555820577	10.159624217967
Cluster_10603	2.16875555820577	3.64391359891573	2.16875555820577	8.01379559098347	9.22163059012221
Cluster_10604	2.16875555820577	10.5145161065172	2.16875555820577	10.8194925035651	8.62774983366781
Cluster_10619	3.99220943885661	13.0139346060461	3.99258523080306	2.90420599299162	2.16875555820577
Cluster_10630	3.42670763288385	3.64391359891573	12.5789924282046	5.75462312576836	2.16875555820577
Cluster_10644	6.33352300593734	8.70179058894722	2.16875555820577	9.57436238564455	2.92123421446204
Cluster_10749	2.16875555820577	10.3692829452169	7.90699599122812	11.6125398183193	6.96799691651713
Cluster_10765	9.8724376823305	5.79725282797193	12.2959538942452	5.34817180097308	13.0268116493217
Cluster_10822	4.56128313406975	11.5227051649993	5.00584956983666	2.90420599299162	2.16875555820577
Cluster_10823	4.44056817525888	9.15521248679777	12.1118807582521	3.41711888899962	2.16875555820577
Cluster_10824	2.16875555820577	7.39750455329752	9.8939650430756	2.90420599299162	2.16875555820577
Cluster_10838	7.18367844066935	8.46073072607575	12.9413922022282	8.83509365008392	3.22151140028523
Cluster_10851	13.5514630334428	6.86351994774867	6.2149679050048	4.77387251479689	5.52637401145949
Cluster_10856	2.16875555820577	2.16875555820577	9.7462248372921	3.19816143196275	8.58137248326664
Cluster_10865	9.65023878243878	4.3809453954085	9.42873278945241	4.70757467686641	2.16875555820577
Cluster_10866	12.5767104927539	5.65669484667089	13.3738740248238	5.34817180097308	5.35863917710594
Cluster_10895	12.5449819193322	13.1660788941099	2.16875555820577	13.5778011440871	10.1690622756746
Cluster_10930	4.07878015984531	10.4033496033704	3.02709040863234	2.90420599299162	2.16875555820577
Cluster_10959	2.81249336353849	9.53665354536301	7.93626361031597	2.16875555820577	2.16875555820577
Cluster_10973	10.4109732404961	2.16875555820577	3.02709040863234	4.95545405662601	7.31295846576377
Cluster_10986	7.2193953136099	2.16875555820577	4.07077733801051	2.90420599299162	10.4228791740072
Cluster_11003	10.0807858031619	12.0260288892259	10.5847506763874	2.16875555820577	11.516937858794
Cluster_11046	3.42670763288385	3.23355439124224	8.36715025977986	2.16875555820577	9.32657148424481
Cluster_11064	5.3988240635562	4.49953051345627	12.539619528993	12.7547794450084	11.5236975957827
Cluster_11071	4.15974725528884	4.55507976420219	11.351750510393	2.16875555820577	2.16875555820577
Cluster_11087	10.345871395117	2.16875555820577	14.1870263935554	14.3130735181027	2.16875555820577
Cluster_11093	13.5337460120849	7.42646805459659	13.1774206004853	7.44991260107007	6.47315829025646
Cluster_11110	2.16875555820577	4.8907286709018	6.46366495177514	10.5137989990432	2.16875555820577
Cluster_11250	2.16875555820577	9.85676509666252	10.1264545987984	9.26563842665724	10.6733307351345
Cluster_11252	4.82283933364779	5.29380958593379	10.8908960288785	4.56438897548382	11.2083718521136
Cluster_11269	4.44056817525888	10.4006172132557	3.36595849551085	3.88652164765346	9.47346562928645
Cluster_11279	3.07189026558136	2.79269232515894	2.16875555820577	2.90420599299162	11.2848810411948
Cluster_11282	8.37522468993748	2.16875555820577	9.82915217289182	10.4671022004066	11.904116399755
Cluster_11303	10.5523426705592	11.740031952441	10.3790621679115	9.41189848765809	2.92123421446204
Cluster_11334	3.56503184712613	4.25058163427671	9.66989743928001	3.75068714354714	10.0013223240349
Cluster_11343	3.68758064556	3.75180894500025	11.5882305738726	9.71012106539072	4.94761816900861
Cluster_11367	5.51944665481885	9.88179931008532	12.6248265220577	13.0748856298072	7.31295846576377
Cluster_11370	6.14155512096289	4.31739344015861	2.16875555820577	11.2998678861788	2.92123421446204
Cluster_11467	5.33441196354446	13.7776746114694	5.70153801200526	6.04435476836671	13.3201598161877
Cluster_11468	3.99220943885661	3.64391359891573	10.5731561251187	8.60668525081186	2.16875555820577
Cluster_11469	2.16875555820577	3.52439214386651	7.61885180491594	10.9436315345189	9.82944851430508
Cluster_11554	2.81249336353849	10.3841132947684	2.78009690050578	8.60668525081186	3.22151140028523
Cluster_11565	10.4263227583927	4.84754122781685	9.96429979065862	2.90420599299162	2.92123421446204
Cluster_11574	2.81249336353849	2.16875555820577	10.5993045906035	5.43129091659093	7.96081271875442
Cluster_11593	7.29665967381477	9.48083062609578	5.87380367767425	13.6499301143512	5.60332703048959
Cluster_11613	2.16875555820577	2.16875555820577	3.36595849551085	2.16875555820577	11.3471803596708
Cluster_11625	2.16875555820577	10.2046459856148	10.6212391899334	2.90420599299162	2.16875555820577
Cluster_11659	4.37582585998405	11.6308012400207	4.21390864903682	11.1396055530744	5.8751867056325
Cluster_11724	10.1960913196935	9.98390339454322	3.02709040863234	2.90420599299162	2.92123421446204
Cluster_11735	11.6516528198991	3.52439214386651	3.02709040863234	12.4395976394019	12.0470397276805
Cluster_11736	10.0575621357022	2.16875555820577	2.16875555820577	2.16875555820577	4.26306903340211
Cluster_11741	2.16875555820577	3.04451980813479	3.02709040863234	10.5984516280099	2.92123421446204
Cluster_11776	2.16875555820577	5.26161063153489	9.69863982671391	2.16875555820577	2.16875555820577
Cluster_11784	10.3768157133339	11.4081180924012	3.02709040863234	9.50255856608412	9.10517813561258
Cluster_11791	2.16875555820577	8.81557776352877	3.36595849551085	6.9478132495595	11.0716441735829
Cluster_11812	2.16875555820577	8.51900911906517	2.16875555820577	2.16875555820577	9.04151368013695
Cluster_11813	2.81249336353849	10.12080016433	2.16875555820577	2.16875555820577	10.5619161827861
Cluster_11815	8.47456234965816	12.0459830224749	5.83265120568808	2.16875555820577	11.933025550186
Cluster_11822	8.72786308948874	2.16875555820577	3.61600729705781	9.68313425833926	2.16875555820577
Cluster_11915	3.26635187139948	10.7502657885264	3.36595849551085	4.22148492764858	2.16875555820577
Cluster_11933	3.42670763288385	2.16875555820577	2.16875555820577	10.8450022931035	3.22151140028523
Cluster_11937	3.26635187139948	11.1678937625292	3.02709040863234	2.16875555820577	3.22151140028523
Cluster_11966	6.08440234927634	3.04451980813479	4.2798760114204	3.41711888899962	11.7792352596963
Cluster_11980	2.16875555820577	8.0367683435249	9.08340794556893	2.16875555820577	2.16875555820577
Cluster_11981	2.16875555820577	9.92680768115867	10.7667765483993	7.9173025591237	10.3706631934683
Cluster_11990	8.46344339658988	2.79269232515894	2.16875555820577	8.85010396245536	10.1016612482294
Cluster_12001	8.95653250094221	2.16875555820577	2.16875555820577	2.16875555820577	7.15712815485719
Cluster_12007	2.16875555820577	2.16875555820577	2.16875555820577	2.16875555820577	10.0170866541529
Cluster_12013	3.26635187139948	4.10553422206909	2.16875555820577	2.16875555820577	10.0684239903962
Cluster_12015	2.16875555820577	10.1825471772115	10.2176501833866	6.86144061294632	9.87821576018707
Cluster_12020	11.1916900971782	3.23355439124224	2.16875555820577	3.19816143196275	9.90670392465696
Cluster_12084	3.07189026558136	11.3732366518802	11.0420926484465	9.9519217538158	10.2792036571209
Cluster_12137	10.111971615452	2.79269232515894	2.16875555820577	10.5647293831192	12.0948657516556
Cluster_12163	10.3915537922015	11.3550040934572	2.16875555820577	7.27173775621094	7.86337379793928
Cluster_12183	12.569383731333	7.19355632911892	12.6863911226392	13.052148212036	4.61061967802153
Cluster_12190	2.16875555820577	3.23355439124224	5.21459063152669	11.6424833843117	2.16875555820577
Cluster_12214	3.99220943885661	3.75180894500025	11.6080619711379	2.16875555820577	3.78468152058806
Cluster_12220	11.2612809156095	10.3257763108097	11.1906178786846	11.8466319120623	3.6278450140324
Cluster_12344	11.7448931560088	10.2407413291061	2.16875555820577	5.1159330538685	11.2841574049318
Cluster_12408	13.1591003563934	12.7093524282363	13.6947108843424	3.59663768221909	9.22163059012221
Cluster_12453	4.77439580719944	8.22978954320434	13.2960754970825	4.31597409661402	4.82259174155086
Cluster_12454	4.44056817525888	11.2435402257962	3.90907771372937	6.09585978419881	2.16875555820577
Cluster_12522	2.16875555820577	3.04451980813479	3.36595849551085	11.3249292009694	3.22151140028523
Cluster_12529	10.9173680326144	3.38962077932769	9.77754708109298	3.75068714354714	3.78468152058806
Cluster_12595	3.99220943885661	2.16875555820577	10.8042870115123	5.7863939993754	8.90507963103746
Cluster_12624	5.33441196354446	2.16875555820577	6.51640864384576	4.4866416069699	11.2030219459486
Cluster_12642	4.86963008677246	4.84754122781685	5.36752585201265	8.30824786347592	13.5995973867247
Cluster_12650	4.15974725528884	5.29380958593379	4.2798760114204	11.160074852982	9.77279761396891
Cluster_12651	7.02114481103261	6.79847968632494	6.51640864384576	13.0335734313658	12.4213932625714
Cluster_12668	10.2702685655534	4.70916182303201	2.16875555820577	2.16875555820577	10.6744356834181
Cluster_12692	8.3472681021604	10.0008411540217	2.16875555820577	8.93702642072154	3.22151140028523
Cluster_12708	5.42995910486286	5.32528725788413	6.11575760328551	10.0559147396376	15.2505315624964
Cluster_12779	2.16875555820577	12.1142820699355	2.78009690050578	2.90420599299162	2.16875555820577
Cluster_12831	2.16875555820577	10.3978796381986	8.51992994282273	6.63710745007521	10.1260961192541
Cluster_12835	15.4486699207746	15.2371805834889	8.3527528036546	13.8033593256082	6.1551929500836
Cluster_12841	2.81249336353849	11.8432493103997	2.78009690050578	2.90420599299162	3.44489765339414
Cluster_12864	3.07189026558136	11.6512515880483	2.16875555820577	3.41711888899962	11.0029384580351
Cluster_12903	10.6248186758799	10.513673408562	10.6204883500043	3.41711888899962	3.44489765339414
Cluster_12930	2.16875555820577	10.2966787696625	2.78009690050578	7.5078825656686	5.21827710302227
Cluster_12933	2.81249336353849	10.4286054112788	6.32264423578435	11.8517676878022	4.15954326775057
Cluster_12944	2.16875555820577	2.16875555820577	2.16875555820577	4.83710246859441	9.78307838135923
Cluster_12955	3.26635187139948	2.79269232515894	2.16875555820577	11.3515415804901	2.92123421446204
Cluster_12961	3.68758064556	5.01272999083147	8.93185935579293	10.8983218951842	10.7328800726238
Cluster_12983	2.81249336353849	8.83189729818724	10.8921408331442	10.1238745668561	12.0384832484139
Cluster_12986	2.16875555820577	10.1952164877427	11.9863732191203	8.23579756706213	8.6858935195793
Cluster_12998	10.6938271820753	5.12486539782643	3.212648123063	5.90683243044303	2.16875555820577
Cluster_13004	10.860590493142	3.23355439124224	4.66716721728346	10.684704211032	5.84391141299069
Cluster_13021	9.24757669093903	3.23355439124224	9.93561045363589	9.79788724058614	4.04682388250759
Cluster_13025	2.81249336353849	11.4185102065472	3.90907771372937	4.83710246859441	3.92285058834732
Cluster_13032	8.64827184018944	9.61417864705694	3.36595849551085	12.0609487575664	3.22151140028523
Cluster_13038	8.39095988263129	2.16875555820577	7.38406760640873	9.33929220739707	2.16875555820577
Cluster_13048	3.07189026558136	5.81938623090463	5.72424655699924	12.4510255357507	7.68180781447046
Cluster_13050	3.07189026558136	3.85045921568489	3.61600729705781	10.5783130169953	8.51383200798784
Cluster_13056	8.21649873273338	2.16875555820577	10.908226300708	10.6084164852332	11.5570291961092
Cluster_13068	2.16875555820577	2.16875555820577	9.80820368120438	3.19816143196275	2.16875555820577
Cluster_13078	8.35931591798469	10.7044736363384	2.16875555820577	3.75068714354714	10.9491729227402
Cluster_13108	4.50229140105495	12.8278198664373	5.00584956983666	4.95545405662601	13.0801039530808
Cluster_13112	4.23586214401217	10.8484414161879	2.16875555820577	9.21436005290916	2.16875555820577
Cluster_13172	10.6601413048818	10.7037349289815	3.02709040863234	10.8617616218377	11.1031675524229
Cluster_13173	12.0459446340125	12.1884978029564	4.2798760114204	11.9542978548395	13.0326396959824
Cluster_13200	2.81249336353849	7.36046160199051	2.78009690050578	9.48343342315394	2.16875555820577
Cluster_13202	4.50229140105495	12.638452585605	12.1094746894387	3.75068714354714	3.22151140028523
Cluster_13205	3.68758064556	3.52439214386651	11.21966353368	10.9661942457746	4.35891161332444
Cluster_13277	13.4432758465815	6.68308090774874	11.8896646622447	12.9417580824945	5.67631844334175
Cluster_13283	9.16305499973553	11.8395552696802	11.4463025125142	3.19816143196275	3.92285058834732
Cluster_13294	2.16875555820577	2.16875555820577	2.16875555820577	9.54237666316033	2.16875555820577
Cluster_13309	10.0476707870121	12.5027747297231	10.6472753899534	3.19816143196275	10.6465548697723
Cluster_13315	11.7033640241379	2.79269232515894	2.16875555820577	11.9749849556572	3.22151140028523
Cluster_13339	10.8435409925774	9.24934183980369	7.88214408322554	2.16875555820577	3.6278450140324
Cluster_13382	5.98375785234216	3.38962077932769	3.81934750444895	2.90420599299162	10.9112457494395
Cluster_13408	8.75547376764034	2.16875555820577	9.47598855614029	5.21349253114178	9.93648373641426
Cluster_13417	5.54806044416748	2.16875555820577	5.53151433761123	12.9606810058887	2.16875555820577
Cluster_13436	9.31921961155339	11.2271835910336	2.78009690050578	10.5850571711782	5.8119343279134
Cluster_13443	2.81249336353849	2.79269232515894	2.78009690050578	10.93133462337	2.16875555820577
Cluster_13481	2.16875555820577	4.70916182303201	10.1536972380897	2.16875555820577	6.02203790248668
Cluster_13497	2.16875555820577	4.65972697570191	5.70153801200526	11.4484151453433	3.6278450140324
Cluster_13502	4.56128313406975	12.7508859436521	11.3353713449254	13.5396868784973	11.3691838321567
Cluster_13531	6.90526593934273	2.79269232515894	7.068574619179	10.295427719486	2.16875555820577
Cluster_13535	11.3709499194083	3.23355439124224	6.33738685653114	10.1483664905235	2.16875555820577
Cluster_13561	4.07878015984531	10.7015165347077	8.5231478130025	4.11948364762587	10.7859849423022
Cluster_13587	7.32971238684034	9.65143285826727	10.5731561251187	2.16875555820577	3.6278450140324
Cluster_13671	11.5606876745128	2.79269232515894	13.1349394924656	2.90420599299162	11.6197476970742
Cluster_13672	10.5106472313891	4.25058163427671	11.8862329851981	5.1159330538685	12.0311701264219
Cluster_13678	2.16875555820577	10.8228168295095	4.14436293191535	3.75068714354714	11.123537197484
Cluster_13682	4.15974725528884	9.54327549261166	4.07077733801051	4.31597409661402	11.2710694979227
Cluster_13694	2.16875555820577	2.79269232515894	2.78009690050578	10.7571596858353	3.78468152058806
Cluster_13695	2.81249336353849	2.16875555820577	10.5465249548571	4.89754810167276	11.3922005563028
Cluster_13696	2.16875555820577	2.16875555820577	8.86749454322892	3.41711888899962	9.04493542233913
Cluster_13697	2.16875555820577	2.79269232515894	9.43216002137361	2.90420599299162	10.5096329796959
Cluster_13698	2.16875555820577	2.16875555820577	12.2226456759183	3.59663768221909	9.82348409488183
Cluster_13699	2.16875555820577	2.16875555820577	10.0016857499036	2.90420599299162	6.99658539685554
Cluster_13709	10.15752162425	2.79269232515894	3.49844097914978	9.54006460007261	10.0751329848752
Cluster_13760	4.56128313406975	11.9788759925418	5.53151433761123	5.25983576804371	3.22151140028523
Cluster_13787	3.68758064556	4.65972697570191	9.86382724038778	9.67472802656132	11.8649697242988
Cluster_13845	9.49511316182405	10.228467252216	2.16875555820577	10.2913096709207	10.1893020121874
Cluster_13849	10.2766341355046	2.16875555820577	7.22706616895516	11.412845467506	12.7081341362203
Cluster_13862	9.34165664447338	2.16875555820577	5.74659814406222	8.91221054976833	2.16875555820577
Cluster_13874	5.78251744077853	2.79269232515894	3.212648123063	2.16875555820577	10.6499291566745
Cluster_13878	2.16875555820577	2.16875555820577	6.91027066695654	9.30702054157759	2.16875555820577
Cluster_13886	2.16875555820577	9.07522029237916	2.16875555820577	4.11948364762587	9.20643244059982
Cluster_13890	5.51944665481885	8.50550690410451	2.16875555820577	9.11533647226926	2.16875555820577
Cluster_13913	3.56503184712613	2.79269232515894	3.02709040863234	3.59663768221909	11.0965880514536
Cluster_13925	8.62184620902017	4.25058163427671	2.16875555820577	2.90420599299162	10.3679338213351
Cluster_13956	3.68758064556	4.49953051345627	4.88840414452477	4.31597409661402	12.5980236286483
Cluster_13983	8.2557009221471	2.16875555820577	9.4097360713564	2.16875555820577	2.16875555820577
Cluster_13992	2.16875555820577	11.3221709996511	4.2798760114204	12.8939014683823	12.2830069450373
Cluster_13994	4.07878015984531	11.3183154689229	2.16875555820577	5.43129091659093	2.16875555820577
Cluster_13998	10.6021890408652	2.16875555820577	3.36595849551085	3.19816143196275	5.48627013710744
Cluster_14162	11.4377967254903	8.07840743463814	3.212648123063	13.3461638767602	9.80140112717649
Cluster_14176	5.91978141295625	10.401528585095	10.2226064331102	3.19816143196275	11.6621384515894
Cluster_14179	6.36582272651001	2.16875555820577	2.16875555820577	7.6172629055413	9.47853535411518
Cluster_14189	9.85411002533494	3.23355439124224	7.78359517992334	10.6073126717834	11.919575606005
Cluster_14198	2.16875555820577	10.8643939602868	2.16875555820577	2.16875555820577	2.16875555820577
Cluster_14229	2.16875555820577	3.04451980813479	3.212648123063	8.89421984494659	11.7621872903154
Cluster_14232	2.81249336353849	2.79269232515894	2.16875555820577	2.16875555820577	12.2332625609459
Cluster_14237	3.42670763288385	9.13562644342821	13.1485450273619	3.88652164765346	3.44489765339414
Cluster_14247	10.8598841056018	4.84754122781685	3.72220033763637	11.5976096518951	4.53188233298399
Cluster_14248	8.9325443375676	3.23355439124224	4.07077733801051	12.0196445685871	3.6278450140324
Cluster_14264	2.16875555820577	5.19490719017733	10.379949742188	5.75462312576836	2.16875555820577
Cluster_14268	2.16875555820577	2.16875555820577	2.16875555820577	10.4852418221017	2.16875555820577
Cluster_14288	2.16875555820577	7.6017444721104	8.93185935579293	7.94553722435272	11.236324995991
Cluster_14321	3.07189026558136	2.16875555820577	2.16875555820577	10.1192356780463	2.16875555820577
Cluster_14348	2.16875555820577	4.75686236289858	10.7212780748344	3.88652164765346	2.16875555820577
Cluster_14349	2.81249336353849	4.60841877480904	11.8089236978271	4.31597409661402	3.78468152058806
Cluster_14350	3.26635187139948	3.23355439124224	11.7765992728798	3.41711888899962	2.92123421446204
Cluster_14351	12.7880717453209	5.92517327873339	12.1802212088918	4.4866416069699	7.02461700468288
Cluster_14352	2.81249336353849	3.23355439124224	10.9014427859049	4.70757467686641	3.44489765339414
Cluster_14367	2.16875555820577	3.52439214386651	10.5512604374428	2.16875555820577	4.75553405994282
Cluster_14396	2.16875555820577	2.79269232515894	2.78009690050578	11.2902705323727	2.92123421446204
Cluster_14420	12.1801733988375	3.23355439124224	3.212648123063	2.90420599299162	3.6278450140324
Cluster_14440	9.11175802813014	2.16875555820577	3.36595849551085	10.1392306763702	7.98951560532707
Cluster_14458	8.22090753164191	10.4992717132728	9.91616227912876	11.1426564289083	2.16875555820577
Cluster_14459	5.26690958033352	3.85045921568489	4.71437649474793	11.6702332897001	9.82348409488183
Cluster_14464	2.16875555820577	9.84475342990927	8.96062442218799	2.16875555820577	2.16875555820577
Cluster_14465	2.16875555820577	4.10553422206909	5.47893835987804	10.5043426102376	2.16875555820577
Cluster_14469	3.07189026558136	5.35607601249494	3.02709040863234	8.32982728063571	11.2497304503721
Cluster_14481	3.07189026558136	3.52439214386651	10.7976598464016	8.99557366647281	10.0901151107092
Cluster_14501	2.16875555820577	8.90570495578593	2.16875555820577	2.16875555820577	8.90884037304619
Cluster_14504	2.16875555820577	2.16875555820577	3.81934750444895	7.27173775621094	12.6601375269809
Cluster_14524	10.8088253481701	6.59640865848714	4.80415252025433	12.5702481425698	6.07679644623801
Cluster_14552	2.16875555820577	3.38962077932769	3.99258523080306	2.90420599299162	10.9233797357549
Cluster_14586	2.16875555820577	2.16875555820577	2.16875555820577	2.16875555820577	9.53559151443242
Cluster_14588	5.04237434595529	4.70916182303201	7.90699599122812	12.832407706178	4.75553405994282
Cluster_14609	9.01354371871298	9.82042583101922	2.16875555820577	2.16875555820577	10.1706292996841
Cluster_14610	4.95869672456503	11.4527662562365	2.78009690050578	6.21705100736168	2.92123421446204
Cluster_14611	8.93522947421424	8.0738398071895	2.16875555820577	2.16875555820577	2.16875555820577
Cluster_14620	6.88315638115215	2.79269232515894	3.36595849551085	2.16875555820577	10.1612015216909
Cluster_14626	3.56503184712613	2.79269232515894	3.212648123063	10.927801882179	3.78468152058806
Cluster_14647	10.5920163485643	8.04612594806713	10.1179676877289	2.16875555820577	10.4566685815062
Cluster_14653	11.0941524144829	12.2159560345014	3.02709040863234	7.90297512432597	2.92123421446204
Cluster_14666	9.46940967611911	2.79269232515894	9.38342158589299	12.5994085024029	10.2498545531836
Cluster_14690	10.6164786615798	2.16875555820577	2.78009690050578	2.16875555820577	2.16875555820577
Cluster_14692	10.7926304670034	6.83136745273488	16.4224333228033	7.86652092902639	6.83181599396523
Cluster_14702	11.5831165733454	2.16875555820577	2.16875555820577	4.83710246859441	7.84778097139146
Cluster_14713	7.38579019424891	10.1761705531761	2.78009690050578	2.16875555820577	4.68501043252508
Cluster_14747	9.99331068007235	12.7294523082926	2.16875555820577	3.88652164765346	3.44489765339414
Cluster_14748	12.5620195707238	13.6168849730329	4.07077733801051	5.34817180097308	9.72453891881914
Cluster_14749	9.65838663042226	10.6978116135586	2.78009690050578	5.50978677026465	5.11623196221019
Cluster_14764	9.190284883441	4.10553422206909	9.9307729342312	4.95545405662601	2.16875555820577
Cluster_14766	9.58676373013286	7.38280147521495	11.7033249891039	10.1099129095976	2.92123421446204
Cluster_14771	12.3037489673698	8.12771895131198	11.0698595360198	11.4903318343439	3.22151140028523
Cluster_14775	11.1132465366735	3.75180894500025	10.2930931753697	10.9592893811033	5.00612750944993
Cluster_14776	4.61778975281968	3.04451980813479	5.36752585201265	11.8962815286875	2.16875555820577
Cluster_14779	6.12275675199152	2.16875555820577	5.04288479604952	11.9451531260219	2.16875555820577
Cluster_14780	6.94849110789181	3.85045921568489	6.99624208106732	12.239336432488	2.16875555820577
Cluster_14781	13.3295057730066	7.36046160199051	12.7710343533439	12.9408820663387	4.04682388250759
Cluster_14792	10.9187253157804	4.97324621708651	5.33824082029894	4.6378773729134	11.5298154469303
Cluster_14812	2.81249336353849	5.84118099053034	3.72220033763637	11.9293403148718	2.92123421446204
Cluster_14816	2.81249336353849	10.1686953596879	3.02709040863234	4.40406882417846	11.4902052789237
Cluster_14848	6.39741098659429	2.16875555820577	10.8285461774819	3.19816143196275	6.22951732207202
Cluster_14849	2.81249336353849	3.23355439124224	8.5829615752309	8.11670282470058	11.9297904740136
Cluster_14886	9.9461696845699	3.04451980813479	2.16875555820577	11.7052186527318	11.3513316546326
Cluster_14889	2.16875555820577	12.1355268890764	3.02709040863234	10.1961371597327	4.35891161332444
Cluster_14957	2.16875555820577	7.0887090488835	9.44239313226359	2.16875555820577	2.92123421446204
Cluster_14969	4.61778975281968	2.16875555820577	10.1051429665413	2.16875555820577	3.22151140028523
Cluster_14977	5.1212987602468	7.75799604619943	4.2798760114204	11.848501582907	11.3114035713576
Cluster_15006	2.16875555820577	12.8493542298549	5.27777614243831	5.25983576804371	12.2426048260704
Cluster_15040	10.4462243005173	4.75686236289858	2.16875555820577	2.16875555820577	2.16875555820577
Cluster_15082	10.1960913196935	3.38962077932769	6.08109776596546	2.16875555820577	2.16875555820577
Cluster_15083	2.16875555820577	9.81222460332359	7.12053433802904	2.16875555820577	7.80804466380917
Cluster_15092	5.82975642389959	8.14524038012662	10.3710493303026	2.16875555820577	2.16875555820577
Cluster_15115	8.26853501961874	10.9409866428809	2.16875555820577	9.02232408137478	3.6278450140324
Cluster_15132	2.16875555820577	9.58398788887462	10.6509567841261	6.510276257464	11.9284017890051
Cluster_15157	3.07189026558136	2.79269232515894	6.79769969373923	10.8956117831775	2.16875555820577
Cluster_15192	2.81249336353849	3.04451980813479	10.5161671097245	10.6752542851215	2.16875555820577
Cluster_15238	6.33352300593734	11.9892189918881	3.36595849551085	3.19816143196275	3.44489765339414
Cluster_15247	2.16875555820577	3.04451980813479	8.51347258359801	8.75760561664902	10.1309338192156
Cluster_15261	2.81249336353849	2.79269232515894	10.9684741571078	10.6826095703665	2.92123421446204
Cluster_15267	4.86963008677246	11.1694997268644	3.90907771372937	3.88652164765346	11.2467622067482
Cluster_15312	3.07189026558136	7.81932214444695	5.95270877156972	2.16875555820577	12.1125014261787
Cluster_15329	2.16875555820577	11.2225496762683	2.78009690050578	3.19816143196275	2.16875555820577
Cluster_15367	11.3689653760586	12.4921188658398	4.45983193592566	4.89754810167276	3.22151140028523
Cluster_15392	2.16875555820577	10.7081615100334	10.7079095518808	2.16875555820577	3.22151140028523
Cluster_15417	2.16875555820577	3.04451980813479	8.72386706578787	2.16875555820577	8.09893310657144
Cluster_15477	3.42670763288385	10.0712601074207	2.78009690050578	2.16875555820577	2.16875555820577
Cluster_15481	2.16875555820577	2.16875555820577	7.83630164687948	9.70187107302113	2.92123421446204
Cluster_15489	2.16875555820577	2.16875555820577	2.16875555820577	7.09383806830918	9.09200660743149
Cluster_15528	10.3856766157896	3.52439214386651	3.02709040863234	13.3234898232598	2.16875555820577
Cluster_15538	6.14155512096289	11.9452086069381	5.24653911983048	11.6638766773266	11.7894701651041
Cluster_15561	4.44056817525888	4.49953051345627	12.2746362610302	13.4705014870092	12.7901888705476
Cluster_15629	10.2445216376564	4.3809453954085	12.201965853192	11.3316284593111	6.07679644623801
Cluster_15648	10.6364142860802	2.79269232515894	4.88840414452477	2.16875555820577	2.16875555820577
Cluster_15658	4.95869672456503	12.4278185546633	4.76000228031509	11.8063175925935	4.75553405994282
Cluster_15678	2.81249336353849	12.6174265557534	3.02709040863234	6.56600926399798	3.44489765339414
Cluster_15709	12.8983000631757	5.47291692961877	4.80415252025433	4.31597409661402	4.75553405994282
Cluster_15718	3.07189026558136	9.57108450433645	6.86019135941261	12.0012741418182	10.6655723100697
Cluster_15720	3.07189026558136	8.69882765209864	4.21390864903682	9.38380880761337	12.0915607772248
Cluster_15735	2.16875555820577	2.16875555820577	2.16875555820577	2.16875555820577	10.0030824472408
Cluster_15742	3.26635187139948	8.55222177707645	10.411544091068	2.16875555820577	9.9800316196202
Cluster_15776	2.16875555820577	2.16875555820577	11.1401715823468	2.16875555820577	4.61061967802153
Cluster_15787	2.16875555820577	2.16875555820577	9.90633898196165	2.16875555820577	2.16875555820577
Cluster_15817	8.44094497060181	3.04451980813479	2.16875555820577	2.16875555820577	9.2033735008841
Cluster_15824	2.16875555820577	9.99481475725952	6.18265579657104	12.124824492366	2.16875555820577
Cluster_15827	9.8960585806558	6.47668872432152	3.02709040863234	8.4480078973769	2.16875555820577
Cluster_15848	4.72417197881494	6.34606666485756	11.8648358377012	3.75068714354714	2.16875555820577
Cluster_15849	5.19599662460015	11.56236356744	5.00584956983666	2.90420599299162	2.16875555820577
Cluster_15860	3.07189026558136	7.8247700112316	10.8884031934968	7.93148900931293	2.16875555820577
Cluster_15863	11.5409925628794	6.74193789080912	2.16875555820577	6.09585978419881	4.26306903340211
Cluster_15898	7.27136266574779	11.6894382226948	2.78009690050578	5.25983576804371	3.44489765339414
Cluster_15905	2.16875555820577	7.56965208134444	8.64630776796163	9.73661228937502	3.6278450140324
Cluster_15915	4.67202420191158	12.1275622736686	4.88840414452477	11.1839645770893	11.6093858502586
Cluster_15934	7.88539152735324	2.16875555820577	8.65806453407303	8.44306604700488	2.16875555820577
Cluster_15962	2.16875555820577	6.77612907203696	2.16875555820577	2.90420599299162	9.58813324209078
Cluster_15967	4.95869672456503	8.86134517344917	3.49844097914978	2.16875555820577	10.0917702274007
Cluster_15995	10.0587937993467	3.94153109081561	9.36381457065862	3.59663768221909	2.92123421446204
Cluster_16002	2.16875555820577	2.79269232515894	2.16875555820577	10.1130271978999	2.92123421446204
Cluster_16011	5.0011665276541	3.94153109081561	12.8308414061013	10.85805411543	9.80342269655141
Cluster_16012	4.37582585998405	3.94153109081561	10.0604444610366	2.16875555820577	10.024038106469
Cluster_16015	9.03873129240787	2.16875555820577	2.16875555820577	11.0538842243361	10.6295640276127
Cluster_16025	6.8147124803699	2.16875555820577	2.78009690050578	2.90420599299162	11.5707426961222
Cluster_16065	10.594566254285	4.84754122781685	4.51475072617336	4.83710246859441	10.9718192283352
Cluster_16104	11.2559214408507	2.79269232515894	10.099765500676	9.57887442621567	2.16875555820577
Cluster_16132	2.16875555820577	3.64391359891573	6.93950228132538	11.4453298511291	2.16875555820577
Cluster_16164	13.1733847586191	3.75180894500025	4.80415252025433	9.49063509764094	5.93575189186926
Cluster_16189	2.16875555820577	6.82048821713028	9.66844517709341	2.16875555820577	2.16875555820577
Cluster_16190	2.16875555820577	8.18813454322738	10.0670728457713	2.16875555820577	2.16875555820577
Cluster_16194	2.81249336353849	9.22483512078638	12.90238969662	2.16875555820577	2.92123421446204
Cluster_16198	11.2084342591104	2.79269232515894	3.72220033763637	2.16875555820577	2.16875555820577
Cluster_16199	11.5912255413057	3.38962077932769	2.16875555820577	2.16875555820577	4.15954326775057
Cluster_16203	2.16875555820577	8.89020386323798	2.78009690050578	10.1843419694108	9.63882837305425
Cluster_16204	3.42670763288385	8.60382074286154	2.16875555820577	9.92736456355342	9.09860740518211
Cluster_16210	3.56503184712613	11.9916419002064	14.6368547125856	11.681290409833	12.498907604281
Cluster_16235	8.05796641518795	2.16875555820577	7.09478889369424	9.63194602141027	2.16875555820577
Cluster_16252	2.16875555820577	7.51676968599626	2.16875555820577	7.05545957273652	9.58108015426593
Cluster_16263	2.16875555820577	2.16875555820577	7.21914546368344	9.57662016998221	2.16875555820577
Cluster_16265	2.16875555820577	2.16875555820577	9.73655540483491	9.65563297082189	2.16875555820577
Cluster_16267	10.2945188663154	10.5229161230239	10.4467034576521	12.0204740556388	2.92123421446204
Cluster_16330	8.48559623618087	5.52790230889492	2.78009690050578	10.5771859197553	3.6278450140324
Cluster_16362	7.92916345579002	11.1668221255982	3.212648123063	11.4372770697682	10.0378413230432
Cluster_16385	3.79810584625885	9.91025376221702	10.3593960908747	8.73352352970611	2.92123421446204
Cluster_16386	10.963471757183	6.73035771126945	2.16875555820577	5.01103305253839	2.16875555820577
Cluster_16392	2.16875555820577	9.76484917466863	3.212648123063	10.3531966915072	10.2168655928602
Cluster_16393	4.50229140105495	13.6662538204877	4.07077733801051	5.21349253114178	4.61061967802153
Cluster_16430	3.26635187139948	10.02824286721	2.16875555820577	8.38240403878675	9.21253092871907
Cluster_16441	10.842111063856	8.99053042396615	11.0660041955859	10.6646812542692	3.22151140028523
Cluster_16455	5.08239554993407	3.75180894500025	8.55493770632969	5.3046975138324	12.7899340081741
Cluster_16543	2.81249336353849	4.25058163427671	3.36595849551085	11.1891381363991	3.22151140028523
Cluster_16555	2.16875555820577	7.63313774993272	2.16875555820577	9.60786363996707	8.40619303740143
Cluster_16577	5.2319014159678	4.49953051345627	4.92867171488838	12.0528630674814	3.44489765339414
Cluster_16617	3.89907331597862	7.55004789915492	13.7052834004978	14.3511566993832	12.3884420474911
Cluster_16656	2.81249336353849	9.16168251403352	2.16875555820577	8.85755094623356	2.16875555820577
Cluster_16664	2.16875555820577	3.23355439124224	8.27089007654031	13.4283086901084	10.3855831316978
Cluster_16692	2.16875555820577	3.38962077932769	2.78009690050578	10.1300366392627	2.16875555820577
Cluster_16719	2.16875555820577	3.38962077932769	11.4752458434494	2.16875555820577	6.47315829025646
Cluster_16753	2.81249336353849	10.2838852595039	3.02709040863234	4.4866416069699	8.8899378389081
Cluster_16761	3.99220943885661	3.52439214386651	3.212648123063	7.70247072671588	11.1186746479834
Cluster_16766	3.56503184712613	11.1917975122844	3.02709040863234	3.41711888899962	2.16875555820577
Cluster_16796	2.16875555820577	9.35662541863031	2.16875555820577	6.89081146796643	9.83143118679727
Cluster_16797	3.79810584625885	5.08848128312522	6.57972513981206	12.434005219747	9.53559151443242
Cluster_16808	4.07878015984531	12.4770671817824	3.72220033763637	4.31597409661402	3.6278450140324
Cluster_16860	2.16875555820577	2.16875555820577	9.45592533205438	9.19978649531352	2.16875555820577
Cluster_16866	2.16875555820577	2.79269232515894	12.2427893277229	12.2228545527216	2.16875555820577
Cluster_16957	10.1506068602247	8.82103814972787	8.41989570148102	2.16875555820577	4.68501043252508
Cluster_16999	3.07189026558136	5.50067677953981	10.4643854390005	10.0363635100663	10.7125851861579
Cluster_17004	5.0011665276541	11.5439093494183	5.45189863054575	2.90420599299162	2.92123421446204
Cluster_17005	4.72417197881494	9.19570760296212	11.9640553100391	3.19816143196275	2.16875555820577
Cluster_17015	10.2161006231898	2.16875555820577	4.51475072617336	5.61992574119517	10.3249546096718
Cluster_17026	11.2998133105356	3.23355439124224	2.78009690050578	12.678790532948	12.0181734867435
Cluster_17037	7.22818781012679	6.90530162774028	10.9186475758412	2.16875555820577	10.2835549756544
Cluster_17045	11.5250405664923	4.65972697570191	13.2539716782593	12.7115183218499	13.7180560665722
Cluster_17046	4.91488187140149	8.85603553786815	3.72220033763637	11.1102958416077	11.480130446639
Cluster_17049	10.4282300157993	2.16875555820577	2.78009690050578	10.5771859197553	9.49614038535061
Cluster_17090	10.6388869803237	10.4160327738126	9.25964326424297	2.16875555820577	7.82407086316728
Cluster_17097	4.44056817525888	10.7764973222937	3.99258523080306	10.8070472529089	10.3319739293364
Cluster_17102	2.16875555820577	4.25058163427671	2.16875555820577	2.16875555820577	9.74150827031415
Cluster_17103	10.9241417149546	3.23355439124224	11.2295452065769	11.5351337701408	4.04682388250759
Cluster_17105	4.61778975281968	4.8907286709018	10.9554338191675	2.16875555820577	9.59748403635881
Cluster_17116	14.0026321334866	6.95587809613826	11.8046333570795	5.06447134668123	3.44489765339414
Cluster_17118	3.26635187139948	2.79269232515894	9.82263838698825	11.2785301114061	10.4669080893075
Cluster_17130	3.26635187139948	9.86207167997536	2.16875555820577	5.84788507106494	10.2950947338358
Cluster_17158	10.3121845911535	11.4234540098788	3.02709040863234	9.4518039120372	9.27796589688878
Cluster_17160	8.29804439097314	2.16875555820577	9.49741338037495	3.41711888899962	2.92123421446204
Cluster_17171	2.16875555820577	11.2861079484106	4.56749941802781	9.7586541308275	9.57399241323696
Cluster_17191	12.3266805698813	11.5745365273181	3.72220033763637	13.6768809590003	10.8895246947107
Cluster_17219	5.54806044416748	3.23355439124224	9.37275990018561	12.9740164310598	2.92123421446204
Cluster_17237	2.16875555820577	2.16875555820577	9.95955768028779	2.90420599299162	6.87865671727288
Cluster_17238	2.81249336353849	2.16875555820577	2.16875555820577	2.16875555820577	9.88967862185939
Cluster_17239	2.16875555820577	2.16875555820577	8.77604896429971	3.75068714354714	8.97849235533199
Cluster_17244	12.7795062772498	9.34719545589485	12.4133115153106	4.83710246859441	13.6952385732289
Cluster_17275	2.16875555820577	10.1174759431459	5.70153801200526	9.87512620336462	8.912591335525
Cluster_17298	11.2473046516552	3.38962077932769	6.35197943219106	2.90420599299162	3.44489765339414
Cluster_17304	11.0989496891409	3.64391359891573	5.47893835987804	3.41711888899962	2.92123421446204
Cluster_17313	2.81249336353849	2.16875555820577	2.78009690050578	2.90420599299162	10.3569644008424
Cluster_17320	8.58811841622214	11.2199688331739	6.0274799806614	2.16875555820577	7.58165900640576
Cluster_17325	12.5246241376339	3.75180894500025	12.6955102906333	4.89754810167276	2.92123421446204
Cluster_17326	10.4061428298298	3.52439214386651	10.289318790645	3.75068714354714	2.92123421446204
Cluster_17359	2.81249336353849	3.04451980813479	8.95586990321872	8.20693325143896	11.0108332180609
Cluster_17363	11.0601172647926	10.5486496306296	2.16875555820577	7.47918910046556	7.50418752078496
Cluster_17376	10.7103796824881	8.15392189681119	3.212648123063	2.16875555820577	3.22151140028523
Cluster_17386	10.3837122243218	10.748117855426	2.16875555820577	3.19816143196275	2.92123421446204
Cluster_17389	6.79115435859734	14.7159353310301	12.6500628445218	13.6981626728425	15.13628934254
Cluster_17395	10.6794865809805	11.0472970521599	9.14944338989668	3.41711888899962	3.22151140028523
Cluster_17396	10.4100084513737	8.84803425668458	10.8815256025454	3.41711888899962	2.16875555820577
Cluster_17397	10.3509075258592	10.1782992277394	9.48756452363722	3.75068714354714	2.16875555820577
Cluster_17424	11.0668664133337	7.83019736722583	2.16875555820577	10.9383742589451	11.154750457717
Cluster_17457	12.8754158270263	3.64391359891573	2.78009690050578	4.31597409661402	2.16875555820577
Cluster_17463	2.16875555820577	2.79269232515894	2.78009690050578	2.90420599299162	9.97465948304739
Cluster_17538	2.16875555820577	2.79269232515894	2.78009690050578	3.19816143196275	10.0701041662886
Cluster_17546	9.99717043751125	8.44313205838414	9.48756452363722	2.16875555820577	9.8647262781194
Cluster_17559	12.8214711897316	2.16875555820577	2.78009690050578	3.59663768221909	6.64569645888783
Cluster_17601	2.81249336353849	3.04451980813479	10.0725733302112	7.87388588513594	2.92123421446204
Cluster_17605	2.16875555820577	11.2297515711971	2.16875555820577	6.35011984216485	2.16875555820577
Cluster_17655	2.16875555820577	11.0208518564693	5.93338778570445	4.11948364762587	2.16875555820577
Cluster_17707	9.01354371871298	10.46131509471	5.39621452988363	2.16875555820577	9.94749456517669
Cluster_17744	6.38170381343862	8.59428550180601	2.16875555820577	9.63844476586664	2.16875555820577
Cluster_17813	7.21054880366454	10.0894721125193	2.16875555820577	2.16875555820577	4.35891161332444
Cluster_17814	5.60361040638541	13.0415291223299	5.07895878723923	10.5090785527116	7.89406243113951
Cluster_17822	12.0717963813205	2.16875555820577	3.02709040863234	9.78036425554578	11.0178146966559
Cluster_17824	10.454670201079	9.05913758310552	2.16875555820577	2.16875555820577	3.92285058834732
Cluster_17860	7.87982539534419	2.16875555820577	2.16875555820577	9.04533054760314	3.22151140028523
Cluster_17886	2.16875555820577	3.38962077932769	9.34938565433351	9.94144838822012	2.16875555820577
Cluster_17892	2.16875555820577	9.16812365121345	2.16875555820577	9.72851283427942	2.16875555820577
Cluster_17895	10.6922408033321	6.23554931803805	10.5169742392977	3.41711888899962	3.44489765339414
Cluster_17905	3.26635187139948	4.10553422206909	9.89892736213757	10.7700408698659	5.60332703048959
Cluster_17909	3.79810584625885	2.16875555820577	2.16875555820577	9.83419567666305	2.16875555820577
Cluster_17919	11.9866739801425	12.7133948695096	3.212648123063	13.2681662194105	12.9730473747637
Cluster_17928	11.1250532926843	5.08848128312522	2.16875555820577	5.39034379955054	9.14079170314746
Cluster_17959	9.38943151990415	2.79269232515894	8.33821016228116	10.4561079287948	3.22151140028523
Cluster_17961	11.3575009687664	11.086360970586	10.9380621911095	11.3718337326764	3.44489765339414
Cluster_17984	5.08239554993407	9.56946343579494	10.1578431257879	10.1346409820324	2.92123421446204
Cluster_17986	4.15974725528884	2.79269232515894	4.51475072617336	10.870068838372	2.92123421446204
Cluster_18017	2.16875555820577	2.16875555820577	12.2952483581409	12.2577441631308	2.16875555820577
Cluster_18026	12.2943687234572	12.1682920977661	2.16875555820577	11.0922620774541	10.7007036891893
Cluster_18041	10.7566521957247	11.3488750071478	10.2096845959191	12.4258888152691	3.92285058834732
Cluster_18043	6.55971353569963	9.90254895014124	11.0392863387123	11.6606878372799	2.92123421446204
Cluster_18105	3.26635187139948	10.3739338273243	3.72220033763637	3.41711888899962	11.4661616610134
Cluster_18128	11.43400497717	4.31739344015861	3.90907771372937	4.22148492764858	4.04682388250759
Cluster_18155	6.84934151602392	5.16032497002666	4.51475072617336	13.5720134328198	10.6722249399185
Cluster_18162	2.16875555820577	2.79269232515894	7.05972935816483	8.03365848311647	9.62517816208337
Cluster_18176	2.16875555820577	3.04451980813479	2.16875555820577	9.91671072382974	2.16875555820577
Cluster_18179	10.9112444064823	10.3420080896686	4.71437649474793	10.2844200264081	3.92285058834732
Cluster_18184	4.91488187140149	9.46347909543542	4.2798760114204	3.75068714354714	11.3311554743171
Cluster_18206	8.33511878923819	2.16875555820577	2.16875555820577	9.18210162412612	7.41174352818493
Cluster_18207	2.16875555820577	2.16875555820577	10.9524535950116	6.16979859486957	9.70520671972998
Cluster_18211	2.16875555820577	2.16875555820577	9.48756452363722	2.16875555820577	2.16875555820577
Cluster_18234	11.3204984823926	3.23355439124224	3.72220033763637	9.18210162412612	4.68501043252508
Cluster_18236	2.16875555820577	3.23355439124224	3.212648123063	10.6150216890216	6.20516868490501
Cluster_18244	5.51944665481885	7.88858740653413	2.16875555820577	8.04021910181109	12.2555831892469
Cluster_18262	8.81208307533223	9.97045422708974	3.36595849551085	2.16875555820577	2.92123421446204
Cluster_18319	9.23018955114823	2.16875555820577	9.3851908976562	2.16875555820577	9.53071872293587
Cluster_18349	11.4889472279209	7.79732242773646	2.16875555820577	2.16875555820577	2.92123421446204
Cluster_18360	3.26635187139948	11.3303299498622	2.78009690050578	2.16875555820577	3.6278450140324
Cluster_18366	4.07878015984531	2.79269232515894	12.7611900035492	5.61992574119517	10.2557723341518
Cluster_18388	2.16875555820577	4.93260348302646	5.89394286231737	10.9799056161745	2.16875555820577
Cluster_18422	2.16875555820577	2.16875555820577	8.94391458772994	2.90420599299162	9.45300666126198
Cluster_18449	11.1972931052525	11.022037549601	4.88840414452477	3.75068714354714	4.15954326775057
Cluster_18474	2.16875555820577	2.79269232515894	2.16875555820577	10.3558281331685	7.72512685038491
Cluster_18479	6.79115435859734	14.005602954275	12.3551488519816	14.504506533766	7.81608003450767
Cluster_18481	2.81249336353849	2.16875555820577	3.212648123063	10.8865411305441	2.92123421446204
Cluster_18547	13.133903281285	4.60841877480904	5.87380367767425	10.7188337967123	7.37956202081633
Cluster_18586	8.10165601033218	2.16875555820577	2.16875555820577	6.26279407373606	9.80745735652601
Cluster_18597	2.16875555820577	8.29403170058765	8.00693428200853	11.6912219686038	8.437775430512
Cluster_18598	2.16875555820577	5.60657265130829	9.82263838698825	10.6062080131394	10.2936573019637
Cluster_18599	2.16875555820577	5.86264743555387	10.4760541636662	12.8314626877726	10.6135233104927
Cluster_18609	9.02619248081236	10.438407615809	2.78009690050578	10.8691481729881	12.381354581834
Cluster_18623	5.63059002963566	2.79269232515894	11.4690030230848	9.59009316937109	3.22151140028523
Cluster_18637	9.17673419157384	3.52439214386651	3.02709040863234	10.0752045428394	2.16875555820577
Cluster_18638	11.9433196094323	11.2323149884748	3.02709040863234	9.30702054157759	2.92123421446204
Cluster_18642	10.1712525102046	9.48771321927882	7.44644650991285	2.90420599299162	3.44489765339414
Cluster_18657	4.15974725528884	9.56784054358038	7.63083822541607	10.0958148126472	2.16875555820577
Cluster_18666	2.16875555820577	11.129354571472	3.02709040863234	2.90420599299162	10.6476805092083
Cluster_18703	10.5294261844782	3.04451980813479	10.5121246744579	2.16875555820577	5.48627013710744
Cluster_18705	2.16875555820577	2.16875555820577	2.16875555820577	2.16875555820577	9.65459207072296
Cluster_18741	10.4943541090319	3.04451980813479	2.16875555820577	2.16875555820577	2.16875555820577
Cluster_18743	2.16875555820577	9.6094534905986	5.24653911983048	11.729263942973	3.22151140028523
Cluster_18744	2.81249336353849	9.02405870717455	3.36595849551085	10.8728273145513	3.78468152058806
Cluster_18759	2.16875555820577	11.6210532973554	10.4966592796909	11.6196736810991	7.07909371900921
Cluster_18765	7.79955504930556	10.4898757699614	11.8654697163635	4.4866416069699	3.22151140028523
Cluster_18845	10.3905759239805	2.16875555820577	2.16875555820577	2.16875555820577	2.92123421446204
Cluster_18865	6.36582272651001	3.94153109081561	3.61600729705781	13.8899889174519	4.04682388250759
Cluster_18870	2.81249336353849	10.2649805738178	7.70641046514818	2.90420599299162	2.16875555820577
Cluster_18871	3.26635187139948	8.92358150510149	9.6076074631728	2.16875555820577	2.16875555820577
Cluster_18878	2.16875555820577	2.16875555820577	2.16875555820577	2.16875555820577	9.55011190434271
Cluster_18884	7.06107170578799	9.71439876371321	2.16875555820577	2.16875555820577	2.16875555820577
