7576
8581
2133
3696
2144
6662
3536
1021
1296
1656
7992
1808
3895
1556
8318
6083
3523
3740
2030
8060
8162
3157
2446
8060
8719
3043
2142
2485
2356
1796
2647
8060
8607
3151
8317
3904
1836
1980
2818
8228
7359
4639
5178
4795
2384
1395
1391
8727
8203
3551
2315
8060
2916
8060
3299
2097
8097
8060
2609
8295
3845
718
8334
660
2567
8576
7566
2617
3151
8209
967
8138
2755
4737
2289
3379
3285
3904
8413
3795
2759
1759
7623
6891
8060
2646
3450
3817
8089
8060
2912
1680
8187
8060
3862
8627
6747
6595
1620
3231
3473
1285
1917
2567
690
1548
6392
1583
3250
8190
1668
1608
1577
7616
8297
8637
5619
7887
2596
1757
637
3757
8060
2583
3248
8288
3969
1820
1355
2584
8212
1760
8123
8800
8687
3062
597
2213
8060
8060
3172
5773
8060
5129
8035
7992
7426
8387
8671
4569
1325
1688
2700
3979
8306
8011
2873
7293
8615
3731
7572
2700
3189
3080
1347
8156
1894
8060
8376
8060
3947
2672
8195
7881
4006
2516
1831
2482
1280
8157
2672
8060
2766
3151
7427
1320
719
7901
3051
8060
1948
1025
2748
7873
8091
8060
8008
1072
894
8307
8813
3800
8556
8564
6749
3823
2180
2481
6513
2623
3059
2386
941
3008
2552
3520
6418
7618
1719
3237
1192
3690
7856
8162
2809
2264
8288
3318
1369
8060
6421
8025
1699
8787
1709
2388
3335
1280
7688
1137
7566
8399
2180
1448
1929
8652
8060
2073
8060
2327
1547
3116
2641
2932
2221
1711
8685
8060
8169
7918
7873
2702
2617
4196
6433
443
3432
8240
8544
1908
967
1074
8194
7128
8323
3908
8010
3563
2475
1336
8207
4984
2601
8300
8807
1641
641
2134
2141
8357
2065
8144
6820
6707
1931
1780
817
3179
8060
7704
3609
7640
8060
2228
2052
7120
2877
4183
2222
6090
1660
6056
7632
3779
1286
1016
8060
7493
7741
3588
8106
1545
8670
1040
2471
860
4290
1764
6877
2428
8745
565
8049
972
2176
2183
8167
3079
8283
4391
1979
2828
656
7878
1660
2032
7407
8060
8497
3151
7749
2316
6634
2421
6960
3759
5931
8339
7007
2681
3254
434
2550
2437
7145
8502
8485
8060
8444
1859
8125
3808
1754
2239
1341
8382
7726
4510
5588
6340
1606
1092
5453
7388
8253
5164
3121
2511
3501
3793
3351
5244
2086
576
977
2703
2645
985
3123
8060
3077
2628
2618
2236
2442
2637
4795
4110
7810
3778
7153
8490
6900
7488
8302
3825
2418
2465
3582
4486
8115
8246
2857
500
8531
1609
2605
8042
6067
1675
1763
8268
7576
8060
3779
2489
2577
749
2468
3010
8153
3733
2677
3973
3117
8338
8121
2951
8140
7958
8469
1875
1829
6755
1286
1997
4706
3228
7976
4996
3776
8088
813
8041
8234
3556
7983
7838
2489
1363
8060
6411
2929
6744
8080
631
8365
7769
6709
3611
8189
8238
1492
2451
2705
1182
2456
8544
8154
7666
8060
2220
3453
2519
6795
8269
8060
2453
2335
2241
986
2449
6375
6211
2564
3228
6918
3332
3294
2956
7866
8419
2399
2662
1320
2502
1853
6925
7935
3246
2543
8457
4235
950
1585
2601
2912
7908
2534
6632
7139
2562
2156
2055
6941
8454
1644
2360
1366
2121
4733
1238
2035
8275
3200
2742
3029
1259
8060
515
8060
3355
1740
2197
1934
3151
8703
7824
7119
7521
8032
1768
7999
2123
3544
851
3979
1680
882
8060
8014
8060
8796
2630
3810
1388
7831
2424
7223
7793
2185
8060
7391
8643
1906
7622
8281
7284
4905
8076
8351
7637
2623
8060
8060
1605
7939
3646
3072
8379
918
440
3191
1620
2416
1859
1659
7791
3151
7826
2601
2935
8308
917
7679
8060
3063
2750
3817
8060
2553
2223
4426
1155
895
2393
680
3319
1588
1673
8060
7861
8060
8353
7635
3463
3878
2392
2270
3774
8161
6678
8060
7108
3427
8162
7801
3524
8545
890
8394
2219
8060
8378
1976
622
7484
8060
7902
4160
4070
8694
2719
2982
8056
2296
3679
2112
2373
1401
8060
2396
7516
8070
8627
2950
8423
3588
8157
6459
6363
596
3106
8060
3113
7108
3114
8159
4960
8697
3989
6739
4530
8060
2049
3228
8060
2648
2698
2043
1043
8357
7500
2625
2539
359
8382
3133
1234
3195
2309
886
2226
7295
7701
2322
1034
1880
8229
8518
7954
7537
8185
8531
2160
6449
7657
2180
8060
4980
2977
2893
2716
1948
5215
1853
7505
7076
3630
2476
2151
3131
2953
8396
7839
7892
8089
3949
4004
4071
8060
8060
6085
852
8060
5195
3300
3618
8060
2416
3469
6370
3068
3195
1484
3040
3735
834
1783
2064
807
8424
8323
5727
4353
980
992
3820
2785
7718
1916
8400
8660
7769
6975
8405
1889
8300
8060
8475
8509
8060
1587
424
550
2248
8060
8060
5689
3181
6966
7877
8060
8356
2704
2191
569
3006
3572
2730
8060
3693
8135
1848
3891
1902
7526
2271
1319
8282
2141
7831
7791
8091
8060
7914
2531
1812
4015
615
8060
3151
7887
7405
8449
2875
1721
8729
7944
6979
934
8370
7736
8060
3772
3565
7963
2627
1496
1212
1049
6691
7902
8060
1827
2686
7576
1499
2323
8360
7172
3808
3243
1011
8060
8391
3062
3087
2993
950
7238
7738
8012
8160
3026
1913
5646
1454
1090
3874
2284
1229
2535
8132
8196
3528
1977
3283
1911
7684
6532
3655
3259
8060
8489
1096
4060
1948
7987
7266
1533
1220
2919
868
8060
8060
7802
8582
3675
843
8060
2456
8167
1188
456
8060
2475
2670
1154
2587
3651
8060
8054
6738
1992
1535
972
8515
8660
2349
5235
795
2442
5574
2064
2801
1339
4909
3219
8060
1421
8060
5384
3188
8243
2967
2367
618
2779
8116
7896
2537
8060
1260
8258
1013
2381
1100
8383
2961
8550
3284
3281
1051
3236
2476
897
8360
6518
2347
904
8060
8060
2283
1461
8060
2352
3191
8060
2743
4030
360
1536
7855
3878
1298
3145
8060
3630
2517
1360
834
8200
4659
4211
2645
3831
8326
708
6034
5271
8282
778
8730
1680
7761
2474
8377
673
6212
1095
8060
5606
6118
3630
3353
2712
3588
564
1511
2068
1579
8026
1424
2263
3532
6775
3387
3044
959
1378
7903
7140
6435
7980
8580
4986
2659
1726
3417
7975
8060
3098
3150
2433
