(di-)nucleotide	count sample	percent sample	count genomic	percent genomic	coverage
A	3135828869	29.32	171827598	30.52	18.250
C	2077351553	19.42	109822870	19.51	18.915
G	2383308804	22.28	109866618	19.51	21.693
T	3099422238	28.98	171532079	30.46	18.069
AA	1092797588	10.32	63217613	11.23	17.286
AC	574680515	5.43	31579141	5.61	18.198
AG	695465141	6.57	33058515	5.87	21.037
AT	751390552	7.09	43957702	7.81	17.093
CA	660253734	6.23	36499708	6.48	18.089
CC	413341449	3.90	22948860	4.08	18.011
CG	377925195	3.57	17370180	3.09	21.757
CT	604685036	5.71	32992892	5.86	18.328
GA	698159490	6.59	32859848	5.84	21.247
GC	475087863	4.49	22490193	3.99	21.124
GG	529454498	5.00	22992004	4.08	23.028
GT	648688336	6.12	31514166	5.60	20.584
TA	662530956	6.25	39235256	6.97	16.886
TC	593226303	5.60	32794098	5.82	18.089
TG	752390896	7.10	36435058	6.47	20.650
TT	1062480317	10.03	63053650	11.20	16.850
