(di-)nucleotide	count sample	percent sample	count genomic	percent genomic	coverage
A	3006391565	29.11	171827598	30.52	17.497
C	2010290850	19.46	109822870	19.51	18.305
G	2321666666	22.48	109866618	19.51	21.132
T	2990661452	28.95	171532079	30.46	17.435
AA	1039416467	10.16	63217613	11.23	16.442
AC	554008666	5.42	31579141	5.61	17.544
AG	671687526	6.57	33058515	5.87	20.318
AT	720378108	7.04	43957702	7.81	16.388
CA	636555775	6.22	36499708	6.48	17.440
CC	400486529	3.92	22948860	4.08	17.451
CG	368637679	3.60	17370180	3.09	21.222
CT	583466935	5.71	32992892	5.86	17.685
GA	675087899	6.60	32859848	5.84	20.544
GC	462451527	4.52	22490193	3.99	20.562
GG	518046349	5.07	22992004	4.08	22.532
GT	634109420	6.20	31514166	5.60	20.121
TA	634423098	6.20	39235256	6.97	16.170
TC	572438510	5.60	32794098	5.82	17.456
TG	734721651	7.18	36435058	6.47	20.165
TT	1020370714	9.98	63053650	11.20	16.183
