(di-)nucleotide	count sample	percent sample	count genomic	percent genomic	coverage
A	2123936149	29.33	171827598	30.52	12.361
C	1417833575	19.58	109822870	19.51	12.910
G	1617134153	22.33	109866618	19.51	14.719
T	2082485878	28.76	171532079	30.46	12.141
AA	735202840	10.26	63217613	11.23	11.630
AC	395589284	5.52	31579141	5.61	12.527
AG	469970628	6.56	33058515	5.87	14.216
AT	507650688	7.08	43957702	7.81	11.549
CA	451928677	6.30	36499708	6.48	12.382
CC	279696003	3.90	22948860	4.08	12.188
CG	264104796	3.68	17370180	3.09	15.204
CT	406714968	5.67	32992892	5.86	12.327
GA	471786206	6.58	32859848	5.84	14.358
GC	327192666	4.56	22490193	3.99	14.548
GG	356088477	4.97	22992004	4.08	15.487
GT	439937168	6.14	31514166	5.60	13.960
TA	448888073	6.26	39235256	6.97	11.441
TC	399273997	5.57	32794098	5.82	12.175
TG	509675463	7.11	36435058	6.47	13.989
TT	704460995	9.83	63053650	11.20	11.172
