(di-)nucleotide	count sample	percent sample	count genomic	percent genomic	coverage
A	527777209	30.61	171827598	30.52	3.072
C	334336660	19.39	109822870	19.51	3.044
G	362869409	21.04	109866618	19.51	3.303
T	499383224	28.96	171532079	30.46	2.911
AA	188459073	11.02	63217613	11.23	2.981
AC	97851024	5.72	31579141	5.61	3.099
AG	109435314	6.40	33058515	5.87	3.310
AT	128959593	7.54	43957702	7.81	2.934
CA	112460942	6.57	36499708	6.48	3.081
CC	66662575	3.90	22948860	4.08	2.905
CG	56048612	3.28	17370180	3.09	3.227
CT	96392579	5.63	32992892	5.86	2.922
GA	108387529	6.34	32859848	5.84	3.298
GC	72096392	4.21	22490193	3.99	3.206
GG	79099856	4.62	22992004	4.08	3.440
GT	99199001	5.80	31514166	5.60	3.148
TA	114713312	6.71	39235256	6.97	2.924
TC	95126986	5.56	32794098	5.82	2.901
TG	114975730	6.72	36435058	6.47	3.156
TT	170824979	9.99	63053650	11.20	2.709
