(di-)nucleotide	count sample	percent sample	count genomic	percent genomic	coverage
A	2527636365	29.52	171827598	30.52	14.710
C	1667660474	19.47	109822870	19.51	15.185
G	1884046563	22.00	109866618	19.51	17.148
T	2484393053	29.01	171532079	30.46	14.484
AA	882912293	10.42	63217613	11.23	13.966
AC	466745711	5.51	31579141	5.61	14.780
AG	550192099	6.49	33058515	5.87	16.643
AT	608601498	7.18	43957702	7.81	13.845
CA	535675072	6.32	36499708	6.48	14.676
CC	331058560	3.91	22948860	4.08	14.426
CG	298695917	3.52	17370180	3.09	17.196
CT	484773168	5.72	32992892	5.86	14.693
GA	551393749	6.50	32859848	5.84	16.780
GC	377489641	4.45	22490193	3.99	16.785
GG	414124782	4.89	22992004	4.08	18.012
GT	514615717	6.07	31514166	5.60	16.330
TA	539139709	6.36	39235256	6.97	13.741
TC	475202471	5.61	32794098	5.82	14.490
TG	596335357	7.03	36435058	6.47	16.367
TT	850038238	10.03	63053650	11.20	13.481
