#Coverage	Number of genomic locations
0.0	6.0766697E7
1.0	6133885.0
2.0	1.8583735E7
3.0	5090617.0
4.0	1.1785184E7
5.0	4680765.0
6.0	9127876.0
7.0	4493365.0
8.0	7714453.0
9.0	4334920.0
10.0	6774504.0
11.0	4215805.0
12.0	6105208.0
13.0	4129180.0
14.0	5649812.0
15.0	4028378.0
16.0	5275650.0
17.0	3938447.0
18.0	4935349.0
19.0	3844469.0
20.0	4680910.0
21.0	3743299.0
22.0	4434831.0
23.0	3639598.0
24.0	4222293.0
25.0	3534294.0
26.0	4005539.0
27.0	3427985.0
28.0	3838663.0
29.0	3321053.0
30.0	3664760.0
31.0	3210993.0
32.0	3499890.0
33.0	3110772.0
34.0	3348321.0
35.0	3004963.0
36.0	3210002.0
37.0	2896484.0
38.0	3067415.0
39.0	2800363.0
40.0	2935365.0
41.0	2694904.0
42.0	2814699.0
43.0	2596254.0
44.0	2686592.0
45.0	2495267.0
46.0	2581714.0
47.0	2402619.0
48.0	2467803.0
49.0	2311967.0
50.0	2362767.0
51.0	2218671.0
52.0	2257803.0
53.0	2129173.0
54.0	2157124.0
55.0	2040284.0
56.0	2064133.0
57.0	1953201.0
58.0	1969171.0
59.0	1868777.0
60.0	1879065.0
61.0	1790485.0
62.0	1798880.0
63.0	1712973.0
64.0	1718826.0
65.0	1640447.0
66.0	1641076.0
67.0	1565675.0
68.0	1567724.0
69.0	1502219.0
70.0	1494613.0
71.0	1436275.0
72.0	1428423.0
73.0	1373112.0
74.0	1362363.0
75.0	1308690.0
76.0	1299711.0
77.0	1246330.0
78.0	1234430.0
79.0	1196235.0
80.0	1180628.0
81.0	1141067.0
82.0	1125771.0
83.0	1084784.0
84.0	1078362.0
85.0	1039245.0
86.0	1024945.0
87.0	992145.0
88.0	977735.0
89.0	945789.0
90.0	931725.0
91.0	898367.0
92.0	882167.0
93.0	852288.0
94.0	838213.0
95.0	812450.0
96.0	798747.0
97.0	774637.0
98.0	758950.0
99.0	737730.0
100.0	723914.0
101.0	700321.0
102.0	688399.0
103.0	667475.0
104.0	653204.0
105.0	630906.0
106.0	617735.0
107.0	599959.0
108.0	588500.0
109.0	570306.0
110.0	558478.0
111.0	541260.0
112.0	531394.0
113.0	514818.0
114.0	502024.0
115.0	490824.0
116.0	477999.0
117.0	466445.0
118.0	454773.0
119.0	442138.0
120.0	430704.0
121.0	417501.0
122.0	405849.0
123.0	396365.0
124.0	386414.0
125.0	374209.0
126.0	367334.0
127.0	356655.0
128.0	347536.0
129.0	336759.0
130.0	328333.0
131.0	318642.0
132.0	313241.0
133.0	302275.0
134.0	296597.0
135.0	287894.0
136.0	281465.0
137.0	272762.0
138.0	264049.0
139.0	257256.0
140.0	250718.0
141.0	244773.0
142.0	238729.0
143.0	230901.0
144.0	225588.0
145.0	219160.0
146.0	213263.0
147.0	207877.0
148.0	201838.0
149.0	196193.0
150.0	191468.0
151.0	185253.0
152.0	181230.0
153.0	175815.0
154.0	169892.0
155.0	165758.0
156.0	161704.0
157.0	156276.0
158.0	152467.0
159.0	148841.0
160.0	144349.0
161.0	140584.0
162.0	136822.0
163.0	132076.0
164.0	130022.0
165.0	126201.0
166.0	123141.0
167.0	118636.0
168.0	115826.0
169.0	113390.0
170.0	109982.0
171.0	107237.0
172.0	104619.0
173.0	100524.0
174.0	98349.0
175.0	95397.0
176.0	93431.0
177.0	90613.0
178.0	89125.0
179.0	85610.0
180.0	83406.0
181.0	82030.0
182.0	80116.0
183.0	77153.0
184.0	75601.0
185.0	73567.0
186.0	71905.0
187.0	69152.0
188.0	67707.0
189.0	65639.0
190.0	64018.0
191.0	62392.0
192.0	60222.0
193.0	59033.0
194.0	57686.0
195.0	55818.0
196.0	54149.0
197.0	52899.0
198.0	51845.0
199.0	50324.0
200.0	49304.0
201.0	47765.0
202.0	46921.0
203.0	45960.0
204.0	44823.0
205.0	43305.0
206.0	42255.0
207.0	41023.0
208.0	39640.0
209.0	38741.0
210.0	37586.0
211.0	36977.0
212.0	36139.0
213.0	35636.0
214.0	34466.0
215.0	33295.0
216.0	32260.0
217.0	31723.0
218.0	31050.0
219.0	30045.0
220.0	29295.0
221.0	28696.0
222.0	28096.0
223.0	27563.0
224.0	26673.0
225.0	26216.0
226.0	25280.0
227.0	24868.0
228.0	24184.0
229.0	23970.0
230.0	23442.0
231.0	23041.0
232.0	22155.0
233.0	21826.0
234.0	21720.0
235.0	20980.0
236.0	20402.0
237.0	20086.0
238.0	19677.0
239.0	19492.0
240.0	18978.0
241.0	18684.0
242.0	18263.0
243.0	18082.0
244.0	17780.0
245.0	17337.0
246.0	17008.0
247.0	16783.0
248.0	16414.0
249.0	15814.0
250.0	15691.0
251.0	15230.0
252.0	14936.0
253.0	14633.0
254.0	14540.0
255.0	14114.0
256.0	13761.0
257.0	13634.0
258.0	13427.0
259.0	13039.0
260.0	12921.0
261.0	12713.0
262.0	12530.0
263.0	11914.0
264.0	11612.0
265.0	11562.0
266.0	11496.0
267.0	11434.0
268.0	10996.0
269.0	10935.0
270.0	10699.0
271.0	10453.0
272.0	10520.0
273.0	10356.0
274.0	9923.0
275.0	9878.0
276.0	9844.0
277.0	9581.0
278.0	9484.0
279.0	9356.0
280.0	9143.0
281.0	9068.0
282.0	8715.0
283.0	8612.0
284.0	8333.0
285.0	8220.0
286.0	8289.0
287.0	8006.0
288.0	7916.0
289.0	8053.0
290.0	7763.0
291.0	7878.0
292.0	7453.0
293.0	7572.0
294.0	7330.0
295.0	7580.0
296.0	7263.0
297.0	7392.0
298.0	6988.0
299.0	6947.0
300.0	6805.0
301.0	6747.0
302.0	6541.0
303.0	6455.0
304.0	6482.0
305.0	6393.0
306.0	6308.0
307.0	6104.0
308.0	6131.0
309.0	6084.0
310.0	6025.0
311.0	5823.0
312.0	5796.0
313.0	5736.0
314.0	5800.0
315.0	5493.0
316.0	5339.0
317.0	5257.0
318.0	5304.0
319.0	5138.0
320.0	5021.0
321.0	4947.0
322.0	5036.0
323.0	4769.0
324.0	4914.0
325.0	4688.0
326.0	4668.0
327.0	4677.0
328.0	4691.0
329.0	4568.0
330.0	4465.0
331.0	4514.0
332.0	4535.0
333.0	4304.0
334.0	4300.0
335.0	4070.0
336.0	4223.0
337.0	4117.0
338.0	4185.0
339.0	3994.0
340.0	3941.0
341.0	3962.0
342.0	3902.0
343.0	3776.0
344.0	3709.0
345.0	3704.0
346.0	3636.0
347.0	3606.0
348.0	3549.0
349.0	3610.0
350.0	3515.0
351.0	3483.0
352.0	3453.0
353.0	3371.0
354.0	3313.0
355.0	3267.0
356.0	3341.0
357.0	3262.0
358.0	3118.0
359.0	3085.0
360.0	3094.0
361.0	2971.0
362.0	3002.0
363.0	2979.0
364.0	3002.0
365.0	2887.0
366.0	2904.0
367.0	2802.0
368.0	2805.0
369.0	2819.0
370.0	2758.0
371.0	2737.0
372.0	2726.0
373.0	2591.0
374.0	2557.0
375.0	2552.0
376.0	2570.0
377.0	2604.0
378.0	2489.0
379.0	2520.0
380.0	2446.0
381.0	2349.0
382.0	2363.0
383.0	2315.0
384.0	2423.0
385.0	2271.0
386.0	2334.0
387.0	2265.0
388.0	2348.0
389.0	2251.0
390.0	2224.0
391.0	2266.0
392.0	2214.0
393.0	2163.0
394.0	2058.0
395.0	2135.0
396.0	2084.0
397.0	2098.0
398.0	2105.0
399.0	2039.0
400.0	2021.0
401.0	2006.0
402.0	1978.0
403.0	1910.0
404.0	1876.0
405.0	1837.0
406.0	1819.0
407.0	1826.0
408.0	1708.0
409.0	1779.0
410.0	1707.0
411.0	1800.0
412.0	1743.0
413.0	1743.0
414.0	1715.0
415.0	1660.0
416.0	1721.0
417.0	1670.0
418.0	1693.0
419.0	1615.0
420.0	1716.0
421.0	1616.0
422.0	1564.0
423.0	1623.0
424.0	1580.0
425.0	1539.0
426.0	1460.0
427.0	1517.0
428.0	1444.0
429.0	1493.0
430.0	1516.0
431.0	1499.0
432.0	1462.0
433.0	1404.0
434.0	1462.0
435.0	1478.0
436.0	1481.0
437.0	1404.0
438.0	1389.0
439.0	1390.0
440.0	1345.0
441.0	1322.0
442.0	1302.0
443.0	1230.0
444.0	1213.0
445.0	1237.0
446.0	1248.0
447.0	1252.0
448.0	1259.0
449.0	1207.0
450.0	1208.0
451.0	1144.0
452.0	1159.0
453.0	1209.0
454.0	1140.0
455.0	1186.0
456.0	1111.0
457.0	1083.0
458.0	1091.0
459.0	1047.0
460.0	1078.0
461.0	1100.0
462.0	996.0
463.0	1062.0
464.0	1073.0
465.0	1026.0
466.0	1025.0
467.0	1046.0
468.0	989.0
469.0	998.0
470.0	1034.0
471.0	949.0
472.0	910.0
473.0	933.0
474.0	899.0
475.0	878.0
476.0	885.0
477.0	818.0
478.0	951.0
479.0	894.0
480.0	839.0
481.0	829.0
482.0	859.0
483.0	816.0
484.0	801.0
485.0	854.0
486.0	793.0
487.0	794.0
488.0	829.0
489.0	844.0
490.0	798.0
491.0	809.0
492.0	769.0
493.0	733.0
494.0	767.0
495.0	777.0
496.0	754.0
497.0	707.0
498.0	753.0
499.0	732.0
500.0	716.0
501.0	677.0
502.0	655.0
503.0	664.0
504.0	728.0
505.0	666.0
506.0	677.0
507.0	607.0
508.0	637.0
509.0	625.0
510.0	655.0
511.0	655.0
512.0	628.0
513.0	642.0
514.0	628.0
515.0	571.0
516.0	611.0
517.0	580.0
518.0	582.0
519.0	591.0
520.0	594.0
521.0	549.0
522.0	581.0
523.0	516.0
524.0	543.0
525.0	537.0
526.0	558.0
527.0	543.0
528.0	552.0
529.0	547.0
530.0	545.0
531.0	493.0
532.0	530.0
533.0	528.0
534.0	511.0
535.0	475.0
536.0	549.0
537.0	490.0
538.0	539.0
539.0	500.0
540.0	475.0
541.0	477.0
542.0	493.0
543.0	465.0
544.0	487.0
545.0	435.0
546.0	478.0
547.0	465.0
548.0	486.0
549.0	481.0
550.0	415.0
551.0	463.0
552.0	432.0
553.0	435.0
554.0	431.0
555.0	445.0
556.0	448.0
557.0	443.0
558.0	459.0
559.0	442.0
560.0	429.0
561.0	470.0
562.0	440.0
563.0	424.0
564.0	403.0
565.0	409.0
566.0	415.0
567.0	405.0
568.0	388.0
569.0	422.0
570.0	391.0
571.0	414.0
572.0	396.0
573.0	413.0
574.0	421.0
575.0	406.0
576.0	420.0
577.0	437.0
578.0	369.0
579.0	388.0
580.0	363.0
581.0	426.0
582.0	369.0
583.0	396.0
584.0	386.0
585.0	371.0
586.0	341.0
587.0	359.0
588.0	361.0
589.0	325.0
590.0	310.0
591.0	269.0
592.0	338.0
593.0	305.0
594.0	310.0
595.0	311.0
596.0	323.0
597.0	303.0
598.0	321.0
599.0	321.0
600.0	316.0
601.0	344.0
602.0	332.0
603.0	277.0
604.0	317.0
605.0	318.0
606.0	302.0
607.0	274.0
608.0	306.0
609.0	288.0
610.0	280.0
611.0	279.0
612.0	322.0
613.0	283.0
614.0	304.0
615.0	290.0
616.0	252.0
617.0	301.0
618.0	253.0
619.0	244.0
620.0	246.0
621.0	275.0
622.0	257.0
623.0	291.0
624.0	270.0
625.0	246.0
626.0	275.0
627.0	233.0
628.0	260.0
629.0	246.0
630.0	251.0
631.0	236.0
632.0	225.0
633.0	257.0
634.0	276.0
635.0	229.0
636.0	243.0
637.0	244.0
638.0	248.0
639.0	242.0
640.0	214.0
641.0	252.0
642.0	231.0
643.0	219.0
644.0	224.0
645.0	230.0
646.0	218.0
647.0	230.0
648.0	230.0
649.0	228.0
650.0	257.0
651.0	196.0
652.0	245.0
653.0	235.0
654.0	197.0
655.0	210.0
656.0	227.0
657.0	226.0
658.0	196.0
659.0	201.0
660.0	226.0
661.0	220.0
662.0	218.0
663.0	181.0
664.0	191.0
665.0	185.0
666.0	200.0
667.0	197.0
668.0	184.0
669.0	152.0
670.0	169.0
671.0	192.0
672.0	187.0
673.0	186.0
674.0	193.0
675.0	185.0
676.0	195.0
677.0	188.0
678.0	178.0
679.0	182.0
680.0	190.0
681.0	189.0
682.0	198.0
683.0	187.0
684.0	191.0
685.0	162.0
686.0	181.0
687.0	171.0
688.0	173.0
689.0	160.0
690.0	188.0
691.0	168.0
692.0	159.0
693.0	160.0
694.0	164.0
695.0	166.0
696.0	181.0
697.0	175.0
698.0	178.0
699.0	159.0
700.0	170.0
701.0	163.0
702.0	128.0
703.0	170.0
704.0	154.0
705.0	157.0
706.0	148.0
707.0	153.0
708.0	169.0
709.0	171.0
710.0	143.0
711.0	171.0
712.0	153.0
713.0	151.0
714.0	154.0
715.0	128.0
716.0	146.0
717.0	146.0
718.0	145.0
719.0	153.0
720.0	159.0
721.0	151.0
722.0	139.0
723.0	146.0
724.0	136.0
725.0	129.0
726.0	142.0
727.0	142.0
728.0	178.0
729.0	135.0
730.0	159.0
731.0	138.0
732.0	165.0
733.0	124.0
734.0	151.0
735.0	141.0
736.0	127.0
737.0	118.0
738.0	131.0
739.0	121.0
740.0	129.0
741.0	123.0
742.0	121.0
743.0	128.0
744.0	109.0
745.0	102.0
746.0	104.0
747.0	122.0
748.0	137.0
749.0	125.0
750.0	111.0
751.0	124.0
752.0	134.0
753.0	127.0
754.0	134.0
755.0	130.0
756.0	113.0
757.0	129.0
758.0	106.0
759.0	126.0
760.0	110.0
761.0	125.0
762.0	116.0
763.0	116.0
764.0	123.0
765.0	117.0
766.0	112.0
767.0	113.0
768.0	131.0
769.0	92.0
770.0	98.0
771.0	124.0
772.0	96.0
773.0	110.0
774.0	108.0
775.0	87.0
776.0	115.0
777.0	107.0
778.0	115.0
779.0	105.0
780.0	104.0
781.0	108.0
782.0	98.0
783.0	91.0
784.0	104.0
785.0	105.0
786.0	97.0
787.0	89.0
788.0	112.0
789.0	88.0
790.0	98.0
791.0	91.0
792.0	86.0
793.0	79.0
794.0	99.0
795.0	83.0
796.0	89.0
797.0	79.0
798.0	81.0
799.0	88.0
800.0	87.0
801.0	68.0
802.0	73.0
803.0	85.0
804.0	73.0
805.0	74.0
806.0	65.0
807.0	62.0
808.0	77.0
809.0	86.0
810.0	81.0
811.0	73.0
812.0	76.0
813.0	64.0
814.0	67.0
815.0	79.0
816.0	80.0
817.0	72.0
818.0	67.0
819.0	78.0
820.0	77.0
821.0	74.0
822.0	78.0
823.0	51.0
824.0	67.0
825.0	62.0
826.0	76.0
827.0	93.0
828.0	67.0
829.0	76.0
830.0	70.0
831.0	52.0
832.0	57.0
833.0	64.0
834.0	80.0
835.0	68.0
836.0	64.0
837.0	69.0
838.0	48.0
839.0	55.0
840.0	69.0
841.0	60.0
842.0	75.0
843.0	80.0
844.0	64.0
845.0	56.0
846.0	53.0
847.0	69.0
848.0	46.0
849.0	71.0
850.0	56.0
851.0	72.0
852.0	67.0
853.0	51.0
854.0	74.0
855.0	61.0
856.0	62.0
857.0	55.0
858.0	58.0
859.0	47.0
860.0	59.0
861.0	63.0
862.0	47.0
863.0	60.0
864.0	53.0
865.0	52.0
866.0	53.0
867.0	60.0
868.0	77.0
869.0	52.0
870.0	68.0
871.0	56.0
872.0	51.0
873.0	52.0
874.0	50.0
875.0	58.0
876.0	72.0
877.0	45.0
878.0	53.0
879.0	56.0
880.0	40.0
881.0	62.0
882.0	49.0
883.0	56.0
884.0	74.0
885.0	76.0
886.0	62.0
887.0	47.0
888.0	61.0
889.0	59.0
890.0	62.0
891.0	67.0
892.0	54.0
893.0	54.0
894.0	54.0
895.0	55.0
896.0	51.0
897.0	58.0
898.0	58.0
899.0	57.0
900.0	53.0
901.0	55.0
902.0	47.0
903.0	78.0
904.0	53.0
905.0	59.0
906.0	42.0
907.0	46.0
908.0	53.0
909.0	51.0
910.0	45.0
911.0	38.0
912.0	42.0
913.0	64.0
914.0	46.0
915.0	45.0
916.0	42.0
917.0	63.0
918.0	62.0
919.0	48.0
920.0	54.0
921.0	45.0
922.0	58.0
923.0	50.0
924.0	51.0
925.0	56.0
926.0	56.0
927.0	58.0
928.0	61.0
929.0	47.0
930.0	59.0
931.0	49.0
932.0	73.0
933.0	59.0
934.0	53.0
935.0	67.0
936.0	47.0
937.0	58.0
938.0	71.0
939.0	61.0
940.0	39.0
941.0	48.0
942.0	56.0
943.0	42.0
944.0	64.0
945.0	57.0
946.0	58.0
947.0	53.0
948.0	63.0
949.0	58.0
950.0	54.0
951.0	49.0
952.0	47.0
953.0	51.0
954.0	49.0
955.0	52.0
956.0	47.0
957.0	45.0
958.0	58.0
959.0	50.0
960.0	63.0
961.0	47.0
962.0	39.0
963.0	42.0
964.0	42.0
965.0	47.0
966.0	46.0
967.0	41.0
968.0	46.0
969.0	36.0
970.0	48.0
971.0	41.0
972.0	35.0
973.0	47.0
974.0	52.0
975.0	52.0
976.0	43.0
977.0	44.0
978.0	50.0
979.0	34.0
980.0	40.0
981.0	47.0
982.0	48.0
983.0	45.0
984.0	31.0
985.0	50.0
986.0	29.0
987.0	31.0
988.0	35.0
989.0	27.0
990.0	40.0
991.0	37.0
992.0	32.0
993.0	32.0
994.0	32.0
995.0	33.0
996.0	46.0
997.0	34.0
998.0	41.0
999.0	37.0
1000.0	32.0
1001.0	41.0
1002.0	37.0
1003.0	29.0
1004.0	32.0
1005.0	35.0
1006.0	41.0
1007.0	33.0
1008.0	44.0
1009.0	47.0
1010.0	25.0
1011.0	39.0
1012.0	32.0
1013.0	38.0
1014.0	24.0
1015.0	35.0
1016.0	42.0
1017.0	34.0
1018.0	49.0
1019.0	26.0
1020.0	30.0
1021.0	48.0
1022.0	40.0
1023.0	38.0
1024.0	27.0
1025.0	28.0
1026.0	29.0
1027.0	38.0
1028.0	35.0
1029.0	30.0
1030.0	37.0
1031.0	38.0
1032.0	41.0
1033.0	33.0
1034.0	32.0
1035.0	27.0
1036.0	34.0
1037.0	39.0
1038.0	35.0
1039.0	30.0
1040.0	34.0
1041.0	34.0
1042.0	31.0
1043.0	36.0
1044.0	30.0
1045.0	39.0
1046.0	35.0
1047.0	40.0
1048.0	31.0
1049.0	32.0
1050.0	35.0
1051.0	28.0
1052.0	40.0
1053.0	44.0
1054.0	40.0
1055.0	35.0
1056.0	29.0
1057.0	56.0
1058.0	35.0
1059.0	25.0
1060.0	38.0
1061.0	26.0
1062.0	34.0
1063.0	45.0
1064.0	40.0
1065.0	39.0
1066.0	41.0
1067.0	28.0
1068.0	37.0
1069.0	37.0
1070.0	35.0
1071.0	42.0
1072.0	38.0
1073.0	37.0
1074.0	40.0
1075.0	46.0
1076.0	27.0
1077.0	32.0
1078.0	41.0
1079.0	28.0
1080.0	27.0
1081.0	35.0
1082.0	33.0
1083.0	42.0
1084.0	25.0
1085.0	27.0
1086.0	31.0
1087.0	42.0
1088.0	30.0
1089.0	32.0
1090.0	38.0
1091.0	35.0
1092.0	30.0
1093.0	35.0
1094.0	33.0
1095.0	46.0
1096.0	36.0
1097.0	34.0
1098.0	31.0
1099.0	26.0
1100.0	36.0
1101.0	30.0
1102.0	30.0
1103.0	27.0
1104.0	36.0
1105.0	14.0
1106.0	34.0
1107.0	31.0
1108.0	30.0
1109.0	27.0
1110.0	26.0
1111.0	30.0
1112.0	26.0
1113.0	30.0
1114.0	27.0
1115.0	22.0
1116.0	30.0
1117.0	32.0
1118.0	23.0
1119.0	34.0
1120.0	25.0
1121.0	28.0
1122.0	26.0
1123.0	22.0
1124.0	31.0
1125.0	32.0
1126.0	23.0
1127.0	25.0
1128.0	27.0
1129.0	30.0
1130.0	24.0
1131.0	27.0
1132.0	24.0
1133.0	17.0
1134.0	27.0
1135.0	24.0
1136.0	30.0
1137.0	12.0
1138.0	20.0
1139.0	25.0
1140.0	27.0
1141.0	32.0
1142.0	35.0
1143.0	25.0
1144.0	32.0
1145.0	22.0
1146.0	25.0
1147.0	28.0
1148.0	29.0
1149.0	19.0
1150.0	26.0
1151.0	27.0
1152.0	41.0
1153.0	21.0
1154.0	35.0
1155.0	28.0
1156.0	29.0
1157.0	22.0
1158.0	28.0
1159.0	27.0
1160.0	31.0
1161.0	23.0
1162.0	21.0
1163.0	23.0
1164.0	29.0
1165.0	27.0
1166.0	19.0
1167.0	22.0
1168.0	32.0
1169.0	22.0
1170.0	34.0
1171.0	23.0
1172.0	19.0
1173.0	24.0
1174.0	23.0
1175.0	24.0
1176.0	27.0
1177.0	28.0
1178.0	37.0
1179.0	23.0
1180.0	33.0
1181.0	43.0
1182.0	17.0
1183.0	27.0
1184.0	36.0
1185.0	31.0
1186.0	25.0
1187.0	31.0
1188.0	28.0
1189.0	40.0
1190.0	33.0
1191.0	29.0
1192.0	23.0
1193.0	30.0
1194.0	20.0
1195.0	29.0
1196.0	32.0
1197.0	32.0
1198.0	24.0
1199.0	31.0
1200.0	30.0
1201.0	27.0
1202.0	32.0
1203.0	22.0
1204.0	20.0
1205.0	19.0
1206.0	23.0
1207.0	19.0
1208.0	16.0
1209.0	16.0
1210.0	20.0
1211.0	17.0
1212.0	20.0
1213.0	14.0
1214.0	19.0
1215.0	19.0
1216.0	21.0
1217.0	28.0
1218.0	23.0
1219.0	19.0
1220.0	17.0
1221.0	18.0
1222.0	22.0
1223.0	18.0
1224.0	18.0
1225.0	27.0
1226.0	17.0
1227.0	24.0
1228.0	17.0
1229.0	14.0
1230.0	22.0
1231.0	10.0
1232.0	11.0
1233.0	22.0
1234.0	22.0
1235.0	16.0
1236.0	14.0
1237.0	15.0
1238.0	25.0
1239.0	21.0
1240.0	20.0
1241.0	24.0
1242.0	11.0
1243.0	21.0
1244.0	14.0
1245.0	15.0
1246.0	14.0
1247.0	25.0
1248.0	16.0
1249.0	11.0
1250.0	17.0
1251.0	22.0
1252.0	17.0
1253.0	12.0
1254.0	19.0
1255.0	13.0
1256.0	14.0
1257.0	15.0
1258.0	21.0
1259.0	20.0
1260.0	24.0
1261.0	15.0
1262.0	14.0
1263.0	26.0
1264.0	22.0
1265.0	17.0
1266.0	16.0
1267.0	22.0
1268.0	23.0
1269.0	16.0
1270.0	22.0
1271.0	22.0
1272.0	14.0
1273.0	18.0
1274.0	26.0
1275.0	24.0
1276.0	19.0
1277.0	27.0
1278.0	18.0
1279.0	20.0
1280.0	26.0
1281.0	26.0
1282.0	19.0
1283.0	21.0
1284.0	23.0
1285.0	15.0
1286.0	18.0
1287.0	24.0
1288.0	16.0
1289.0	17.0
1290.0	16.0
1291.0	17.0
1292.0	19.0
1293.0	19.0
1294.0	22.0
1295.0	21.0
1296.0	17.0
1297.0	21.0
1298.0	17.0
1299.0	14.0
1300.0	12.0
1301.0	14.0
1302.0	16.0
1303.0	20.0
1304.0	28.0
1305.0	14.0
1306.0	12.0
1307.0	12.0
1308.0	21.0
1309.0	24.0
1310.0	18.0
1311.0	14.0
1312.0	15.0
1313.0	14.0
1314.0	23.0
1315.0	12.0
1316.0	11.0
1317.0	15.0
1318.0	11.0
1319.0	11.0
1320.0	18.0
1321.0	12.0
1322.0	17.0
1323.0	10.0
1324.0	17.0
1325.0	15.0
1326.0	10.0
1327.0	14.0
1328.0	11.0
1329.0	24.0
1330.0	6.0
1331.0	9.0
1332.0	15.0
1333.0	16.0
1334.0	21.0
1335.0	15.0
1336.0	14.0
1337.0	9.0
1338.0	7.0
1339.0	11.0
1340.0	10.0
1341.0	16.0
1342.0	16.0
1343.0	13.0
1344.0	11.0
1345.0	8.0
1346.0	13.0
1347.0	8.0
1348.0	18.0
1349.0	16.0
1350.0	18.0
1351.0	11.0
1352.0	10.0
1353.0	15.0
1354.0	9.0
1355.0	12.0
1356.0	8.0
1357.0	10.0
1358.0	9.0
1359.0	10.0
1360.0	9.0
1361.0	6.0
1362.0	9.0
1363.0	12.0
1364.0	10.0
1365.0	9.0
1366.0	7.0
1367.0	9.0
1368.0	6.0
1369.0	8.0
1370.0	11.0
1371.0	8.0
1372.0	9.0
1373.0	5.0
1374.0	6.0
1375.0	11.0
1376.0	9.0
1377.0	8.0
1378.0	10.0
1379.0	12.0
1380.0	11.0
1381.0	8.0
1382.0	12.0
1383.0	6.0
1384.0	6.0
1385.0	7.0
1386.0	9.0
1387.0	17.0
1388.0	12.0
1389.0	10.0
1390.0	18.0
1391.0	7.0
1392.0	9.0
1393.0	12.0
1394.0	9.0
1395.0	9.0
1396.0	19.0
1397.0	11.0
1398.0	12.0
1399.0	12.0
1400.0	11.0
1401.0	8.0
1402.0	6.0
1403.0	14.0
1404.0	11.0
1405.0	7.0
1406.0	15.0
1407.0	9.0
1408.0	11.0
1409.0	12.0
1410.0	13.0
1411.0	10.0
1412.0	11.0
1413.0	10.0
1414.0	8.0
1415.0	9.0
1416.0	12.0
1417.0	8.0
1418.0	4.0
1419.0	12.0
1420.0	8.0
1421.0	11.0
1422.0	9.0
1423.0	12.0
1424.0	9.0
1425.0	14.0
1426.0	10.0
1427.0	9.0
1428.0	15.0
1429.0	17.0
1430.0	9.0
1431.0	14.0
1432.0	16.0
1433.0	11.0
1434.0	10.0
1435.0	10.0
1436.0	17.0
1437.0	18.0
1438.0	11.0
1439.0	11.0
1440.0	18.0
1441.0	14.0
1442.0	9.0
1443.0	9.0
1444.0	9.0
1445.0	8.0
1446.0	9.0
1447.0	10.0
1448.0	12.0
1449.0	13.0
1450.0	15.0
1451.0	11.0
1452.0	14.0
1453.0	10.0
1454.0	11.0
1455.0	12.0
1456.0	13.0
1457.0	10.0
1458.0	11.0
1459.0	25.0
1460.0	13.0
1461.0	10.0
1462.0	13.0
1463.0	12.0
1464.0	8.0
1465.0	11.0
1466.0	8.0
1467.0	10.0
1468.0	9.0
1469.0	19.0
1470.0	12.0
1471.0	6.0
1472.0	11.0
1473.0	7.0
1474.0	11.0
1475.0	10.0
1476.0	11.0
1477.0	12.0
1478.0	14.0
1479.0	7.0
1480.0	12.0
1481.0	13.0
1482.0	12.0
1483.0	12.0
1484.0	13.0
1485.0	11.0
1486.0	15.0
1487.0	10.0
1488.0	7.0
1489.0	10.0
1490.0	12.0
1491.0	9.0
1492.0	6.0
1493.0	7.0
1494.0	6.0
1495.0	5.0
1496.0	11.0
1497.0	9.0
1498.0	10.0
1499.0	7.0
1500.0	7.0
1501.0	6.0
1502.0	10.0
1503.0	7.0
1504.0	15.0
1505.0	4.0
1506.0	7.0
1507.0	12.0
1508.0	14.0
1509.0	11.0
1510.0	9.0
1511.0	4.0
1512.0	14.0
1513.0	9.0
1514.0	13.0
1515.0	3.0
1516.0	9.0
1517.0	14.0
1518.0	10.0
1519.0	14.0
1520.0	9.0
1521.0	8.0
1522.0	8.0
1523.0	9.0
1524.0	12.0
1525.0	9.0
1526.0	10.0
1527.0	12.0
1528.0	13.0
1529.0	8.0
1530.0	12.0
1531.0	12.0
1532.0	12.0
1533.0	13.0
1534.0	14.0
1535.0	11.0
1536.0	7.0
1537.0	9.0
1538.0	14.0
1539.0	7.0
1540.0	12.0
1541.0	10.0
1542.0	5.0
1543.0	8.0
1544.0	9.0
1545.0	7.0
1546.0	7.0
1547.0	10.0
1548.0	9.0
1549.0	10.0
1550.0	6.0
1551.0	11.0
1552.0	5.0
1553.0	10.0
1554.0	8.0
1555.0	8.0
1556.0	3.0
1557.0	7.0
1558.0	9.0
1559.0	3.0
1560.0	12.0
1561.0	11.0
1562.0	10.0
1563.0	6.0
1564.0	4.0
1565.0	7.0
1566.0	13.0
1567.0	6.0
1568.0	9.0
1569.0	4.0
1570.0	9.0
1571.0	10.0
1572.0	6.0
1573.0	8.0
1574.0	3.0
1575.0	7.0
1576.0	12.0
1577.0	10.0
1578.0	7.0
1579.0	5.0
1580.0	6.0
1581.0	9.0
1582.0	7.0
1583.0	11.0
1584.0	4.0
1585.0	5.0
1586.0	5.0
1587.0	6.0
1588.0	6.0
1589.0	6.0
1590.0	7.0
1591.0	2.0
1592.0	7.0
1593.0	7.0
1594.0	6.0
1595.0	10.0
1596.0	8.0
1597.0	5.0
1598.0	7.0
1599.0	7.0
1600.0	8.0
1601.0	4.0
1602.0	6.0
1603.0	4.0
1604.0	4.0
1605.0	5.0
1606.0	9.0
1607.0	5.0
1608.0	8.0
1609.0	11.0
1610.0	8.0
1611.0	8.0
1612.0	7.0
1613.0	9.0
1614.0	13.0
1615.0	10.0
1616.0	3.0
1617.0	7.0
1618.0	7.0
1619.0	3.0
1620.0	7.0
1621.0	5.0
1622.0	6.0
1623.0	4.0
1624.0	8.0
1625.0	5.0
1626.0	9.0
1627.0	4.0
1628.0	5.0
1629.0	13.0
1630.0	3.0
1631.0	5.0
1632.0	8.0
1633.0	8.0
1634.0	10.0
1635.0	9.0
1636.0	6.0
1637.0	3.0
1638.0	11.0
1639.0	10.0
1640.0	7.0
1641.0	8.0
1642.0	6.0
1643.0	6.0
1644.0	9.0
1645.0	6.0
1646.0	13.0
1647.0	9.0
1648.0	3.0
1649.0	9.0
1650.0	13.0
1651.0	8.0
1652.0	8.0
1653.0	9.0
1654.0	8.0
1655.0	7.0
1656.0	15.0
1657.0	11.0
1658.0	10.0
1659.0	9.0
1660.0	8.0
1661.0	7.0
1662.0	6.0
1663.0	15.0
1664.0	9.0
1665.0	7.0
1666.0	11.0
1667.0	11.0
1668.0	10.0
1669.0	8.0
1670.0	8.0
1671.0	8.0
1672.0	9.0
1673.0	7.0
1674.0	10.0
1675.0	10.0
1676.0	7.0
1677.0	8.0
1678.0	5.0
1679.0	8.0
1680.0	7.0
1681.0	8.0
1682.0	2.0
1683.0	10.0
1684.0	3.0
1685.0	7.0
1686.0	11.0
1687.0	9.0
1688.0	16.0
1689.0	12.0
1690.0	5.0
1691.0	8.0
1692.0	8.0
1693.0	10.0
1694.0	4.0
1695.0	9.0
1696.0	10.0
1697.0	9.0
1698.0	5.0
1699.0	10.0
1700.0	9.0
1701.0	6.0
1702.0	9.0
1703.0	6.0
1704.0	10.0
1705.0	7.0
1706.0	6.0
1707.0	6.0
1708.0	7.0
1709.0	7.0
1710.0	9.0
1711.0	9.0
1712.0	11.0
1713.0	5.0
1714.0	7.0
1715.0	10.0
1716.0	10.0
1717.0	7.0
1718.0	6.0
1719.0	8.0
1720.0	6.0
1721.0	8.0
1722.0	8.0
1723.0	7.0
1724.0	16.0
1725.0	5.0
1726.0	13.0
1727.0	10.0
1728.0	6.0
1729.0	12.0
1730.0	10.0
1731.0	7.0
1732.0	9.0
1733.0	9.0
1734.0	14.0
1735.0	13.0
1736.0	14.0
1737.0	5.0
1738.0	5.0
1739.0	4.0
1740.0	9.0
1741.0	8.0
1742.0	7.0
1743.0	8.0
1744.0	10.0
1745.0	9.0
1746.0	9.0
1747.0	12.0
1748.0	12.0
1749.0	10.0
1750.0	12.0
1751.0	9.0
1752.0	13.0
1753.0	4.0
1754.0	7.0
1755.0	8.0
1756.0	12.0
1757.0	5.0
1758.0	9.0
1759.0	4.0
1760.0	5.0
1761.0	2.0
1762.0	1.0
1763.0	8.0
1764.0	10.0
1765.0	7.0
1766.0	6.0
1767.0	5.0
1768.0	5.0
1769.0	6.0
1770.0	8.0
1771.0	4.0
1772.0	9.0
1773.0	9.0
1774.0	8.0
1775.0	8.0
1776.0	11.0
1777.0	5.0
1778.0	6.0
1779.0	7.0
1780.0	8.0
1781.0	10.0
1782.0	5.0
1783.0	3.0
1784.0	7.0
1785.0	7.0
1786.0	6.0
1787.0	9.0
1788.0	12.0
1789.0	9.0
1790.0	5.0
1791.0	3.0
1792.0	5.0
1793.0	5.0
1794.0	9.0
1795.0	5.0
1796.0	9.0
1797.0	7.0
1798.0	3.0
1799.0	7.0
1800.0	6.0
1801.0	4.0
1802.0	3.0
1803.0	6.0
1804.0	5.0
1805.0	4.0
1806.0	5.0
1807.0	3.0
1808.0	12.0
1809.0	9.0
1810.0	4.0
1811.0	5.0
1812.0	10.0
1813.0	6.0
1814.0	7.0
1815.0	9.0
1816.0	13.0
1817.0	5.0
1818.0	5.0
1819.0	6.0
1820.0	4.0
1821.0	9.0
1822.0	9.0
1823.0	5.0
1824.0	6.0
1825.0	8.0
1826.0	3.0
1827.0	4.0
1828.0	9.0
1829.0	7.0
1830.0	9.0
1831.0	5.0
1832.0	8.0
1833.0	5.0
1834.0	5.0
1835.0	9.0
1836.0	11.0
1837.0	4.0
1838.0	4.0
1839.0	8.0
1840.0	7.0
1841.0	6.0
1842.0	10.0
1843.0	5.0
1844.0	7.0
1845.0	10.0
1846.0	10.0
1847.0	13.0
1848.0	9.0
1849.0	4.0
1850.0	9.0
1851.0	6.0
1852.0	10.0
1853.0	6.0
1854.0	8.0
1855.0	8.0
1856.0	7.0
1857.0	7.0
1858.0	5.0
1859.0	6.0
1860.0	9.0
1861.0	9.0
1862.0	10.0
1863.0	9.0
1864.0	5.0
1865.0	7.0
1866.0	9.0
1867.0	7.0
1868.0	7.0
1869.0	4.0
1870.0	4.0
1871.0	9.0
1872.0	2.0
1873.0	7.0
1874.0	10.0
1875.0	5.0
1876.0	7.0
1877.0	7.0
1878.0	6.0
1879.0	6.0
1880.0	4.0
1881.0	7.0
1882.0	7.0
1883.0	8.0
1884.0	2.0
1885.0	5.0
1886.0	5.0
1887.0	5.0
1888.0	4.0
1889.0	8.0
1890.0	6.0
1891.0	6.0
1892.0	5.0
1893.0	2.0
1894.0	4.0
1895.0	4.0
1896.0	5.0
1897.0	9.0
1898.0	10.0
1899.0	6.0
1900.0	4.0
1901.0	5.0
1902.0	5.0
1903.0	6.0
1904.0	6.0
1905.0	5.0
1906.0	8.0
1908.0	6.0
1909.0	6.0
1910.0	7.0
1911.0	4.0
1912.0	11.0
1913.0	7.0
1914.0	5.0
1915.0	5.0
1916.0	8.0
1917.0	12.0
1918.0	2.0
1919.0	2.0
1920.0	4.0
1921.0	6.0
1922.0	6.0
1923.0	3.0
1924.0	4.0
1925.0	3.0
1926.0	6.0
1927.0	4.0
1928.0	9.0
1929.0	7.0
1930.0	3.0
1931.0	6.0
1932.0	7.0
1933.0	5.0
1934.0	5.0
1935.0	7.0
1936.0	6.0
1937.0	7.0
1938.0	6.0
1939.0	8.0
1940.0	11.0
1941.0	7.0
1942.0	7.0
1943.0	8.0
1944.0	6.0
1945.0	6.0
1946.0	4.0
1947.0	11.0
1948.0	13.0
1949.0	8.0
1950.0	10.0
1951.0	3.0
1952.0	11.0
1953.0	6.0
1954.0	9.0
1955.0	9.0
1956.0	11.0
1957.0	7.0
1958.0	12.0
1959.0	11.0
1960.0	12.0
1961.0	11.0
1962.0	7.0
1963.0	4.0
1964.0	12.0
1965.0	12.0
1966.0	7.0
1967.0	6.0
1968.0	5.0
1969.0	7.0
1970.0	7.0
1971.0	3.0
1972.0	7.0
1973.0	9.0
1974.0	11.0
1975.0	3.0
1976.0	5.0
1977.0	2.0
1978.0	3.0
1979.0	3.0
1980.0	8.0
1981.0	4.0
1982.0	5.0
1983.0	11.0
1984.0	2.0
1985.0	9.0
1986.0	5.0
1987.0	5.0
1988.0	6.0
1989.0	2.0
1990.0	4.0
1991.0	5.0
1992.0	10.0
1993.0	11.0
1994.0	5.0
1995.0	5.0
1996.0	6.0
1997.0	8.0
1998.0	5.0
1999.0	1.0
2000.0	8.0
2001.0	8.0
2002.0	10.0
2003.0	3.0
2004.0	5.0
2005.0	7.0
2006.0	4.0
2007.0	6.0
2008.0	7.0
2009.0	6.0
2010.0	4.0
2011.0	7.0
2012.0	8.0
2013.0	8.0
2014.0	5.0
2015.0	3.0
2016.0	7.0
2017.0	6.0
2018.0	6.0
2019.0	3.0
2020.0	5.0
2021.0	4.0
2022.0	5.0
2023.0	3.0
2024.0	7.0
2025.0	5.0
2026.0	3.0
2027.0	2.0
2028.0	6.0
2029.0	1.0
2030.0	1.0
2031.0	4.0
2032.0	6.0
2033.0	5.0
2034.0	3.0
2035.0	8.0
2036.0	7.0
2037.0	2.0
2038.0	4.0
2039.0	7.0
2040.0	4.0
2041.0	3.0
2042.0	3.0
2043.0	3.0
2044.0	6.0
2045.0	6.0
2046.0	2.0
2047.0	7.0
2048.0	4.0
2049.0	7.0
2050.0	3.0
2051.0	4.0
2052.0	7.0
2053.0	6.0
2054.0	5.0
2055.0	1.0
2056.0	4.0
2057.0	6.0
2058.0	4.0
2059.0	5.0
2060.0	2.0
2061.0	1.0
2062.0	6.0
2063.0	5.0
2064.0	2.0
2065.0	5.0
2066.0	3.0
2067.0	3.0
2068.0	4.0
2069.0	3.0
2070.0	1.0
2071.0	11.0
2072.0	3.0
2073.0	3.0
2074.0	9.0
2075.0	1.0
2076.0	5.0
2077.0	7.0
2078.0	4.0
2079.0	4.0
2080.0	2.0
2081.0	5.0
2082.0	4.0
2083.0	5.0
2084.0	3.0
2085.0	3.0
2086.0	4.0
2087.0	4.0
2088.0	8.0
2089.0	7.0
2090.0	4.0
2091.0	5.0
2092.0	6.0
2093.0	3.0
2094.0	3.0
2095.0	6.0
2096.0	4.0
2097.0	4.0
2098.0	4.0
2099.0	4.0
2100.0	4.0
2101.0	3.0
2102.0	2.0
2103.0	7.0
2104.0	5.0
2105.0	2.0
2106.0	7.0
2107.0	5.0
2108.0	7.0
2109.0	4.0
2110.0	3.0
2111.0	6.0
2112.0	4.0
2113.0	4.0
2114.0	7.0
2115.0	2.0
2116.0	6.0
2117.0	4.0
2118.0	7.0
2119.0	9.0
2120.0	5.0
2121.0	5.0
2122.0	5.0
2123.0	8.0
2124.0	3.0
2125.0	3.0
2126.0	1.0
2127.0	4.0
2128.0	3.0
2129.0	4.0
2130.0	3.0
2131.0	4.0
2132.0	3.0
2133.0	2.0
2134.0	3.0
2135.0	4.0
2136.0	4.0
2137.0	5.0
2138.0	1.0
2139.0	6.0
2140.0	9.0
2141.0	4.0
2142.0	6.0
2143.0	1.0
2144.0	7.0
2145.0	3.0
2146.0	5.0
2147.0	7.0
2148.0	2.0
2149.0	4.0
2150.0	6.0
2151.0	4.0
2152.0	7.0
2153.0	6.0
2154.0	6.0
2155.0	5.0
2156.0	8.0
2157.0	4.0
2158.0	3.0
2159.0	3.0
2160.0	3.0
2161.0	4.0
2162.0	5.0
2163.0	7.0
2164.0	3.0
2165.0	8.0
2166.0	4.0
2167.0	4.0
2168.0	5.0
2169.0	9.0
2170.0	7.0
2171.0	4.0
2172.0	8.0
2173.0	6.0
2175.0	3.0
2176.0	7.0
2177.0	8.0
2178.0	4.0
2179.0	9.0
2180.0	3.0
2181.0	6.0
2182.0	8.0
2183.0	8.0
2184.0	4.0
2185.0	8.0
2186.0	11.0
2187.0	5.0
2188.0	3.0
2189.0	2.0
2190.0	7.0
2191.0	8.0
2192.0	2.0
2193.0	6.0
2194.0	5.0
2195.0	4.0
2196.0	6.0
2197.0	9.0
2198.0	4.0
2199.0	2.0
2200.0	6.0
2201.0	5.0
2202.0	11.0
2203.0	4.0
2204.0	7.0
2205.0	9.0
2206.0	8.0
2207.0	1.0
2208.0	4.0
2209.0	7.0
2210.0	3.0
2213.0	5.0
2214.0	2.0
2215.0	4.0
2216.0	3.0
2217.0	4.0
2218.0	9.0
2219.0	5.0
2220.0	5.0
2221.0	4.0
2222.0	3.0
2223.0	3.0
2224.0	8.0
2225.0	3.0
2226.0	3.0
2227.0	3.0
2228.0	7.0
2229.0	5.0
2230.0	8.0
2231.0	6.0
2232.0	5.0
2233.0	4.0
2234.0	5.0
2235.0	5.0
2236.0	2.0
2237.0	3.0
2238.0	8.0
2239.0	1.0
2240.0	8.0
2241.0	1.0
2242.0	7.0
2243.0	5.0
2244.0	6.0
2245.0	5.0
2246.0	4.0
2247.0	4.0
2248.0	6.0
2249.0	3.0
2250.0	6.0
2251.0	4.0
2252.0	6.0
2253.0	3.0
2254.0	7.0
2255.0	5.0
2256.0	1.0
2257.0	2.0
2258.0	6.0
2259.0	6.0
2260.0	4.0
2261.0	5.0
2262.0	4.0
2263.0	8.0
2264.0	2.0
2265.0	4.0
2266.0	7.0
2267.0	5.0
2268.0	7.0
2269.0	6.0
2270.0	3.0
2271.0	10.0
2272.0	2.0
2273.0	5.0
2274.0	4.0
2275.0	8.0
2276.0	5.0
2277.0	4.0
2278.0	3.0
2279.0	5.0
2280.0	7.0
2281.0	2.0
2282.0	8.0
2283.0	4.0
2284.0	4.0
2285.0	4.0
2286.0	5.0
2287.0	3.0
2288.0	4.0
2289.0	10.0
2290.0	4.0
2291.0	8.0
2292.0	7.0
2293.0	4.0
2294.0	9.0
2295.0	3.0
2296.0	2.0
2297.0	4.0
2298.0	7.0
2299.0	3.0
2300.0	1.0
2301.0	1.0
2302.0	3.0
2303.0	3.0
2304.0	6.0
2305.0	6.0
2306.0	3.0
2307.0	6.0
2308.0	4.0
2309.0	3.0
2310.0	5.0
2311.0	5.0
2312.0	4.0
2313.0	12.0
2314.0	6.0
2315.0	9.0
2316.0	1.0
2317.0	2.0
2318.0	8.0
2319.0	4.0
2320.0	4.0
2321.0	6.0
2322.0	7.0
2323.0	8.0
2324.0	5.0
2325.0	3.0
2326.0	4.0
2327.0	7.0
2328.0	4.0
2329.0	4.0
2330.0	6.0
2331.0	4.0
2332.0	5.0
2333.0	3.0
2334.0	4.0
2335.0	3.0
2336.0	1.0
2337.0	5.0
2338.0	7.0
2339.0	3.0
2340.0	4.0
2341.0	3.0
2342.0	3.0
2343.0	6.0
2344.0	4.0
2345.0	3.0
2346.0	4.0
2347.0	4.0
2348.0	4.0
2349.0	2.0
2350.0	5.0
2351.0	3.0
2352.0	9.0
2353.0	7.0
2354.0	5.0
2355.0	5.0
2356.0	9.0
2357.0	2.0
2358.0	8.0
2359.0	2.0
2360.0	3.0
2361.0	6.0
2362.0	3.0
2363.0	2.0
2364.0	4.0
2365.0	4.0
2366.0	6.0
2367.0	4.0
2368.0	3.0
2369.0	4.0
2370.0	2.0
2371.0	2.0
2372.0	2.0
2373.0	2.0
2374.0	2.0
2375.0	5.0
2376.0	3.0
2377.0	5.0
2378.0	4.0
2379.0	2.0
2380.0	1.0
2381.0	1.0
2382.0	4.0
2383.0	5.0
2384.0	2.0
2385.0	8.0
2386.0	2.0
2387.0	5.0
2388.0	3.0
2389.0	2.0
2390.0	2.0
2391.0	3.0
2392.0	3.0
2393.0	1.0
2394.0	4.0
2395.0	1.0
2396.0	4.0
2397.0	2.0
2398.0	3.0
2399.0	2.0
2400.0	4.0
2401.0	2.0
2402.0	7.0
2403.0	2.0
2404.0	4.0
2405.0	3.0
2406.0	4.0
2407.0	4.0
2408.0	2.0
2409.0	5.0
2410.0	2.0
2411.0	4.0
2412.0	4.0
2413.0	4.0
2414.0	1.0
2415.0	2.0
2416.0	8.0
2417.0	1.0
2418.0	3.0
2419.0	2.0
2420.0	5.0
2421.0	6.0
2422.0	4.0
2424.0	4.0
2425.0	6.0
2426.0	6.0
2427.0	6.0
2428.0	4.0
2429.0	2.0
2430.0	1.0
2431.0	1.0
2432.0	6.0
2433.0	5.0
2434.0	3.0
2435.0	1.0
2436.0	3.0
2437.0	3.0
2438.0	5.0
2440.0	5.0
2441.0	1.0
2442.0	2.0
2443.0	4.0
2444.0	4.0
2445.0	1.0
2446.0	6.0
2447.0	2.0
2448.0	2.0
2449.0	3.0
2450.0	3.0
2451.0	6.0
2452.0	3.0
2454.0	2.0
2455.0	1.0
2456.0	3.0
2457.0	1.0
2458.0	6.0
2459.0	4.0
2460.0	3.0
2461.0	4.0
2462.0	7.0
2463.0	1.0
2464.0	3.0
2465.0	5.0
2466.0	2.0
2467.0	2.0
2468.0	4.0
2469.0	1.0
2470.0	2.0
2471.0	7.0
2472.0	1.0
2473.0	2.0
2474.0	2.0
2475.0	2.0
2476.0	4.0
2477.0	4.0
2478.0	3.0
2479.0	7.0
2480.0	3.0
2481.0	2.0
2482.0	4.0
2483.0	3.0
2484.0	4.0
2485.0	6.0
2486.0	2.0
2487.0	5.0
2488.0	5.0
2489.0	3.0
2490.0	4.0
2491.0	3.0
2492.0	2.0
2493.0	5.0
2494.0	3.0
2495.0	6.0
2496.0	3.0
2497.0	7.0
2498.0	1.0
2499.0	1.0
2500.0	4.0
2501.0	4.0
2502.0	1.0
2503.0	4.0
2504.0	3.0
2505.0	4.0
2506.0	1.0
2507.0	4.0
2508.0	3.0
2509.0	3.0
2510.0	3.0
2511.0	3.0
2512.0	4.0
2513.0	4.0
2514.0	3.0
2515.0	2.0
2516.0	3.0
2518.0	1.0
2519.0	1.0
2520.0	3.0
2521.0	2.0
2522.0	6.0
2523.0	2.0
2524.0	1.0
2525.0	1.0
2526.0	5.0
2527.0	4.0
2528.0	3.0
2529.0	2.0
2530.0	2.0
2531.0	3.0
2532.0	3.0
2533.0	5.0
2534.0	1.0
2535.0	3.0
2536.0	3.0
2537.0	3.0
2538.0	4.0
2540.0	2.0
2541.0	1.0
2543.0	2.0
2544.0	2.0
2545.0	6.0
2546.0	4.0
2547.0	1.0
2548.0	2.0
2549.0	2.0
2550.0	2.0
2551.0	3.0
2552.0	4.0
2553.0	2.0
2554.0	3.0
2555.0	6.0
2556.0	2.0
2557.0	1.0
2558.0	1.0
2559.0	2.0
2560.0	1.0
2561.0	2.0
2562.0	4.0
2563.0	3.0
2564.0	4.0
2565.0	2.0
2566.0	3.0
2567.0	5.0
2568.0	2.0
2570.0	4.0
2571.0	4.0
2572.0	5.0
2573.0	2.0
2574.0	2.0
2575.0	1.0
2576.0	4.0
2577.0	6.0
2578.0	2.0
2579.0	2.0
2580.0	1.0
2581.0	3.0
2582.0	3.0
2583.0	3.0
2584.0	3.0
2585.0	2.0
2586.0	1.0
2587.0	3.0
2588.0	2.0
2590.0	1.0
2591.0	3.0
2592.0	1.0
2593.0	1.0
2594.0	2.0
2595.0	4.0
2596.0	6.0
2597.0	1.0
2598.0	3.0
2599.0	5.0
2600.0	1.0
2601.0	2.0
2602.0	3.0
2603.0	6.0
2604.0	3.0
2605.0	5.0
2606.0	1.0
2607.0	4.0
2608.0	1.0
2609.0	1.0
2610.0	2.0
2611.0	2.0
2612.0	1.0
2613.0	2.0
2614.0	4.0
2615.0	5.0
2616.0	3.0
2617.0	2.0
2619.0	1.0
2621.0	2.0
2622.0	2.0
2623.0	3.0
2624.0	3.0
2625.0	3.0
2626.0	3.0
2627.0	4.0
2628.0	2.0
2629.0	4.0
2630.0	2.0
2631.0	4.0
2632.0	4.0
2633.0	4.0
2634.0	3.0
2635.0	2.0
2637.0	3.0
2638.0	1.0
2640.0	3.0
2642.0	2.0
2643.0	4.0
2644.0	2.0
2646.0	5.0
2647.0	2.0
2648.0	1.0
2650.0	1.0
2651.0	6.0
2652.0	1.0
2653.0	5.0
2654.0	2.0
2655.0	3.0
2656.0	2.0
2657.0	1.0
2658.0	1.0
2659.0	1.0
2660.0	1.0
2661.0	6.0
2662.0	3.0
2663.0	1.0
2664.0	4.0
2665.0	6.0
2666.0	2.0
2667.0	7.0
2669.0	3.0
2670.0	1.0
2671.0	2.0
2672.0	2.0
2673.0	2.0
2674.0	2.0
2675.0	4.0
2677.0	3.0
2678.0	3.0
2679.0	3.0
2680.0	4.0
2682.0	3.0
2683.0	3.0
2684.0	1.0
2685.0	2.0
2686.0	1.0
2687.0	4.0
2688.0	2.0
2689.0	1.0
2690.0	4.0
2691.0	1.0
2692.0	4.0
2695.0	1.0
2696.0	4.0
2697.0	1.0
2698.0	2.0
2699.0	3.0
2700.0	6.0
2701.0	3.0
2702.0	3.0
2703.0	2.0
2704.0	2.0
2705.0	4.0
2706.0	1.0
2707.0	1.0
2708.0	4.0
2709.0	2.0
2710.0	3.0
2711.0	3.0
2712.0	1.0
2713.0	2.0
2714.0	2.0
2715.0	1.0
2716.0	2.0
2718.0	2.0
2719.0	2.0
2720.0	4.0
2721.0	3.0
2722.0	5.0
2724.0	2.0
2725.0	5.0
2726.0	3.0
2727.0	1.0
2728.0	2.0
2729.0	2.0
2730.0	2.0
2732.0	2.0
2733.0	4.0
2734.0	3.0
2735.0	2.0
2736.0	2.0
2738.0	2.0
2739.0	3.0
2740.0	3.0
2742.0	2.0
2743.0	3.0
2744.0	2.0
2745.0	3.0
2746.0	2.0
2747.0	1.0
2748.0	2.0
2749.0	3.0
2750.0	1.0
2752.0	3.0
2753.0	3.0
2754.0	2.0
2755.0	4.0
2757.0	2.0
2758.0	1.0
2760.0	2.0
2761.0	3.0
2762.0	2.0
2763.0	1.0
2765.0	2.0
2766.0	2.0
2768.0	2.0
2769.0	4.0
2770.0	4.0
2771.0	3.0
2772.0	2.0
2773.0	3.0
2775.0	2.0
2776.0	1.0
2777.0	7.0
2778.0	2.0
2779.0	4.0
2780.0	1.0
2781.0	2.0
2782.0	1.0
2783.0	1.0
2784.0	1.0
2785.0	4.0
2786.0	2.0
2787.0	2.0
2788.0	1.0
2789.0	1.0
2790.0	3.0
2791.0	1.0
2792.0	2.0
2793.0	5.0
2794.0	1.0
2795.0	1.0
2797.0	4.0
2798.0	1.0
2799.0	1.0
2800.0	3.0
2801.0	2.0
2802.0	2.0
2803.0	2.0
2804.0	1.0
2805.0	2.0
2806.0	2.0
2807.0	1.0
2809.0	4.0
2810.0	6.0
2811.0	2.0
2812.0	2.0
2813.0	2.0
2814.0	1.0
2816.0	2.0
2819.0	1.0
2820.0	1.0
2821.0	2.0
2822.0	3.0
2823.0	4.0
2825.0	3.0
2826.0	1.0
2827.0	3.0
2828.0	2.0
2829.0	3.0
2830.0	2.0
2831.0	2.0
2832.0	4.0
2833.0	1.0
2834.0	1.0
2836.0	3.0
2837.0	3.0
2839.0	3.0
2840.0	2.0
2841.0	2.0
2842.0	3.0
2843.0	3.0
2844.0	3.0
2845.0	4.0
2846.0	1.0
2848.0	1.0
2849.0	5.0
2850.0	2.0
2853.0	4.0
2854.0	1.0
2855.0	2.0
2856.0	1.0
2858.0	4.0
2859.0	2.0
2861.0	1.0
2862.0	6.0
2863.0	1.0
2864.0	2.0
2865.0	1.0
2866.0	2.0
2868.0	1.0
2869.0	4.0
2870.0	2.0
2871.0	1.0
2872.0	3.0
2873.0	3.0
2874.0	2.0
2875.0	1.0
2876.0	2.0
2877.0	1.0
2878.0	1.0
2879.0	5.0
2880.0	2.0
2882.0	2.0
2883.0	4.0
2884.0	5.0
2885.0	1.0
2886.0	1.0
2887.0	3.0
2888.0	2.0
2889.0	1.0
2891.0	3.0
2892.0	4.0
2893.0	2.0
2894.0	2.0
2896.0	6.0
2897.0	4.0
2898.0	2.0
2899.0	1.0
2900.0	2.0
2901.0	1.0
2902.0	4.0
2903.0	2.0
2904.0	1.0
2905.0	2.0
2907.0	3.0
2908.0	3.0
2909.0	1.0
2910.0	3.0
2911.0	4.0
2912.0	1.0
2913.0	1.0
2914.0	3.0
2915.0	4.0
2916.0	2.0
2918.0	2.0
2919.0	1.0
2921.0	5.0
2922.0	2.0
2924.0	4.0
2925.0	6.0
2926.0	4.0
2927.0	3.0
2928.0	1.0
2929.0	4.0
2930.0	2.0
2931.0	1.0
2932.0	1.0
2933.0	4.0
2934.0	1.0
2935.0	4.0
2937.0	3.0
2938.0	3.0
2939.0	3.0
2940.0	3.0
2941.0	1.0
2942.0	3.0
2943.0	3.0
2944.0	2.0
2945.0	3.0
2946.0	4.0
2947.0	2.0
2948.0	4.0
2949.0	1.0
2950.0	2.0
2951.0	1.0
2952.0	1.0
2953.0	3.0
2954.0	4.0
2955.0	5.0
2956.0	2.0
2957.0	1.0
2958.0	2.0
2959.0	1.0
2960.0	1.0
2961.0	1.0
2962.0	3.0
2963.0	1.0
2965.0	3.0
2966.0	2.0
2967.0	4.0
2968.0	1.0
2969.0	3.0
2970.0	1.0
2971.0	2.0
2972.0	4.0
2973.0	1.0
2974.0	3.0
2975.0	1.0
2976.0	2.0
2978.0	2.0
2979.0	6.0
2980.0	2.0
2981.0	3.0
2982.0	2.0
2983.0	2.0
2984.0	7.0
2985.0	2.0
2986.0	4.0
2987.0	3.0
2988.0	2.0
2989.0	3.0
2990.0	2.0
2991.0	2.0
2992.0	3.0
2993.0	2.0
2994.0	3.0
2995.0	1.0
2996.0	4.0
2997.0	3.0
2998.0	5.0
2999.0	2.0
3000.0	5.0
3001.0	4.0
3002.0	4.0
3003.0	6.0
3004.0	2.0
3005.0	4.0
3006.0	6.0
3007.0	2.0
3008.0	3.0
3009.0	2.0
3010.0	2.0
3011.0	5.0
3012.0	7.0
3013.0	4.0
3014.0	2.0
3015.0	4.0
3016.0	3.0
3017.0	2.0
3018.0	2.0
3019.0	2.0
3020.0	4.0
3021.0	5.0
3022.0	3.0
3023.0	4.0
3024.0	3.0
3025.0	4.0
3026.0	8.0
3027.0	3.0
3028.0	3.0
3029.0	2.0
3030.0	3.0
3031.0	4.0
3032.0	11.0
3033.0	10.0
3035.0	5.0
3036.0	1.0
3037.0	3.0
3038.0	4.0
3039.0	3.0
3040.0	5.0
3041.0	5.0
3042.0	1.0
3043.0	6.0
3044.0	2.0
3045.0	4.0
3046.0	3.0
3047.0	5.0
3048.0	1.0
3049.0	4.0
3050.0	1.0
3051.0	3.0
3052.0	6.0
3053.0	5.0
3054.0	1.0
3055.0	7.0
3056.0	1.0
3057.0	1.0
3058.0	1.0
3059.0	4.0
3060.0	2.0
3061.0	4.0
3062.0	4.0
3063.0	3.0
3064.0	2.0
3065.0	1.0
3066.0	3.0
3067.0	1.0
3068.0	2.0
3069.0	3.0
3070.0	3.0
3071.0	1.0
3072.0	1.0
3073.0	1.0
3074.0	5.0
3075.0	3.0
3076.0	1.0
3077.0	6.0
3078.0	7.0
3079.0	3.0
3080.0	2.0
3081.0	3.0
3082.0	1.0
3083.0	1.0
3084.0	2.0
3085.0	3.0
3086.0	1.0
3087.0	2.0
3088.0	3.0
3089.0	4.0
3090.0	1.0
3091.0	1.0
3092.0	3.0
3093.0	1.0
3094.0	7.0
3096.0	1.0
3097.0	8.0
3098.0	5.0
3099.0	4.0
3100.0	4.0
3101.0	1.0
3102.0	2.0
3103.0	1.0
3104.0	3.0
3105.0	1.0
3106.0	3.0
3108.0	3.0
3109.0	3.0
3110.0	3.0
3111.0	4.0
3112.0	5.0
3113.0	2.0
3114.0	3.0
3116.0	1.0
3117.0	2.0
3118.0	1.0
3119.0	3.0
3120.0	6.0
3121.0	1.0
3122.0	2.0
3123.0	1.0
3124.0	4.0
3125.0	3.0
3126.0	2.0
3127.0	3.0
3128.0	3.0
3129.0	3.0
3130.0	2.0
3131.0	2.0
3132.0	1.0
3133.0	5.0
3134.0	4.0
3135.0	3.0
3136.0	3.0
3138.0	1.0
3139.0	2.0
3140.0	2.0
3141.0	1.0
3142.0	1.0
3143.0	1.0
3144.0	5.0
3146.0	2.0
3147.0	1.0
3148.0	3.0
3149.0	1.0
3150.0	5.0
3151.0	2.0
3152.0	3.0
3153.0	3.0
3154.0	2.0
3155.0	2.0
3156.0	3.0
3157.0	3.0
3158.0	3.0
3159.0	3.0
3160.0	2.0
3161.0	3.0
3162.0	1.0
3163.0	1.0
3164.0	2.0
3165.0	3.0
3166.0	6.0
3167.0	1.0
3168.0	2.0
3169.0	1.0
3170.0	4.0
3171.0	1.0
3172.0	3.0
3173.0	4.0
3174.0	2.0
3175.0	4.0
3177.0	5.0
3178.0	3.0
3179.0	3.0
3180.0	2.0
3181.0	2.0
3183.0	1.0
3185.0	4.0
3186.0	2.0
3187.0	1.0
3188.0	2.0
3189.0	1.0
3190.0	6.0
3192.0	3.0
3193.0	1.0
3194.0	2.0
3195.0	2.0
3196.0	2.0
3198.0	5.0
3199.0	4.0
3200.0	2.0
3202.0	1.0
3203.0	2.0
3204.0	1.0
3205.0	2.0
3206.0	2.0
3208.0	2.0
3209.0	4.0
3210.0	3.0
3211.0	2.0
3212.0	1.0
3213.0	6.0
3214.0	4.0
3215.0	4.0
3216.0	7.0
3217.0	3.0
3218.0	4.0
3219.0	4.0
3220.0	4.0
3221.0	5.0
3223.0	1.0
3224.0	1.0
3225.0	2.0
3226.0	2.0
3227.0	4.0
3228.0	8.0
3229.0	4.0
3230.0	2.0
3231.0	5.0
3232.0	4.0
3233.0	2.0
3234.0	3.0
3235.0	4.0
3236.0	2.0
3237.0	2.0
3238.0	6.0
3239.0	2.0
3240.0	2.0
3241.0	3.0
3242.0	4.0
3243.0	3.0
3244.0	1.0
3245.0	3.0
3246.0	1.0
3247.0	1.0
3249.0	2.0
3250.0	2.0
3251.0	1.0
3252.0	5.0
3253.0	1.0
3254.0	4.0
3255.0	3.0
3256.0	3.0
3257.0	2.0
3258.0	2.0
3259.0	1.0
3262.0	2.0
3264.0	2.0
3265.0	4.0
3267.0	1.0
3268.0	3.0
3269.0	1.0
3271.0	1.0
3272.0	4.0
3273.0	2.0
3274.0	1.0
3275.0	5.0
3276.0	1.0
3277.0	3.0
3278.0	1.0
3279.0	5.0
3280.0	3.0
3281.0	1.0
3282.0	2.0
3284.0	3.0
3285.0	1.0
3286.0	4.0
3287.0	3.0
3288.0	1.0
3289.0	2.0
3290.0	2.0
3291.0	1.0
3292.0	2.0
3293.0	4.0
3294.0	1.0
3296.0	3.0
3297.0	1.0
3300.0	3.0
3301.0	4.0
3303.0	1.0
3304.0	2.0
3305.0	2.0
3306.0	1.0
3308.0	1.0
3309.0	2.0
3310.0	5.0
3311.0	5.0
3313.0	2.0
3314.0	2.0
3316.0	3.0
3317.0	2.0
3318.0	1.0
3319.0	3.0
3320.0	3.0
3321.0	1.0
3322.0	4.0
3324.0	1.0
3325.0	4.0
3326.0	1.0
3327.0	1.0
3328.0	1.0
3329.0	1.0
3330.0	2.0
3331.0	4.0
3332.0	2.0
3333.0	2.0
3334.0	3.0
3335.0	2.0
3336.0	2.0
3337.0	3.0
3338.0	1.0
3339.0	4.0
3340.0	5.0
3341.0	8.0
3342.0	2.0
3343.0	2.0
3344.0	3.0
3345.0	2.0
3346.0	1.0
3347.0	3.0
3348.0	1.0
3349.0	1.0
3350.0	5.0
3351.0	2.0
3352.0	3.0
3353.0	4.0
3354.0	2.0
3355.0	2.0
3356.0	4.0
3358.0	2.0
3359.0	1.0
3360.0	2.0
3361.0	3.0
3362.0	4.0
3363.0	3.0
3364.0	2.0
3365.0	6.0
3366.0	3.0
3367.0	2.0
3368.0	1.0
3369.0	1.0
3370.0	2.0
3371.0	4.0
3372.0	4.0
3373.0	2.0
3374.0	2.0
3375.0	1.0
3376.0	1.0
3377.0	1.0
3378.0	3.0
3381.0	3.0
3382.0	2.0
3383.0	1.0
3384.0	2.0
3386.0	3.0
3389.0	2.0
3391.0	3.0
3392.0	2.0
3393.0	2.0
3395.0	3.0
3396.0	1.0
3397.0	1.0
3398.0	3.0
3399.0	1.0
3400.0	1.0
3401.0	2.0
3402.0	2.0
3404.0	2.0
3406.0	3.0
3408.0	2.0
3409.0	1.0
3410.0	1.0
3411.0	2.0
3412.0	2.0
3413.0	1.0
3414.0	2.0
3415.0	2.0
3416.0	2.0
3417.0	1.0
3419.0	1.0
3420.0	1.0
3421.0	1.0
3423.0	1.0
3424.0	3.0
3425.0	2.0
3428.0	3.0
3429.0	4.0
3430.0	3.0
3431.0	1.0
3434.0	2.0
3435.0	2.0
3436.0	1.0
3438.0	3.0
3439.0	2.0
3440.0	5.0
3441.0	1.0
3442.0	3.0
3443.0	1.0
3444.0	1.0
3445.0	1.0
3446.0	3.0
3447.0	2.0
3448.0	1.0
3449.0	1.0
3450.0	1.0
3451.0	3.0
3452.0	1.0
3453.0	2.0
3454.0	2.0
3455.0	2.0
3456.0	4.0
3457.0	3.0
3458.0	3.0
3459.0	1.0
3460.0	2.0
3461.0	1.0
3462.0	1.0
3464.0	2.0
3467.0	1.0
3468.0	1.0
3470.0	1.0
3472.0	2.0
3473.0	2.0
3474.0	3.0
3475.0	2.0
3476.0	2.0
3478.0	1.0
3479.0	1.0
3480.0	4.0
3481.0	5.0
3482.0	3.0
3484.0	6.0
3485.0	3.0
3487.0	2.0
3488.0	4.0
3489.0	1.0
3490.0	2.0
3491.0	1.0
3492.0	2.0
3493.0	4.0
3494.0	1.0
3495.0	1.0
3496.0	1.0
3497.0	2.0
3498.0	3.0
3499.0	2.0
3500.0	2.0
3502.0	3.0
3503.0	2.0
3504.0	4.0
3505.0	1.0
3506.0	1.0
3509.0	1.0
3510.0	3.0
3511.0	3.0
3512.0	2.0
3513.0	5.0
3514.0	1.0
3515.0	1.0
3516.0	2.0
3517.0	5.0
3520.0	2.0
3521.0	2.0
3522.0	4.0
3524.0	4.0
3525.0	2.0
3526.0	2.0
3527.0	2.0
3528.0	2.0
3529.0	5.0
3531.0	2.0
3532.0	2.0
3533.0	3.0
3535.0	1.0
3536.0	3.0
3537.0	3.0
3538.0	2.0
3539.0	4.0
3540.0	4.0
3541.0	1.0
3542.0	2.0
3543.0	3.0
3546.0	3.0
3547.0	3.0
3548.0	3.0
3549.0	3.0
3550.0	1.0
3551.0	3.0
3552.0	4.0
3553.0	2.0
3554.0	1.0
3555.0	3.0
3556.0	1.0
3557.0	2.0
3559.0	1.0
3560.0	2.0
3561.0	1.0
3562.0	4.0
3563.0	2.0
3564.0	5.0
3565.0	2.0
3566.0	2.0
3567.0	3.0
3568.0	4.0
3569.0	2.0
3570.0	1.0
3571.0	2.0
3572.0	4.0
3573.0	1.0
3574.0	1.0
3575.0	2.0
3577.0	5.0
3578.0	3.0
3579.0	2.0
3581.0	2.0
3583.0	4.0
3584.0	1.0
3585.0	1.0
3586.0	2.0
3588.0	2.0
3589.0	2.0
3590.0	1.0
3591.0	3.0
3592.0	1.0
3593.0	3.0
3594.0	1.0
3595.0	2.0
3596.0	2.0
3597.0	2.0
3598.0	1.0
3600.0	2.0
3601.0	2.0
3602.0	3.0
3603.0	1.0
3604.0	2.0
3605.0	2.0
3606.0	4.0
3608.0	4.0
3609.0	3.0
3610.0	1.0
3611.0	1.0
3612.0	2.0
3613.0	3.0
3615.0	2.0
3617.0	2.0
3618.0	3.0
3619.0	2.0
3620.0	1.0
3621.0	4.0
3623.0	3.0
3624.0	2.0
3625.0	3.0
3626.0	3.0
3627.0	1.0
3628.0	4.0
3629.0	1.0
3632.0	4.0
3633.0	1.0
3635.0	1.0
3636.0	5.0
3637.0	2.0
3639.0	4.0
3640.0	1.0
3642.0	1.0
3643.0	1.0
3644.0	1.0
3645.0	2.0
3646.0	1.0
3647.0	2.0
3648.0	2.0
3649.0	2.0
3650.0	2.0
3651.0	2.0
3652.0	2.0
3653.0	1.0
3655.0	1.0
3656.0	3.0
3657.0	1.0
3658.0	1.0
3659.0	4.0
3660.0	2.0
3661.0	3.0
3662.0	1.0
3663.0	2.0
3664.0	2.0
3666.0	2.0
3667.0	3.0
3668.0	2.0
3670.0	2.0
3671.0	4.0
3672.0	3.0
3673.0	3.0
3674.0	2.0
3675.0	3.0
3677.0	2.0
3678.0	1.0
3679.0	2.0
3681.0	2.0
3682.0	2.0
3683.0	4.0
3684.0	2.0
3687.0	1.0
3688.0	1.0
3689.0	1.0
3690.0	2.0
3691.0	1.0
3694.0	2.0
3695.0	3.0
3696.0	1.0
3697.0	2.0
3699.0	1.0
3700.0	2.0
3701.0	2.0
3702.0	1.0
3703.0	5.0
3707.0	2.0
3708.0	2.0
3709.0	1.0
3710.0	1.0
3712.0	1.0
3713.0	3.0
3714.0	3.0
3715.0	1.0
3716.0	3.0
3717.0	2.0
3720.0	1.0
3721.0	2.0
3723.0	1.0
3724.0	1.0
3725.0	2.0
3727.0	1.0
3728.0	3.0
3729.0	2.0
3732.0	2.0
3733.0	1.0
3734.0	1.0
3735.0	2.0
3736.0	1.0
3737.0	5.0
3738.0	4.0
3739.0	4.0
3740.0	3.0
3742.0	1.0
3743.0	2.0
3745.0	1.0
3748.0	6.0
3749.0	4.0
3750.0	4.0
3751.0	5.0
3752.0	1.0
3753.0	1.0
3754.0	4.0
3755.0	2.0
3756.0	1.0
3757.0	3.0
3758.0	1.0
3759.0	1.0
3760.0	2.0
3762.0	5.0
3763.0	2.0
3764.0	2.0
3766.0	1.0
3768.0	4.0
3769.0	4.0
3770.0	5.0
3771.0	3.0
3772.0	1.0
3773.0	1.0
3774.0	3.0
3775.0	1.0
3776.0	3.0
3777.0	4.0
3778.0	5.0
3780.0	3.0
3781.0	1.0
3782.0	2.0
3783.0	1.0
3784.0	6.0
3786.0	1.0
3787.0	3.0
3789.0	2.0
3791.0	2.0
3792.0	1.0
3793.0	1.0
3796.0	3.0
3797.0	2.0
3798.0	1.0
3799.0	1.0
3800.0	1.0
3801.0	1.0
3802.0	3.0
3805.0	2.0
3806.0	1.0
3807.0	5.0
3810.0	3.0
3811.0	2.0
3814.0	1.0
3815.0	3.0
3819.0	2.0
3820.0	1.0
3824.0	4.0
3825.0	1.0
3826.0	4.0
3827.0	1.0
3829.0	1.0
3830.0	2.0
3832.0	1.0
3833.0	3.0
3835.0	1.0
3836.0	2.0
3837.0	1.0
3842.0	1.0
3843.0	2.0
3844.0	1.0
3845.0	5.0
3847.0	1.0
3848.0	2.0
3852.0	2.0
3855.0	1.0
3856.0	1.0
3857.0	1.0
3858.0	6.0
3861.0	3.0
3863.0	2.0
3864.0	2.0
3865.0	1.0
3866.0	2.0
3868.0	3.0
3870.0	1.0
3872.0	1.0
3873.0	4.0
3875.0	2.0
3876.0	3.0
3877.0	1.0
3878.0	1.0
3879.0	1.0
3880.0	4.0
3881.0	3.0
3882.0	2.0
3883.0	2.0
3884.0	2.0
3885.0	3.0
3886.0	1.0
3888.0	2.0
3890.0	1.0
3891.0	2.0
3892.0	2.0
3893.0	1.0
3894.0	2.0
3897.0	1.0
3898.0	1.0
3899.0	2.0
3901.0	2.0
3902.0	5.0
3903.0	2.0
3904.0	2.0
3905.0	1.0
3906.0	1.0
3907.0	1.0
3908.0	1.0
3909.0	1.0
3910.0	2.0
3911.0	1.0
3912.0	2.0
3914.0	1.0
3917.0	1.0
3918.0	2.0
3920.0	1.0
3922.0	2.0
3923.0	1.0
3924.0	2.0
3926.0	2.0
3927.0	1.0
3928.0	2.0
3930.0	3.0
3932.0	1.0
3933.0	3.0
3934.0	4.0
3935.0	3.0
3936.0	1.0
3937.0	2.0
3938.0	1.0
3939.0	2.0
3940.0	1.0
3941.0	3.0
3942.0	1.0
3943.0	1.0
3945.0	2.0
3947.0	1.0
3948.0	1.0
3949.0	5.0
3950.0	1.0
3951.0	1.0
3952.0	3.0
3953.0	1.0
3954.0	3.0
3955.0	5.0
3956.0	2.0
3958.0	3.0
3960.0	1.0
3962.0	2.0
3963.0	3.0
3964.0	1.0
3965.0	4.0
3966.0	2.0
3967.0	3.0
3969.0	5.0
3970.0	4.0
3971.0	1.0
3972.0	1.0
3973.0	4.0
3974.0	5.0
3975.0	1.0
3976.0	3.0
3977.0	1.0
3978.0	1.0
3979.0	5.0
3980.0	1.0
3981.0	1.0
3982.0	1.0
3983.0	2.0
3984.0	3.0
3985.0	2.0
3986.0	3.0
3988.0	1.0
3989.0	2.0
3991.0	1.0
3992.0	2.0
3993.0	2.0
3994.0	1.0
3995.0	1.0
3996.0	3.0
3997.0	3.0
3998.0	3.0
3999.0	1.0
4000.0	1.0
4001.0	2.0
4003.0	2.0
4004.0	1.0
4005.0	2.0
4008.0	1.0
4009.0	1.0
4010.0	1.0
4011.0	1.0
4012.0	2.0
4013.0	1.0
4015.0	3.0
4017.0	3.0
4018.0	1.0
4019.0	1.0
4020.0	1.0
4021.0	1.0
4022.0	3.0
4023.0	2.0
4024.0	1.0
4025.0	9.0
4026.0	1.0
4027.0	4.0
4028.0	1.0
4029.0	3.0
4030.0	1.0
4031.0	3.0
4032.0	1.0
4034.0	5.0
4035.0	1.0
4036.0	2.0
4037.0	2.0
4038.0	4.0
4039.0	2.0
4040.0	7.0
4041.0	3.0
4043.0	2.0
4044.0	2.0
4045.0	1.0
4047.0	4.0
4048.0	1.0
4049.0	3.0
4050.0	2.0
4051.0	1.0
4052.0	2.0
4053.0	2.0
4054.0	3.0
4055.0	3.0
4056.0	1.0
4058.0	1.0
4059.0	1.0
4061.0	1.0
4062.0	2.0
4063.0	6.0
4064.0	2.0
4065.0	1.0
4066.0	2.0
4068.0	1.0
4069.0	1.0
4071.0	3.0
4074.0	2.0
4075.0	3.0
4078.0	3.0
4079.0	2.0
4080.0	2.0
4081.0	1.0
4082.0	1.0
4083.0	1.0
4085.0	2.0
4086.0	3.0
4087.0	1.0
4088.0	3.0
4089.0	3.0
4091.0	2.0
4092.0	1.0
4094.0	2.0
4095.0	1.0
4096.0	1.0
4097.0	1.0
4098.0	3.0
4099.0	1.0
4100.0	2.0
4101.0	1.0
4102.0	3.0
4103.0	1.0
4105.0	3.0
4107.0	1.0
4110.0	2.0
4111.0	5.0
4112.0	1.0
4113.0	1.0
4114.0	3.0
4116.0	1.0
4117.0	1.0
4118.0	1.0
4119.0	1.0
4122.0	1.0
4123.0	2.0
4124.0	2.0
4126.0	1.0
4127.0	2.0
4128.0	1.0
4129.0	3.0
4130.0	2.0
4131.0	2.0
4132.0	1.0
4133.0	2.0
4134.0	1.0
4135.0	2.0
4136.0	1.0
4137.0	2.0
4138.0	4.0
4139.0	1.0
4140.0	1.0
4141.0	1.0
4142.0	1.0
4143.0	3.0
4147.0	1.0
4150.0	2.0
4151.0	3.0
4152.0	1.0
4156.0	1.0
4157.0	2.0
4158.0	1.0
4159.0	2.0
4162.0	2.0
4163.0	1.0
4164.0	3.0
4168.0	1.0
4169.0	2.0
4171.0	1.0
4174.0	1.0
4177.0	1.0
4178.0	1.0
4179.0	2.0
4182.0	1.0
4183.0	1.0
4185.0	1.0
4186.0	2.0
4187.0	2.0
4188.0	3.0
4191.0	1.0
4193.0	2.0
4194.0	2.0
4195.0	1.0
4196.0	2.0
4197.0	4.0
4200.0	1.0
4202.0	1.0
4203.0	2.0
4204.0	1.0
4205.0	2.0
4208.0	2.0
4209.0	1.0
4210.0	1.0
4211.0	1.0
4212.0	1.0
4215.0	2.0
4216.0	1.0
4219.0	1.0
4220.0	1.0
4221.0	1.0
4222.0	2.0
4224.0	1.0
4225.0	1.0
4227.0	1.0
4228.0	1.0
4229.0	2.0
4230.0	1.0
4231.0	1.0
4234.0	1.0
4237.0	2.0
4238.0	1.0
4239.0	2.0
4240.0	2.0
4244.0	1.0
4246.0	3.0
4249.0	2.0
4250.0	2.0
4251.0	2.0
4252.0	2.0
4253.0	2.0
4255.0	2.0
4256.0	1.0
4258.0	2.0
4263.0	3.0
4264.0	3.0
4265.0	1.0
4266.0	2.0
4267.0	4.0
4268.0	1.0
4269.0	2.0
4270.0	3.0
4271.0	4.0
4272.0	1.0
4273.0	1.0
4276.0	1.0
4277.0	2.0
4278.0	2.0
4281.0	1.0
4286.0	1.0
4287.0	1.0
4290.0	4.0
4291.0	3.0
4292.0	1.0
4293.0	1.0
4294.0	2.0
4295.0	1.0
4297.0	2.0
4300.0	1.0
4301.0	1.0
4302.0	1.0
4303.0	1.0
4305.0	1.0
4306.0	2.0
4307.0	1.0
4311.0	3.0
4313.0	2.0
4314.0	1.0
4315.0	2.0
4316.0	2.0
4317.0	1.0
4318.0	1.0
4319.0	4.0
4321.0	1.0
4322.0	1.0
4323.0	2.0
4324.0	4.0
4327.0	1.0
4328.0	1.0
4329.0	1.0
4330.0	3.0
4331.0	3.0
4332.0	2.0
4333.0	1.0
4336.0	2.0
4337.0	1.0
4338.0	3.0
4339.0	1.0
4340.0	1.0
4349.0	1.0
4353.0	1.0
4354.0	1.0
4355.0	1.0
4356.0	2.0
4359.0	1.0
4360.0	1.0
4362.0	2.0
4363.0	1.0
4364.0	2.0
4365.0	3.0
4366.0	1.0
4367.0	2.0
4369.0	1.0
4371.0	2.0
4372.0	3.0
4373.0	2.0
4374.0	1.0
4375.0	1.0
4376.0	1.0
4378.0	3.0
4380.0	3.0
4381.0	1.0
4383.0	1.0
4384.0	1.0
4385.0	1.0
4386.0	1.0
4388.0	2.0
4389.0	3.0
4392.0	1.0
4393.0	1.0
4394.0	1.0
4395.0	2.0
4396.0	2.0
4397.0	1.0
4398.0	1.0
4401.0	2.0
4402.0	1.0
4403.0	2.0
4404.0	1.0
4405.0	2.0
4406.0	2.0
4407.0	1.0
4408.0	1.0
4410.0	2.0
4411.0	1.0
4412.0	2.0
4413.0	5.0
4414.0	1.0
4415.0	2.0
4416.0	1.0
4417.0	4.0
4418.0	3.0
4419.0	1.0
4420.0	1.0
4421.0	3.0
4423.0	3.0
4424.0	1.0
4428.0	2.0
4429.0	1.0
4430.0	2.0
4431.0	1.0
4433.0	2.0
4434.0	3.0
4435.0	2.0
4436.0	1.0
4437.0	3.0
4438.0	2.0
4439.0	1.0
4440.0	1.0
4443.0	1.0
4444.0	2.0
4445.0	2.0
4446.0	3.0
4447.0	3.0
4448.0	3.0
4450.0	3.0
4451.0	4.0
4453.0	2.0
4454.0	1.0
4455.0	2.0
4456.0	3.0
4460.0	2.0
4461.0	1.0
4462.0	2.0
4463.0	1.0
4464.0	4.0
4465.0	2.0
4466.0	1.0
4467.0	2.0
4468.0	1.0
4469.0	2.0
4470.0	2.0
4471.0	1.0
4472.0	4.0
4475.0	1.0
4476.0	2.0
4477.0	4.0
4478.0	1.0
4481.0	2.0
4483.0	2.0
4484.0	2.0
4485.0	1.0
4486.0	1.0
4488.0	1.0
4490.0	1.0
4491.0	2.0
4492.0	4.0
4494.0	2.0
4495.0	3.0
4497.0	2.0
4498.0	1.0
4499.0	1.0
4501.0	1.0
4502.0	1.0
4503.0	1.0
4504.0	3.0
4505.0	1.0
4507.0	3.0
4508.0	1.0
4509.0	1.0
4510.0	2.0
4511.0	1.0
4512.0	1.0
4513.0	1.0
4514.0	4.0
4515.0	2.0
4517.0	2.0
4519.0	1.0
4523.0	1.0
4524.0	2.0
4526.0	1.0
4527.0	2.0
4528.0	1.0
4530.0	3.0
4531.0	3.0
4533.0	2.0
4534.0	2.0
4535.0	1.0
4536.0	3.0
4537.0	1.0
4539.0	1.0
4540.0	1.0
4541.0	1.0
4542.0	2.0
4543.0	2.0
4545.0	2.0
4547.0	2.0
4548.0	3.0
4549.0	1.0
4551.0	2.0
4552.0	1.0
4554.0	1.0
4555.0	1.0
4556.0	2.0
4557.0	1.0
4558.0	2.0
4561.0	1.0
4562.0	1.0
4563.0	2.0
4564.0	1.0
4567.0	2.0
4568.0	1.0
4569.0	2.0
4570.0	3.0
4571.0	1.0
4575.0	1.0
4576.0	1.0
4577.0	3.0
4579.0	3.0
4580.0	2.0
4581.0	1.0
4582.0	1.0
4583.0	2.0
4585.0	2.0
4586.0	2.0
4588.0	1.0
4589.0	2.0
4590.0	2.0
4594.0	2.0
4596.0	2.0
4599.0	2.0
4600.0	1.0
4601.0	2.0
4602.0	1.0
4603.0	2.0
4604.0	1.0
4605.0	3.0
4607.0	2.0
4608.0	3.0
4610.0	3.0
4612.0	2.0
4614.0	1.0
4615.0	3.0
4616.0	2.0
4618.0	1.0
4619.0	2.0
4620.0	2.0
4621.0	3.0
4622.0	3.0
4623.0	2.0
4624.0	1.0
4625.0	2.0
4626.0	1.0
4627.0	2.0
4628.0	1.0
4630.0	1.0
4631.0	2.0
4633.0	3.0
4634.0	2.0
4635.0	4.0
4636.0	4.0
4637.0	1.0
4638.0	1.0
4639.0	1.0
4640.0	1.0
4641.0	1.0
4644.0	2.0
4648.0	4.0
4649.0	2.0
4650.0	1.0
4656.0	2.0
4657.0	1.0
4658.0	2.0
4659.0	2.0
4660.0	4.0
4661.0	2.0
4662.0	1.0
4663.0	3.0
4664.0	1.0
4665.0	1.0
4666.0	3.0
4667.0	3.0
4668.0	2.0
4669.0	1.0
4670.0	2.0
4671.0	3.0
4672.0	1.0
4673.0	3.0
4674.0	1.0
4675.0	1.0
4676.0	1.0
4677.0	1.0
4678.0	1.0
4680.0	1.0
4681.0	2.0
4682.0	1.0
4683.0	1.0
4684.0	3.0
4685.0	1.0
4686.0	1.0
4687.0	1.0
4690.0	2.0
4691.0	1.0
4692.0	2.0
4693.0	1.0
4694.0	1.0
4695.0	3.0
4696.0	2.0
4697.0	2.0
4698.0	1.0
4700.0	1.0
4701.0	1.0
4702.0	2.0
4703.0	2.0
4704.0	4.0
4705.0	5.0
4706.0	2.0
4709.0	1.0
4711.0	1.0
4713.0	4.0
4714.0	1.0
4716.0	1.0
4718.0	1.0
4720.0	1.0
4721.0	1.0
4722.0	3.0
4723.0	1.0
4724.0	1.0
4726.0	1.0
4727.0	3.0
4728.0	1.0
4730.0	2.0
4732.0	2.0
4733.0	5.0
4734.0	2.0
4736.0	1.0
4737.0	2.0
4739.0	3.0
4740.0	1.0
4741.0	2.0
4744.0	2.0
4745.0	2.0
4747.0	1.0
4748.0	1.0
4749.0	3.0
4750.0	2.0
4751.0	1.0
4756.0	1.0
4757.0	1.0
4759.0	2.0
4760.0	1.0
4761.0	3.0
4762.0	1.0
4763.0	1.0
4764.0	2.0
4765.0	1.0
4766.0	2.0
4767.0	2.0
4768.0	5.0
4769.0	4.0
4770.0	1.0
4772.0	3.0
4773.0	1.0
4774.0	2.0
4775.0	1.0
4776.0	1.0
4777.0	2.0
4778.0	1.0
4779.0	2.0
4781.0	4.0
4782.0	1.0
4783.0	3.0
4784.0	1.0
4785.0	5.0
4787.0	2.0
4789.0	2.0
4790.0	2.0
4792.0	1.0
4793.0	1.0
4794.0	1.0
4795.0	1.0
4796.0	1.0
4797.0	2.0
4798.0	2.0
4799.0	2.0
4800.0	3.0
4801.0	1.0
4802.0	3.0
4804.0	1.0
4805.0	1.0
4806.0	3.0
4807.0	1.0
4808.0	3.0
4809.0	1.0
4810.0	2.0
4811.0	4.0
4812.0	2.0
4813.0	1.0
4814.0	5.0
4815.0	1.0
4816.0	1.0
4817.0	2.0
4818.0	2.0
4819.0	2.0
4821.0	1.0
4822.0	1.0
4823.0	3.0
4824.0	2.0
4825.0	4.0
4828.0	3.0
4829.0	3.0
4830.0	1.0
4831.0	4.0
4832.0	2.0
4833.0	1.0
4834.0	1.0
4836.0	2.0
4838.0	1.0
4839.0	1.0
4840.0	3.0
4841.0	1.0
4843.0	3.0
4844.0	1.0
4845.0	1.0
4846.0	1.0
4847.0	2.0
4848.0	2.0
4850.0	2.0
4852.0	1.0
4854.0	2.0
4855.0	1.0
4856.0	1.0
4857.0	2.0
4858.0	2.0
4859.0	2.0
4862.0	2.0
4864.0	2.0
4866.0	2.0
4867.0	1.0
4868.0	1.0
4870.0	1.0
4871.0	1.0
4872.0	2.0
4873.0	1.0
4874.0	2.0
4875.0	1.0
4876.0	1.0
4879.0	2.0
4880.0	2.0
4881.0	2.0
4883.0	1.0
4884.0	1.0
4885.0	1.0
4886.0	2.0
4887.0	1.0
4888.0	1.0
4890.0	1.0
4892.0	1.0
4893.0	3.0
4894.0	1.0
4895.0	1.0
4896.0	1.0
4897.0	1.0
4898.0	1.0
4899.0	3.0
4901.0	2.0
4902.0	1.0
4903.0	2.0
4904.0	2.0
4905.0	1.0
4906.0	2.0
4907.0	3.0
4908.0	2.0
4909.0	1.0
4910.0	1.0
4912.0	2.0
4913.0	1.0
4915.0	5.0
4916.0	2.0
4917.0	2.0
4918.0	1.0
4922.0	1.0
4924.0	1.0
4925.0	5.0
4926.0	1.0
4927.0	3.0
4928.0	2.0
4929.0	3.0
4931.0	1.0
4936.0	2.0
4937.0	1.0
4938.0	1.0
4939.0	2.0
4940.0	1.0
4941.0	2.0
4942.0	1.0
4943.0	1.0
4944.0	2.0
4946.0	1.0
4947.0	2.0
4949.0	2.0
4950.0	3.0
4951.0	2.0
4953.0	3.0
4954.0	2.0
4955.0	1.0
4956.0	3.0
4957.0	1.0
4958.0	3.0
4960.0	3.0
4961.0	1.0
4962.0	1.0
4964.0	3.0
4967.0	1.0
4968.0	1.0
4969.0	1.0
4970.0	1.0
4975.0	1.0
4976.0	2.0
4977.0	2.0
4978.0	3.0
4979.0	1.0
4980.0	1.0
4981.0	1.0
4983.0	1.0
4984.0	3.0
4986.0	2.0
4987.0	1.0
4991.0	2.0
4992.0	1.0
4994.0	2.0
4995.0	2.0
4996.0	3.0
4997.0	1.0
4998.0	2.0
4999.0	3.0
5000.0	1.0
5002.0	4.0
5003.0	2.0
5004.0	1.0
5007.0	1.0
5008.0	1.0
5011.0	3.0
5012.0	1.0
5016.0	1.0
5017.0	3.0
5018.0	1.0
5019.0	1.0
5021.0	3.0
5023.0	3.0
5024.0	1.0
5025.0	1.0
5026.0	1.0
5027.0	1.0
5028.0	1.0
5030.0	3.0
5032.0	1.0
5033.0	3.0
5035.0	2.0
5036.0	2.0
5037.0	1.0
5038.0	1.0
5039.0	1.0
5040.0	1.0
5041.0	1.0
5042.0	1.0
5044.0	1.0
5045.0	2.0
5046.0	2.0
5047.0	2.0
5051.0	1.0
5053.0	3.0
5057.0	2.0
5058.0	2.0
5059.0	1.0
5060.0	3.0
5062.0	1.0
5064.0	2.0
5065.0	1.0
5068.0	1.0
5069.0	3.0
5070.0	1.0
5072.0	1.0
5073.0	3.0
5075.0	2.0
5076.0	2.0
5077.0	2.0
5081.0	2.0
5082.0	1.0
5083.0	1.0
5087.0	1.0
5088.0	4.0
5089.0	2.0
5093.0	2.0
5094.0	3.0
5098.0	1.0
5100.0	1.0
5104.0	2.0
5105.0	2.0
5107.0	1.0
5108.0	1.0
5109.0	3.0
5111.0	1.0
5113.0	1.0
5115.0	2.0
5121.0	1.0
5122.0	3.0
5123.0	2.0
5124.0	2.0
5125.0	1.0
5127.0	1.0
5131.0	1.0
5132.0	1.0
5135.0	1.0
5136.0	3.0
5137.0	2.0
5138.0	2.0
5139.0	1.0
5140.0	2.0
5141.0	1.0
5142.0	1.0
5143.0	2.0
5144.0	2.0
5146.0	3.0
5148.0	1.0
5152.0	2.0
5154.0	1.0
5155.0	1.0
5156.0	1.0
5157.0	1.0
5158.0	1.0
5159.0	2.0
5160.0	1.0
5161.0	4.0
5163.0	1.0
5164.0	3.0
5165.0	2.0
5166.0	2.0
5167.0	1.0
5170.0	2.0
5171.0	1.0
5172.0	2.0
5173.0	1.0
5174.0	2.0
5175.0	2.0
5177.0	2.0
5178.0	1.0
5180.0	1.0
5182.0	2.0
5183.0	2.0
5184.0	1.0
5185.0	1.0
5186.0	2.0
5189.0	2.0
5190.0	1.0
5191.0	2.0
5194.0	4.0
5195.0	1.0
5196.0	1.0
5197.0	2.0
5198.0	1.0
5200.0	2.0
5203.0	4.0
5204.0	1.0
5205.0	2.0
5207.0	1.0
5209.0	1.0
5210.0	1.0
5213.0	2.0
5214.0	2.0
5215.0	1.0
5216.0	2.0
5218.0	2.0
5219.0	2.0
5220.0	1.0
5221.0	1.0
5224.0	1.0
5226.0	1.0
5227.0	2.0
5228.0	2.0
5229.0	1.0
5230.0	1.0
5231.0	1.0
5232.0	2.0
5233.0	2.0
5234.0	1.0
5236.0	2.0
5239.0	1.0
5241.0	1.0
5243.0	1.0
5244.0	2.0
5245.0	1.0
5248.0	2.0
5251.0	1.0
5253.0	1.0
5255.0	3.0
5257.0	1.0
5259.0	1.0
5261.0	2.0
5262.0	4.0
5263.0	3.0
5264.0	1.0
5266.0	2.0
5269.0	2.0
5270.0	4.0
5271.0	2.0
5273.0	1.0
5274.0	2.0
5275.0	2.0
5276.0	2.0
5277.0	3.0
5280.0	1.0
5282.0	1.0
5283.0	1.0
5284.0	1.0
5285.0	2.0
5286.0	1.0
5287.0	1.0
5288.0	1.0
5289.0	2.0
5291.0	5.0
5292.0	2.0
5293.0	1.0
5296.0	1.0
5297.0	3.0
5298.0	3.0
5299.0	1.0
5300.0	2.0
5301.0	4.0
5302.0	2.0
5305.0	2.0
5307.0	1.0
5308.0	1.0
5309.0	1.0
5310.0	1.0
5311.0	2.0
5313.0	1.0
5314.0	1.0
5315.0	1.0
5316.0	1.0
5318.0	1.0
5320.0	2.0
5322.0	1.0
5323.0	2.0
5324.0	2.0
5327.0	2.0
5328.0	1.0
5329.0	1.0
5330.0	1.0
5332.0	2.0
5333.0	4.0
5335.0	1.0
5336.0	1.0
5337.0	1.0
5342.0	3.0
5345.0	1.0
5346.0	1.0
5348.0	2.0
5350.0	1.0
5351.0	1.0
5352.0	1.0
5355.0	1.0
5356.0	3.0
5365.0	3.0
5366.0	1.0
5367.0	2.0
5369.0	1.0
5370.0	1.0
5371.0	1.0
5372.0	2.0
5373.0	1.0
5380.0	1.0
5381.0	1.0
5382.0	2.0
5383.0	2.0
5385.0	1.0
5388.0	1.0
5389.0	1.0
5391.0	2.0
5392.0	3.0
5397.0	3.0
5398.0	4.0
5399.0	1.0
5400.0	1.0
5401.0	1.0
5402.0	1.0
5404.0	2.0
5405.0	2.0
5406.0	2.0
5412.0	1.0
5414.0	2.0
5415.0	1.0
5419.0	1.0
5420.0	2.0
5422.0	3.0
5423.0	1.0
5424.0	2.0
5425.0	1.0
5427.0	1.0
5429.0	1.0
5430.0	2.0
5431.0	3.0
5433.0	2.0
5435.0	1.0
5436.0	3.0
5437.0	2.0
5438.0	2.0
5439.0	1.0
5442.0	2.0
5443.0	2.0
5445.0	1.0
5447.0	2.0
5449.0	1.0
5453.0	1.0
5454.0	1.0
5459.0	1.0
5460.0	1.0
5461.0	2.0
5462.0	2.0
5463.0	1.0
5464.0	2.0
5465.0	2.0
5467.0	2.0
5468.0	2.0
5470.0	1.0
5471.0	2.0
5472.0	1.0
5473.0	3.0
5476.0	1.0
5477.0	1.0
5478.0	1.0
5479.0	2.0
5480.0	2.0
5482.0	1.0
5484.0	1.0
5485.0	1.0
5486.0	1.0
5487.0	2.0
5488.0	1.0
5489.0	1.0
5490.0	3.0
5491.0	1.0
5492.0	2.0
5493.0	3.0
5495.0	2.0
5496.0	2.0
5497.0	1.0
5498.0	1.0
5499.0	2.0
5503.0	1.0
5504.0	2.0
5507.0	2.0
5508.0	1.0
5509.0	1.0
5514.0	1.0
5515.0	1.0
5517.0	1.0
5518.0	1.0
5519.0	2.0
5521.0	1.0
5522.0	2.0
5523.0	1.0
5524.0	1.0
5525.0	1.0
5526.0	3.0
5527.0	1.0
5531.0	1.0
5534.0	1.0
5535.0	1.0
5536.0	2.0
5538.0	1.0
5539.0	2.0
5543.0	1.0
5549.0	1.0
5551.0	1.0
5552.0	3.0
5553.0	2.0
5554.0	1.0
5555.0	1.0
5558.0	1.0
5561.0	2.0
5563.0	1.0
5565.0	1.0
5567.0	4.0
5569.0	2.0
5570.0	1.0
5571.0	2.0
5572.0	3.0
5575.0	2.0
5577.0	1.0
5580.0	1.0
5582.0	1.0
5583.0	1.0
5584.0	2.0
5585.0	1.0
5586.0	2.0
5587.0	1.0
5588.0	1.0
5589.0	1.0
5591.0	2.0
5592.0	3.0
5595.0	1.0
5598.0	2.0
5599.0	1.0
5600.0	1.0
5602.0	1.0
5605.0	1.0
5606.0	1.0
5607.0	1.0
5608.0	2.0
5609.0	1.0
5610.0	1.0
5611.0	1.0
5613.0	3.0
5614.0	1.0
5620.0	4.0
5621.0	2.0
5622.0	1.0
5623.0	1.0
5624.0	2.0
5625.0	2.0
5626.0	1.0
5627.0	1.0
5629.0	2.0
5631.0	1.0
5632.0	2.0
5635.0	2.0
5636.0	1.0
5640.0	1.0
5642.0	1.0
5645.0	2.0
5646.0	1.0
5647.0	1.0
5648.0	2.0
5649.0	2.0
5652.0	2.0
5653.0	4.0
5654.0	1.0
5658.0	1.0
5659.0	1.0
5660.0	1.0
5661.0	1.0
5666.0	1.0
5667.0	2.0
5669.0	2.0
5670.0	2.0
5671.0	4.0
5672.0	1.0
5676.0	1.0
5677.0	1.0
5679.0	1.0
5680.0	2.0
5685.0	1.0
5686.0	1.0
5687.0	1.0
5690.0	1.0
5692.0	1.0
5693.0	1.0
5700.0	1.0
5701.0	1.0
5707.0	2.0
5708.0	1.0
5711.0	1.0
5712.0	1.0
5715.0	1.0
5717.0	1.0
5718.0	1.0
5719.0	2.0
5726.0	1.0
5729.0	1.0
5730.0	1.0
5731.0	1.0
5733.0	2.0
5734.0	2.0
5735.0	2.0
5737.0	4.0
5738.0	1.0
5741.0	2.0
5742.0	1.0
5743.0	1.0
5744.0	1.0
5748.0	2.0
5752.0	1.0
5755.0	1.0
5759.0	2.0
5760.0	1.0
5762.0	2.0
5766.0	1.0
5767.0	3.0
5768.0	1.0
5771.0	1.0
5773.0	1.0
5775.0	1.0
5778.0	1.0
5779.0	2.0
5780.0	2.0
5781.0	1.0
5784.0	1.0
5785.0	2.0
5786.0	1.0
5787.0	4.0
5789.0	1.0
5790.0	1.0
5791.0	2.0
5792.0	1.0
5793.0	1.0
5797.0	1.0
5799.0	1.0
5800.0	1.0
5802.0	1.0
5803.0	2.0
5805.0	1.0
5808.0	3.0
5811.0	2.0
5812.0	2.0
5813.0	1.0
5814.0	1.0
5816.0	1.0
5818.0	1.0
5820.0	1.0
5821.0	1.0
5822.0	1.0
5824.0	1.0
5828.0	1.0
5830.0	1.0
5831.0	1.0
5833.0	3.0
5835.0	2.0
5838.0	1.0
5840.0	1.0
5841.0	2.0
5845.0	1.0
5847.0	2.0
5848.0	2.0
5849.0	1.0
5851.0	2.0
5852.0	1.0
5853.0	2.0
5854.0	1.0
5856.0	2.0
5857.0	1.0
5860.0	2.0
5861.0	2.0
5862.0	1.0
5864.0	2.0
5865.0	1.0
5868.0	1.0
5872.0	1.0
5873.0	1.0
5874.0	1.0
5875.0	1.0
5876.0	2.0
5877.0	2.0
5878.0	1.0
5880.0	1.0
5881.0	1.0
5882.0	1.0
5883.0	1.0
5884.0	1.0
5885.0	3.0
5886.0	1.0
5888.0	2.0
5890.0	1.0
5892.0	1.0
5895.0	1.0
5896.0	2.0
5897.0	1.0
5901.0	1.0
5902.0	1.0
5903.0	1.0
5904.0	2.0
5905.0	1.0
5907.0	1.0
5911.0	1.0
5912.0	1.0
5914.0	1.0
5916.0	1.0
5917.0	2.0
5918.0	1.0
5919.0	1.0
5920.0	5.0
5921.0	1.0
5922.0	1.0
5923.0	1.0
5924.0	1.0
5925.0	1.0
5926.0	2.0
5927.0	2.0
5930.0	3.0
5938.0	3.0
5939.0	2.0
5940.0	1.0
5942.0	2.0
5943.0	1.0
5946.0	2.0
5947.0	1.0
5948.0	1.0
5952.0	1.0
5953.0	1.0
5955.0	1.0
5956.0	2.0
5957.0	2.0
5958.0	2.0
5959.0	1.0
5960.0	3.0
5961.0	2.0
5963.0	2.0
5965.0	1.0
5968.0	1.0
5969.0	1.0
5970.0	2.0
5972.0	2.0
5973.0	1.0
5974.0	1.0
5975.0	2.0
5976.0	1.0
5977.0	1.0
5980.0	1.0
5981.0	2.0
5982.0	1.0
5983.0	1.0
5986.0	2.0
5987.0	1.0
5988.0	2.0
5990.0	1.0
5991.0	2.0
5992.0	3.0
5993.0	2.0
5994.0	1.0
5996.0	2.0
5997.0	1.0
6000.0	1.0
6001.0	2.0
6003.0	4.0
6004.0	1.0
6005.0	2.0
6006.0	2.0
6007.0	1.0
6009.0	1.0
6011.0	1.0
6014.0	1.0
6016.0	2.0
6017.0	1.0
6019.0	1.0
6020.0	1.0
6023.0	3.0
6026.0	1.0
6027.0	1.0
6028.0	2.0
6029.0	1.0
6031.0	3.0
6032.0	2.0
6033.0	2.0
6034.0	1.0
6039.0	1.0
6040.0	1.0
6042.0	1.0
6043.0	1.0
6046.0	1.0
6047.0	3.0
6049.0	1.0
6050.0	2.0
6053.0	1.0
6055.0	1.0
6057.0	1.0
6059.0	1.0
6060.0	1.0
6063.0	1.0
6064.0	2.0
6065.0	2.0
6066.0	2.0
6068.0	3.0
6070.0	1.0
6071.0	2.0
6072.0	1.0
6073.0	1.0
6074.0	1.0
6075.0	1.0
6076.0	1.0
6079.0	1.0
6081.0	1.0
6082.0	1.0
6083.0	1.0
6086.0	1.0
6087.0	1.0
6090.0	2.0
6093.0	1.0
6094.0	3.0
6095.0	1.0
6096.0	2.0
6097.0	1.0
6098.0	1.0
6100.0	1.0
6107.0	1.0
6109.0	2.0
6111.0	2.0
6114.0	1.0
6117.0	1.0
6119.0	1.0
6120.0	1.0
6121.0	2.0
6122.0	1.0
6127.0	4.0
6128.0	1.0
6129.0	1.0
6131.0	4.0
6132.0	1.0
6133.0	2.0
6136.0	1.0
6137.0	1.0
6140.0	1.0
6141.0	1.0
6142.0	2.0
6144.0	1.0
6148.0	3.0
6150.0	3.0
6151.0	2.0
6152.0	3.0
6154.0	1.0
6155.0	1.0
6157.0	1.0
6158.0	1.0
6159.0	1.0
6160.0	1.0
6161.0	1.0
6163.0	1.0
6166.0	1.0
6169.0	2.0
6171.0	1.0
6173.0	2.0
6174.0	1.0
6176.0	1.0
6178.0	4.0
6179.0	1.0
6183.0	4.0
6185.0	3.0
6191.0	1.0
6192.0	1.0
6194.0	1.0
6197.0	1.0
6198.0	1.0
6201.0	2.0
6202.0	3.0
6205.0	1.0
6208.0	2.0
6209.0	1.0
6211.0	1.0
6212.0	1.0
6213.0	1.0
6214.0	2.0
6217.0	1.0
6218.0	1.0
6219.0	1.0
6223.0	1.0
6226.0	2.0
6227.0	2.0
6228.0	2.0
6229.0	2.0
6230.0	2.0
6231.0	1.0
6233.0	2.0
6234.0	3.0
6236.0	2.0
6239.0	1.0
6244.0	1.0
6246.0	1.0
6247.0	2.0
6251.0	1.0
6252.0	4.0
6253.0	1.0
6254.0	1.0
6255.0	1.0
6256.0	1.0
6257.0	2.0
6260.0	2.0
6261.0	1.0
6262.0	2.0
6267.0	2.0
6270.0	2.0
6273.0	1.0
6276.0	1.0
6278.0	2.0
6279.0	1.0
6280.0	2.0
6281.0	1.0
6282.0	1.0
6284.0	1.0
6287.0	1.0
6289.0	2.0
6291.0	2.0
6292.0	2.0
6293.0	2.0
6294.0	1.0
6295.0	2.0
6296.0	4.0
6297.0	2.0
6298.0	3.0
6300.0	2.0
6307.0	2.0
6308.0	2.0
6309.0	1.0
6310.0	1.0
6311.0	1.0
6313.0	2.0
6319.0	3.0
6323.0	3.0
6325.0	2.0
6326.0	2.0
6328.0	1.0
6330.0	1.0
6331.0	1.0
6332.0	1.0
6333.0	1.0
6335.0	1.0
6337.0	1.0
6338.0	1.0
6339.0	1.0
6341.0	1.0
6345.0	2.0
6346.0	2.0
6349.0	1.0
6350.0	1.0
6354.0	1.0
6355.0	1.0
6357.0	1.0
6358.0	1.0
6363.0	1.0
6364.0	1.0
6367.0	2.0
6368.0	2.0
6369.0	1.0
6370.0	1.0
6372.0	1.0
6373.0	1.0
6376.0	1.0
6380.0	1.0
6381.0	1.0
6383.0	1.0
6389.0	1.0
6390.0	1.0
6398.0	1.0
6400.0	2.0
6401.0	3.0
6404.0	1.0
6408.0	3.0
6410.0	2.0
6414.0	1.0
6416.0	2.0
6417.0	1.0
6420.0	1.0
6424.0	1.0
6427.0	2.0
6428.0	1.0
6429.0	2.0
6430.0	1.0
6433.0	3.0
6437.0	1.0
6438.0	1.0
6439.0	1.0
6440.0	1.0
6445.0	1.0
6446.0	2.0
6448.0	1.0
6449.0	1.0
6456.0	2.0
6457.0	2.0
6458.0	1.0
6462.0	1.0
6463.0	1.0
6466.0	1.0
6467.0	1.0
6468.0	2.0
6469.0	1.0
6470.0	1.0
6471.0	2.0
6472.0	1.0
6478.0	2.0
6479.0	1.0
6480.0	2.0
6481.0	1.0
6483.0	1.0
6487.0	2.0
6489.0	1.0
6490.0	1.0
6492.0	1.0
6496.0	1.0
6499.0	2.0
6500.0	1.0
6501.0	2.0
6502.0	2.0
6503.0	3.0
6506.0	2.0
6511.0	1.0
6512.0	1.0
6514.0	2.0
6516.0	1.0
6517.0	2.0
6518.0	1.0
6519.0	2.0
6521.0	1.0
6523.0	1.0
6524.0	1.0
6530.0	1.0
6531.0	2.0
6533.0	1.0
6535.0	4.0
6536.0	1.0
6537.0	1.0
6542.0	1.0
6543.0	2.0
6545.0	1.0
6546.0	3.0
6547.0	1.0
6548.0	1.0
6549.0	1.0
6550.0	1.0
6551.0	1.0
6552.0	2.0
6553.0	1.0
6554.0	1.0
6555.0	1.0
6556.0	1.0
6557.0	1.0
6558.0	2.0
6560.0	1.0
6562.0	1.0
6563.0	1.0
6565.0	2.0
6566.0	1.0
6567.0	2.0
6569.0	2.0
6570.0	1.0
6571.0	1.0
6573.0	1.0
6574.0	2.0
6577.0	2.0
6579.0	2.0
6584.0	1.0
6586.0	1.0
6587.0	1.0
6588.0	2.0
6589.0	3.0
6591.0	1.0
6593.0	1.0
6594.0	1.0
6597.0	3.0
6598.0	4.0
6599.0	1.0
6606.0	1.0
6609.0	1.0
6610.0	1.0
6611.0	2.0
6612.0	1.0
6613.0	1.0
6614.0	1.0
6617.0	1.0
6622.0	1.0
6626.0	1.0
6628.0	1.0
6630.0	1.0
6631.0	3.0
6632.0	2.0
6633.0	1.0
6638.0	1.0
6640.0	3.0
6642.0	1.0
6643.0	2.0
6644.0	2.0
6645.0	3.0
6646.0	1.0
6649.0	1.0
6651.0	1.0
6653.0	1.0
6654.0	1.0
6656.0	2.0
6657.0	2.0
6658.0	1.0
6659.0	1.0
6662.0	3.0
6665.0	2.0
6666.0	2.0
6670.0	1.0
6673.0	4.0
6676.0	1.0
6678.0	1.0
6679.0	2.0
6680.0	3.0
6683.0	1.0
6684.0	1.0
6685.0	1.0
6687.0	2.0
6689.0	3.0
6690.0	1.0
6692.0	2.0
6693.0	1.0
6694.0	1.0
6696.0	2.0
6697.0	3.0
6699.0	1.0
6701.0	1.0
6704.0	1.0
6705.0	2.0
6707.0	1.0
6708.0	1.0
6709.0	1.0
6710.0	2.0
6711.0	1.0
6713.0	1.0
6714.0	1.0
6716.0	1.0
6717.0	2.0
6718.0	1.0
6720.0	1.0
6721.0	1.0
6722.0	1.0
6723.0	1.0
6724.0	1.0
6725.0	1.0
6728.0	1.0
6729.0	1.0
6735.0	1.0
6737.0	1.0
6738.0	1.0
6739.0	3.0
6741.0	2.0
6743.0	1.0
6744.0	1.0
6745.0	1.0
6746.0	1.0
6747.0	1.0
6748.0	1.0
6749.0	1.0
6753.0	2.0
6754.0	1.0
6756.0	1.0
6757.0	2.0
6758.0	1.0
6761.0	2.0
6763.0	1.0
6766.0	1.0
6767.0	1.0
6771.0	1.0
6773.0	1.0
6775.0	1.0
6779.0	3.0
6780.0	1.0
6783.0	1.0
6784.0	1.0
6785.0	1.0
6791.0	1.0
6792.0	1.0
6793.0	1.0
6794.0	2.0
6796.0	1.0
6801.0	1.0
6802.0	1.0
6803.0	1.0
6805.0	1.0
6806.0	1.0
6807.0	2.0
6810.0	2.0
6811.0	1.0
6813.0	2.0
6815.0	1.0
6818.0	1.0
6819.0	1.0
6822.0	1.0
6827.0	3.0
6830.0	1.0
6833.0	1.0
6835.0	3.0
6838.0	1.0
6839.0	2.0
6843.0	1.0
6845.0	2.0
6846.0	1.0
6848.0	4.0
6849.0	1.0
6851.0	2.0
6852.0	1.0
6854.0	1.0
6858.0	2.0
6863.0	1.0
6864.0	1.0
6866.0	1.0
6874.0	1.0
6875.0	2.0
6876.0	1.0
6879.0	1.0
6882.0	2.0
6885.0	2.0
6886.0	1.0
6889.0	1.0
6890.0	1.0
6894.0	1.0
6895.0	3.0
6896.0	1.0
6899.0	1.0
6900.0	2.0
6903.0	1.0
6906.0	1.0
6915.0	1.0
6917.0	1.0
6918.0	1.0
6920.0	1.0
6923.0	1.0
6928.0	1.0
6929.0	1.0
6934.0	2.0
6936.0	2.0
6938.0	1.0
6939.0	1.0
6940.0	1.0
6941.0	1.0
6948.0	2.0
6954.0	2.0
6955.0	1.0
6956.0	1.0
6958.0	1.0
6961.0	1.0
6962.0	1.0
6964.0	1.0
6972.0	2.0
6974.0	1.0
6975.0	1.0
6981.0	1.0
6982.0	1.0
6992.0	1.0
6995.0	1.0
6996.0	2.0
6997.0	3.0
6999.0	1.0
7002.0	1.0
7005.0	2.0
7006.0	1.0
7007.0	1.0
7008.0	2.0
7009.0	1.0
7011.0	1.0
7013.0	1.0
7016.0	1.0
7018.0	1.0
7020.0	2.0
7022.0	2.0
7023.0	2.0
7025.0	1.0
7026.0	1.0
7029.0	1.0
7031.0	2.0
7032.0	2.0
7036.0	1.0
7037.0	3.0
7038.0	1.0
7040.0	1.0
7041.0	1.0
7043.0	1.0
7045.0	2.0
7046.0	1.0
7047.0	1.0
7049.0	1.0
7050.0	1.0
7051.0	1.0
7052.0	2.0
7057.0	1.0
7059.0	1.0
7060.0	1.0
7061.0	2.0
7062.0	1.0
7064.0	1.0
7065.0	1.0
7070.0	1.0
7072.0	1.0
7074.0	1.0
7075.0	2.0
7076.0	1.0
7077.0	1.0
7081.0	1.0
7082.0	2.0
7085.0	1.0
7087.0	1.0
7088.0	1.0
7090.0	1.0
7091.0	1.0
7092.0	1.0
7093.0	1.0
7099.0	2.0
7100.0	2.0
7101.0	1.0
7103.0	3.0
7104.0	2.0
7106.0	1.0
7107.0	1.0
7109.0	1.0
7111.0	2.0
7117.0	2.0
7119.0	1.0
7125.0	1.0
7127.0	1.0
7128.0	2.0
7132.0	1.0
7136.0	1.0
7137.0	3.0
7138.0	1.0
7139.0	1.0
7140.0	2.0
7143.0	2.0
7147.0	1.0
7148.0	1.0
7150.0	1.0
7152.0	1.0
7154.0	3.0
7155.0	1.0
7156.0	1.0
7158.0	1.0
7159.0	1.0
7164.0	3.0
7165.0	2.0
7167.0	1.0
7171.0	1.0
7176.0	2.0
7179.0	1.0
7180.0	1.0
7181.0	4.0
7183.0	1.0
7184.0	4.0
7185.0	2.0
7186.0	1.0
7187.0	2.0
7190.0	1.0
7192.0	1.0
7193.0	1.0
7194.0	1.0
7195.0	2.0
7200.0	1.0
7204.0	1.0
7206.0	1.0
7208.0	1.0
7213.0	1.0
7215.0	1.0
7217.0	1.0
7221.0	1.0
7223.0	1.0
7224.0	1.0
7225.0	1.0
7227.0	1.0
7228.0	1.0
7229.0	1.0
7233.0	1.0
7234.0	1.0
7236.0	1.0
7237.0	1.0
7238.0	2.0
7239.0	1.0
7240.0	1.0
7247.0	1.0
7250.0	1.0
7251.0	2.0
7252.0	1.0
7256.0	1.0
7257.0	1.0
7258.0	1.0
7262.0	1.0
7266.0	1.0
7267.0	3.0
7279.0	1.0
7280.0	1.0
7283.0	1.0
7285.0	2.0
7286.0	1.0
7287.0	2.0
7290.0	1.0
7293.0	2.0
7297.0	1.0
7298.0	1.0
7299.0	1.0
7303.0	1.0
7304.0	1.0
7305.0	1.0
7306.0	1.0
7308.0	1.0
7309.0	1.0
7311.0	3.0
7312.0	1.0
7313.0	1.0
7319.0	1.0
7323.0	1.0
7328.0	1.0
7330.0	2.0
7333.0	1.0
7336.0	1.0
7337.0	1.0
7341.0	1.0
7342.0	1.0
7343.0	1.0
7344.0	1.0
7347.0	1.0
7348.0	1.0
7349.0	2.0
7350.0	1.0
7353.0	1.0
7356.0	2.0
7357.0	2.0
7360.0	1.0
7361.0	1.0
7362.0	3.0
7363.0	1.0
7364.0	2.0
7365.0	2.0
7368.0	1.0
7369.0	1.0
7372.0	2.0
7373.0	2.0
7378.0	1.0
7379.0	1.0
7381.0	1.0
7382.0	1.0
7383.0	1.0
7394.0	2.0
7395.0	1.0
7396.0	2.0
7398.0	1.0
7400.0	1.0
7402.0	1.0
7403.0	1.0
7404.0	2.0
7405.0	2.0
7408.0	3.0
7409.0	1.0
7410.0	1.0
7415.0	1.0
7416.0	2.0
7420.0	1.0
7421.0	1.0
7427.0	2.0
7432.0	2.0
7433.0	3.0
7436.0	1.0
7440.0	1.0
7441.0	1.0
7445.0	1.0
7446.0	1.0
7448.0	1.0
7450.0	2.0
7451.0	3.0
7452.0	1.0
7453.0	1.0
7454.0	1.0
7455.0	2.0
7458.0	1.0
7460.0	2.0
7465.0	1.0
7466.0	2.0
7467.0	1.0
7468.0	1.0
7473.0	1.0
7475.0	2.0
7478.0	2.0
7480.0	1.0
7485.0	1.0
7487.0	1.0
7491.0	1.0
7493.0	1.0
7495.0	2.0
7501.0	3.0
7503.0	2.0
7506.0	1.0
7507.0	2.0
7508.0	2.0
7509.0	1.0
7510.0	1.0
7512.0	1.0
7516.0	2.0
7517.0	2.0
7519.0	1.0
7524.0	1.0
7525.0	2.0
7526.0	1.0
7528.0	2.0
7529.0	1.0
7530.0	2.0
7535.0	1.0
7536.0	2.0
7537.0	1.0
7543.0	1.0
7545.0	1.0
7546.0	1.0
7550.0	2.0
7551.0	1.0
7552.0	2.0
7559.0	1.0
7560.0	2.0
7561.0	1.0
7562.0	1.0
7565.0	1.0
7566.0	1.0
7567.0	1.0
7568.0	1.0
7573.0	1.0
7576.0	1.0
7580.0	1.0
7581.0	1.0
7582.0	3.0
7586.0	1.0
7592.0	1.0
7595.0	1.0
7596.0	2.0
7597.0	1.0
7598.0	1.0
7601.0	1.0
7603.0	1.0
7605.0	1.0
7606.0	2.0
7608.0	1.0
7609.0	1.0
7610.0	2.0
7611.0	1.0
7612.0	1.0
7616.0	1.0
7617.0	2.0
7619.0	2.0
7621.0	2.0
7624.0	1.0
7625.0	1.0
7627.0	4.0
7628.0	1.0
7632.0	1.0
7633.0	2.0
7638.0	2.0
7640.0	1.0
7642.0	2.0
7645.0	1.0
7649.0	2.0
7654.0	1.0
7656.0	1.0
7660.0	1.0
7666.0	1.0
7667.0	1.0
7670.0	1.0
7675.0	1.0
7678.0	2.0
7680.0	1.0
7681.0	1.0
7682.0	1.0
7684.0	2.0
7685.0	2.0
7686.0	1.0
7689.0	1.0
7690.0	1.0
7694.0	1.0
7695.0	1.0
7704.0	1.0
7706.0	1.0
7707.0	1.0
7715.0	2.0
7716.0	2.0
7717.0	1.0
7720.0	1.0
7721.0	1.0
7722.0	1.0
7723.0	1.0
7725.0	1.0
7728.0	1.0
7730.0	3.0
7732.0	1.0
7734.0	1.0
7740.0	1.0
7741.0	1.0
7742.0	1.0
7746.0	2.0
7748.0	1.0
7750.0	1.0
7752.0	2.0
7753.0	1.0
7754.0	1.0
7755.0	1.0
7756.0	2.0
7757.0	1.0
7760.0	1.0
7762.0	1.0
7763.0	1.0
7765.0	1.0
7766.0	2.0
7767.0	1.0
7768.0	1.0
7769.0	2.0
7770.0	2.0
7771.0	1.0
7772.0	1.0
7777.0	1.0
7779.0	1.0
7780.0	1.0
7781.0	1.0
7782.0	1.0
7784.0	1.0
7785.0	1.0
7786.0	1.0
7787.0	1.0
7788.0	1.0
7789.0	1.0
7790.0	1.0
7791.0	2.0
7792.0	1.0
7793.0	2.0
7798.0	1.0
7800.0	1.0
7804.0	1.0
7806.0	1.0
7808.0	1.0
7811.0	1.0
7815.0	3.0
7817.0	1.0
7818.0	1.0
7822.0	1.0
7824.0	1.0
7829.0	1.0
7832.0	1.0
7834.0	1.0
7835.0	1.0
7836.0	1.0
7837.0	1.0
7839.0	1.0
7841.0	1.0
7843.0	3.0
7846.0	1.0
7850.0	1.0
7852.0	2.0
7853.0	1.0
7855.0	1.0
7857.0	1.0
7862.0	1.0
7865.0	1.0
7868.0	1.0
7872.0	1.0
7873.0	1.0
7875.0	2.0
7878.0	2.0
7880.0	1.0
7889.0	2.0
7891.0	1.0
7894.0	1.0
7898.0	1.0
7900.0	1.0
7901.0	2.0
7904.0	2.0
7912.0	2.0
7913.0	2.0
7914.0	1.0
7915.0	2.0
7920.0	1.0
7924.0	2.0
7931.0	1.0
7932.0	2.0
7934.0	1.0
7941.0	2.0
7943.0	1.0
7945.0	1.0
7949.0	1.0
7951.0	1.0
7953.0	2.0
7954.0	2.0
7955.0	1.0
7960.0	1.0
7962.0	4.0
7967.0	1.0
7968.0	1.0
7976.0	3.0
7980.0	1.0
7981.0	1.0
7983.0	1.0
7988.0	1.0
7993.0	1.0
7994.0	1.0
7995.0	1.0
7996.0	1.0
7997.0	1.0
7999.0	2.0
8003.0	1.0
8008.0	1.0
8009.0	2.0
8013.0	2.0
8016.0	3.0
8017.0	1.0
8020.0	1.0
8021.0	1.0
8022.0	2.0
8023.0	2.0
8026.0	1.0
8028.0	1.0
8029.0	1.0
8031.0	1.0
8032.0	1.0
8037.0	1.0
8039.0	1.0
8040.0	1.0
8044.0	1.0
8047.0	1.0
8050.0	1.0
8054.0	1.0
8055.0	2.0
8056.0	1.0
8061.0	1.0
8062.0	1.0
8065.0	1.0
8068.0	1.0
8071.0	1.0
8073.0	1.0
8074.0	1.0
8078.0	2.0
8080.0	1.0
8081.0	1.0
8082.0	1.0
8085.0	2.0
8086.0	2.0
8087.0	1.0
8090.0	1.0
8095.0	2.0
8097.0	1.0
8098.0	1.0
8100.0	1.0
8101.0	1.0
8104.0	1.0
8107.0	1.0
8109.0	1.0
8111.0	1.0
8115.0	1.0
8116.0	2.0
8117.0	1.0
8120.0	1.0
8121.0	1.0
8123.0	1.0
8124.0	1.0
8125.0	2.0
8126.0	3.0
8127.0	1.0
8129.0	1.0
8131.0	1.0
8132.0	2.0
8133.0	1.0
8136.0	1.0
8137.0	1.0
8141.0	1.0
8143.0	1.0
8145.0	1.0
8146.0	1.0
8148.0	2.0
8150.0	1.0
8151.0	2.0
8152.0	1.0
8153.0	1.0
8154.0	1.0
8156.0	1.0
8157.0	1.0
8159.0	1.0
8164.0	2.0
8166.0	2.0
8167.0	1.0
8168.0	1.0
8170.0	2.0
8176.0	2.0
8179.0	1.0
8181.0	2.0
8182.0	2.0
8183.0	1.0
8188.0	1.0
8189.0	1.0
8191.0	1.0
8192.0	1.0
8193.0	1.0
8195.0	1.0
8196.0	2.0
8197.0	1.0
8205.0	1.0
8208.0	2.0
8211.0	1.0
8213.0	1.0
8214.0	1.0
8220.0	1.0
8222.0	2.0
8224.0	1.0
8227.0	1.0
8228.0	1.0
8230.0	1.0
8232.0	2.0
8233.0	1.0
8237.0	2.0
8238.0	1.0
8239.0	1.0
8240.0	2.0
8242.0	1.0
8243.0	2.0
8244.0	1.0
8245.0	2.0
8247.0	1.0
8250.0	2.0
8251.0	1.0
8253.0	1.0
8255.0	4.0
8256.0	1.0
8260.0	1.0
8261.0	1.0
8263.0	1.0
8269.0	1.0
8272.0	1.0
8273.0	1.0
8274.0	1.0
8275.0	2.0
8276.0	1.0
8278.0	1.0
8281.0	1.0
8283.0	1.0
8287.0	1.0
8288.0	1.0
8290.0	1.0
8291.0	1.0
8292.0	1.0
8293.0	1.0
8298.0	1.0
8299.0	3.0
8301.0	1.0
8304.0	1.0
8305.0	1.0
8306.0	4.0
8308.0	1.0
8310.0	1.0
8312.0	1.0
8316.0	1.0
8318.0	1.0
8319.0	2.0
8320.0	1.0
8321.0	1.0
8327.0	2.0
8328.0	1.0
8329.0	1.0
8332.0	4.0
8334.0	1.0
8336.0	1.0
8338.0	1.0
8339.0	1.0
8343.0	1.0
8346.0	1.0
8347.0	1.0
8348.0	2.0
8349.0	2.0
8351.0	1.0
8355.0	1.0
8357.0	1.0
8358.0	1.0
8362.0	1.0
8366.0	1.0
8368.0	2.0
8370.0	1.0
8373.0	1.0
8374.0	1.0
8375.0	3.0
8382.0	1.0
8385.0	1.0
8387.0	2.0
8388.0	2.0
8390.0	1.0
8392.0	1.0
8393.0	1.0
8394.0	1.0
8395.0	1.0
8399.0	1.0
8401.0	1.0
8405.0	1.0
8410.0	1.0
8412.0	1.0
8414.0	1.0
8415.0	1.0
8420.0	1.0
8421.0	1.0
8422.0	2.0
8425.0	2.0
8427.0	1.0
8429.0	1.0
8433.0	1.0
8437.0	2.0
8438.0	1.0
8439.0	1.0
8443.0	1.0
8445.0	1.0
8446.0	1.0
8448.0	1.0
8450.0	1.0
8451.0	1.0
8453.0	1.0
8454.0	1.0
8455.0	2.0
8456.0	1.0
8458.0	1.0
8463.0	2.0
8466.0	1.0
8474.0	2.0
8476.0	1.0
8482.0	1.0
8483.0	1.0
8484.0	1.0
8485.0	1.0
8490.0	1.0
8492.0	3.0
8496.0	1.0
8497.0	2.0
8498.0	1.0
8500.0	1.0
8502.0	1.0
8503.0	1.0
8504.0	2.0
8510.0	1.0
8520.0	4.0
8521.0	1.0
8523.0	1.0
8526.0	1.0
8530.0	1.0
8531.0	2.0
8535.0	2.0
8537.0	2.0
8546.0	1.0
8547.0	1.0
8548.0	1.0
8549.0	1.0
8552.0	1.0
8554.0	2.0
8557.0	1.0
8558.0	1.0
8560.0	1.0
8561.0	1.0
8563.0	1.0
8564.0	1.0
8566.0	1.0
8568.0	1.0
8570.0	1.0
8571.0	1.0
8576.0	2.0
8584.0	1.0
8585.0	1.0
8589.0	2.0
8592.0	1.0
8595.0	3.0
8597.0	1.0
8607.0	1.0
8610.0	3.0
8612.0	1.0
8613.0	2.0
8615.0	3.0
8619.0	2.0
8621.0	1.0
8626.0	1.0
8628.0	1.0
8630.0	1.0
8633.0	2.0
8635.0	1.0
8636.0	1.0
8641.0	1.0
8644.0	1.0
8646.0	1.0
8652.0	1.0
8653.0	2.0
8656.0	2.0
8661.0	2.0
8665.0	1.0
8666.0	1.0
8670.0	1.0
8676.0	1.0
8678.0	2.0
8680.0	1.0
8683.0	3.0
8685.0	1.0
8686.0	1.0
8689.0	1.0
8691.0	1.0
8697.0	1.0
8698.0	1.0
8701.0	2.0
8703.0	2.0
8705.0	1.0
8706.0	1.0
8707.0	1.0
8711.0	1.0
8712.0	1.0
8717.0	1.0
8721.0	1.0
8723.0	2.0
8724.0	1.0
8725.0	1.0
8726.0	2.0
8729.0	1.0
8734.0	1.0
8741.0	1.0
8745.0	1.0
8746.0	1.0
8749.0	1.0
8752.0	2.0
8754.0	1.0
8757.0	1.0
8759.0	1.0
8764.0	2.0
8766.0	1.0
8768.0	1.0
8770.0	1.0
8774.0	1.0
8776.0	1.0
8777.0	1.0
8781.0	1.0
8782.0	1.0
8786.0	1.0
8787.0	1.0
8788.0	1.0
8791.0	2.0
8797.0	1.0
8804.0	1.0
8809.0	1.0
8812.0	1.0
8813.0	1.0
8822.0	1.0
8826.0	1.0
8828.0	1.0
8829.0	1.0
8830.0	1.0
8831.0	1.0
8835.0	2.0
8837.0	1.0
8840.0	1.0
8844.0	2.0
8851.0	2.0
8857.0	2.0
8859.0	1.0
8860.0	1.0
8863.0	1.0
8864.0	2.0
8866.0	1.0
8873.0	1.0
8881.0	1.0
8882.0	1.0
8890.0	1.0
8892.0	2.0
8895.0	1.0
8899.0	2.0
8904.0	1.0
8909.0	1.0
8921.0	2.0
8922.0	1.0
8923.0	2.0
8925.0	1.0
8927.0	1.0
8928.0	1.0
8940.0	1.0
8941.0	1.0
8945.0	1.0
8947.0	1.0
8949.0	1.0
8950.0	1.0
8962.0	2.0
8966.0	3.0
8969.0	1.0
8974.0	1.0
8976.0	1.0
8982.0	2.0
8983.0	1.0
8986.0	1.0
8988.0	1.0
8990.0	1.0
8996.0	1.0
9000.0	1.0
9007.0	1.0
9011.0	1.0
9013.0	1.0
9015.0	1.0
9019.0	2.0
9025.0	1.0
9032.0	1.0
9033.0	1.0
9034.0	1.0
9039.0	1.0
9042.0	1.0
9046.0	1.0
9048.0	1.0
9051.0	1.0
9060.0	1.0
9061.0	1.0
9063.0	1.0
9065.0	2.0
9066.0	1.0
9068.0	1.0
9077.0	2.0
9078.0	2.0
9080.0	1.0
9081.0	2.0
9083.0	1.0
9084.0	1.0
9087.0	2.0
9088.0	1.0
9089.0	1.0
9092.0	1.0
9095.0	1.0
9098.0	1.0
9100.0	1.0
9101.0	1.0
9105.0	1.0
9109.0	1.0
9110.0	1.0
9114.0	1.0
9118.0	1.0
9120.0	1.0
9121.0	1.0
9125.0	1.0
9126.0	1.0
9128.0	1.0
9132.0	2.0
9133.0	1.0
9137.0	1.0
9139.0	1.0
9149.0	1.0
9150.0	1.0
9152.0	1.0
9153.0	1.0
9158.0	1.0
9160.0	1.0
9163.0	1.0
9167.0	1.0
9169.0	1.0
9175.0	1.0
9182.0	1.0
9183.0	1.0
9185.0	1.0
9190.0	1.0
9195.0	1.0
9197.0	1.0
9211.0	1.0
9212.0	1.0
9214.0	1.0
9216.0	1.0
9219.0	2.0
9220.0	1.0
9226.0	1.0
9228.0	1.0
9229.0	1.0
9231.0	1.0
9233.0	1.0
9235.0	1.0
9236.0	1.0
9245.0	1.0
9246.0	1.0
9247.0	1.0
9252.0	1.0
9261.0	1.0
9268.0	1.0
9270.0	1.0
9271.0	2.0
9272.0	1.0
9279.0	1.0
9283.0	1.0
9286.0	1.0
9291.0	2.0
9292.0	2.0
9302.0	1.0
9306.0	2.0
9312.0	1.0
9317.0	1.0
9320.0	1.0
9322.0	1.0
9323.0	1.0
9324.0	1.0
9338.0	1.0
9341.0	1.0
9343.0	1.0
9347.0	2.0
9354.0	1.0
9364.0	1.0
9374.0	1.0
9376.0	1.0
9377.0	2.0
9378.0	1.0
9388.0	1.0
9391.0	1.0
9397.0	2.0
9398.0	1.0
9400.0	1.0
9401.0	2.0
9405.0	1.0
9408.0	1.0
9409.0	1.0
9412.0	1.0
9415.0	1.0
9422.0	1.0
9423.0	1.0
9429.0	1.0
9432.0	1.0
9433.0	1.0
9448.0	1.0
9450.0	1.0
9451.0	2.0
9453.0	2.0
9454.0	2.0
9461.0	1.0
9477.0	1.0
9483.0	1.0
9486.0	1.0
9489.0	1.0
9492.0	1.0
9494.0	1.0
9498.0	1.0
9499.0	1.0
9500.0	1.0
9510.0	2.0
9525.0	2.0
9529.0	2.0
9532.0	1.0
9533.0	1.0
9542.0	1.0
9549.0	1.0
9555.0	2.0
9563.0	1.0
9566.0	2.0
9567.0	1.0
9569.0	1.0
9572.0	1.0
9575.0	1.0
9578.0	1.0
9580.0	1.0
9586.0	1.0
9603.0	1.0
9606.0	1.0
9608.0	1.0
9610.0	2.0
9611.0	1.0
9615.0	2.0
9619.0	2.0
9630.0	1.0
9631.0	1.0
9634.0	1.0
9635.0	1.0
9639.0	1.0
9641.0	1.0
9645.0	1.0
9647.0	2.0
9653.0	1.0
9664.0	1.0
9666.0	1.0
9670.0	2.0
9675.0	2.0
9678.0	1.0
9679.0	1.0
9680.0	1.0
9682.0	2.0
9689.0	1.0
9699.0	2.0
9702.0	1.0
9704.0	1.0
9723.0	1.0
9724.0	1.0
9729.0	1.0
9731.0	1.0
9738.0	1.0
9749.0	1.0
9751.0	1.0
9753.0	1.0
9754.0	1.0
9755.0	1.0
9756.0	1.0
9757.0	1.0
9766.0	1.0
9768.0	1.0
9772.0	1.0
9775.0	1.0
9782.0	1.0
9792.0	1.0
9793.0	1.0
9802.0	1.0
9803.0	1.0
9808.0	1.0
9816.0	1.0
9820.0	1.0
9834.0	1.0
9843.0	1.0
9851.0	2.0
9854.0	1.0
9869.0	1.0
9871.0	1.0
9876.0	1.0
9889.0	1.0
9890.0	2.0
9898.0	1.0
9901.0	1.0
9911.0	1.0
9913.0	1.0
9927.0	1.0
9933.0	1.0
9941.0	1.0
9942.0	1.0
9952.0	1.0
9963.0	1.0
9966.0	2.0
9972.0	1.0
9974.0	1.0
9993.0	1.0
9996.0	1.0
9997.0	1.0
10007.0	1.0
10008.0	1.0
10018.0	1.0
10021.0	1.0
10027.0	1.0
10046.0	1.0
10052.0	1.0
10073.0	1.0
10074.0	1.0
10080.0	1.0
10082.0	1.0
10090.0	1.0
10092.0	1.0
10094.0	1.0
10114.0	2.0
10117.0	1.0
10118.0	1.0
10121.0	1.0
10124.0	1.0
10126.0	1.0
10128.0	1.0
10129.0	1.0
10135.0	1.0
10148.0	3.0
10152.0	1.0
10154.0	2.0
10156.0	1.0
10159.0	2.0
10165.0	1.0
10168.0	1.0
10171.0	1.0
10173.0	1.0
10174.0	1.0
10178.0	1.0
10181.0	1.0
10183.0	2.0
10184.0	1.0
10189.0	1.0
10192.0	1.0
10197.0	2.0
10198.0	2.0
10202.0	1.0
10203.0	1.0
10214.0	2.0
10223.0	1.0
10224.0	1.0
10225.0	1.0
10226.0	1.0
10237.0	1.0
10240.0	1.0
10244.0	1.0
10246.0	1.0
10247.0	1.0
10251.0	1.0
10261.0	1.0
10281.0	1.0
10299.0	1.0
10309.0	1.0
10313.0	1.0
10320.0	1.0
10323.0	1.0
10326.0	1.0
10334.0	1.0
10339.0	1.0
10342.0	1.0
10344.0	1.0
10349.0	1.0
10359.0	1.0
10365.0	1.0
10369.0	1.0
10380.0	1.0
10387.0	1.0
10391.0	1.0
10396.0	2.0
10400.0	3.0
10408.0	1.0
10412.0	1.0
10419.0	1.0
10420.0	1.0
10431.0	1.0
10435.0	1.0
10436.0	1.0
10439.0	1.0
10457.0	1.0
10462.0	1.0
10463.0	1.0
10465.0	1.0
10468.0	1.0
10482.0	1.0
10494.0	1.0
10503.0	1.0
10517.0	1.0
10526.0	1.0
10539.0	1.0
10543.0	1.0
10547.0	1.0
10549.0	1.0
10554.0	1.0
10564.0	1.0
10567.0	1.0
10568.0	1.0
10573.0	1.0
10575.0	1.0
10580.0	1.0
10584.0	1.0
10588.0	1.0
10592.0	1.0
10598.0	1.0
10602.0	1.0
10632.0	1.0
10640.0	1.0
10647.0	1.0
10663.0	1.0
10677.0	1.0
10683.0	1.0
10686.0	1.0
10689.0	1.0
10692.0	1.0
10698.0	1.0
10703.0	2.0
10705.0	1.0
10711.0	1.0
10725.0	1.0
10728.0	2.0
10729.0	1.0
10739.0	1.0
10741.0	1.0
10753.0	1.0
10759.0	1.0
10770.0	1.0
10778.0	1.0
10779.0	1.0
10787.0	2.0
10801.0	1.0
10804.0	1.0
10805.0	1.0
10827.0	1.0
10833.0	1.0
10841.0	1.0
10857.0	1.0
10865.0	2.0
10867.0	1.0
10875.0	1.0
10876.0	1.0
10883.0	1.0
10888.0	1.0
10905.0	1.0
10911.0	1.0
10931.0	1.0
10936.0	1.0
10939.0	1.0
10940.0	1.0
10941.0	1.0
10942.0	1.0
10944.0	1.0
10955.0	1.0
10956.0	1.0
10957.0	1.0
10960.0	1.0
10973.0	1.0
10974.0	1.0
10975.0	1.0
10978.0	1.0
10980.0	1.0
10981.0	1.0
10983.0	1.0
10990.0	1.0
10993.0	1.0
10994.0	1.0
11003.0	2.0
11009.0	1.0
11015.0	1.0
11018.0	1.0
11042.0	1.0
11044.0	1.0
11055.0	1.0
11061.0	1.0
11062.0	1.0
11068.0	2.0
11069.0	1.0
11071.0	2.0
11077.0	1.0
11084.0	1.0
11086.0	1.0
11092.0	1.0
11097.0	1.0
11099.0	1.0
11107.0	1.0
11112.0	1.0
11115.0	1.0
11116.0	1.0
11124.0	1.0
11127.0	1.0
11133.0	1.0
11148.0	2.0
11155.0	1.0
11159.0	1.0
11166.0	3.0
11177.0	1.0
11190.0	1.0
11194.0	2.0
11204.0	1.0
11210.0	1.0
11214.0	1.0
11217.0	2.0
11221.0	1.0
11232.0	1.0
11244.0	1.0
11245.0	2.0
11251.0	1.0
11254.0	1.0
11263.0	1.0
11266.0	1.0
11269.0	1.0
11275.0	1.0
11278.0	1.0
11279.0	1.0
11289.0	1.0
11294.0	1.0
11330.0	1.0
11333.0	1.0
11345.0	1.0
11351.0	2.0
11355.0	1.0
11357.0	1.0
11360.0	1.0
11369.0	1.0
11375.0	1.0
11377.0	1.0
11384.0	1.0
11389.0	1.0
11390.0	1.0
11401.0	1.0
11414.0	1.0
11432.0	1.0
11436.0	1.0
11438.0	1.0
11443.0	1.0
11462.0	1.0
11534.0	1.0
11556.0	2.0
11558.0	1.0
11563.0	2.0
11581.0	1.0
11584.0	1.0
11592.0	1.0
11604.0	1.0
11608.0	1.0
11613.0	1.0
11625.0	1.0
11630.0	1.0
11632.0	2.0
11637.0	1.0
11639.0	1.0
11650.0	1.0
11667.0	1.0
11679.0	1.0
11683.0	1.0
11684.0	1.0
11685.0	1.0
11689.0	1.0
11694.0	1.0
11700.0	1.0
11701.0	1.0
11708.0	3.0
11712.0	1.0
11718.0	1.0
11726.0	1.0
11729.0	1.0
11737.0	1.0
11740.0	1.0
11747.0	1.0
11748.0	1.0
11749.0	1.0
11753.0	1.0
11759.0	1.0
11762.0	1.0
11770.0	1.0
11782.0	1.0
11790.0	1.0
11792.0	1.0
11796.0	1.0
11801.0	1.0
11804.0	1.0
11829.0	2.0
11830.0	1.0
11836.0	1.0
11837.0	1.0
11854.0	1.0
11855.0	2.0
11873.0	1.0
11876.0	1.0
11881.0	1.0
11886.0	1.0
11899.0	1.0
11904.0	1.0
11905.0	1.0
11912.0	1.0
11927.0	1.0
11932.0	1.0
11933.0	1.0
11938.0	1.0
11941.0	1.0
11949.0	1.0
11958.0	1.0
11969.0	1.0
11981.0	1.0
12010.0	1.0
12014.0	1.0
12016.0	1.0
12024.0	1.0
12028.0	1.0
12033.0	1.0
12035.0	1.0
12041.0	1.0
12042.0	1.0
12044.0	1.0
12046.0	1.0
12048.0	1.0
12054.0	1.0
12057.0	1.0
12062.0	1.0
12065.0	1.0
12066.0	2.0
12069.0	1.0
12075.0	1.0
12085.0	1.0
12089.0	1.0
12090.0	1.0
12101.0	1.0
12109.0	1.0
12125.0	1.0
12132.0	1.0
12153.0	1.0
12158.0	1.0
12173.0	3.0
12175.0	1.0
12179.0	2.0
12187.0	1.0
12194.0	1.0
12199.0	1.0
12203.0	2.0
12210.0	1.0
12213.0	1.0
12216.0	1.0
12219.0	1.0
12222.0	1.0
12224.0	1.0
12225.0	1.0
12229.0	1.0
12232.0	1.0
12241.0	1.0
12251.0	1.0
12255.0	1.0
12258.0	1.0
12259.0	1.0
12263.0	2.0
12269.0	1.0
12276.0	1.0
12277.0	1.0
12280.0	1.0
12285.0	1.0
12286.0	1.0
12291.0	1.0
12299.0	1.0
12301.0	1.0
12315.0	1.0
12325.0	1.0
12328.0	1.0
12329.0	1.0
12337.0	1.0
12338.0	1.0
12343.0	2.0
12345.0	1.0
12357.0	1.0
12358.0	1.0
12360.0	1.0
12361.0	1.0
12363.0	1.0
12373.0	1.0
12374.0	1.0
12376.0	1.0
12388.0	1.0
12404.0	2.0
12411.0	2.0
12412.0	1.0
12413.0	1.0
12415.0	1.0
12424.0	1.0
12429.0	2.0
12434.0	2.0
12438.0	1.0
12441.0	1.0
12449.0	1.0
12450.0	1.0
12452.0	1.0
12456.0	1.0
12458.0	1.0
12462.0	1.0
12463.0	1.0
12466.0	1.0
12470.0	2.0
12474.0	1.0
12479.0	2.0
12487.0	1.0
12490.0	2.0
12494.0	1.0
12504.0	1.0
12511.0	1.0
12514.0	2.0
12515.0	1.0
12516.0	1.0
12519.0	1.0
12521.0	1.0
12522.0	1.0
12525.0	1.0
12528.0	1.0
12532.0	1.0
12533.0	1.0
12547.0	1.0
12561.0	1.0
12565.0	1.0
12579.0	1.0
12582.0	1.0
12592.0	1.0
12607.0	1.0
12610.0	2.0
12628.0	1.0
12638.0	1.0
12640.0	1.0
12652.0	1.0
12673.0	1.0
12687.0	1.0
12693.0	1.0
12699.0	1.0
12709.0	1.0
12710.0	1.0
12716.0	1.0
12718.0	1.0
12721.0	1.0
12735.0	1.0
12739.0	2.0
12741.0	1.0
12743.0	1.0
12746.0	1.0
12756.0	1.0
12757.0	1.0
12797.0	1.0
12823.0	1.0
12881.0	1.0
12902.0	2.0
13024.0	1.0
13084.0	1.0
13110.0	1.0
13135.0	1.0
13141.0	1.0
13167.0	1.0
13169.0	1.0
13182.0	2.0
13207.0	1.0
13233.0	1.0
13333.0	1.0
13378.0	1.0
13421.0	1.0
13482.0	1.0
13568.0	1.0
13627.0	1.0
13759.0	1.0
13789.0	1.0
13846.0	1.0
13861.0	1.0
13880.0	1.0
13884.0	1.0
13935.0	1.0
14024.0	1.0
14060.0	1.0
14068.0	1.0
14115.0	1.0
14123.0	1.0
14148.0	1.0
14207.0	1.0
14267.0	1.0
14279.0	1.0
14283.0	1.0
14301.0	1.0
14356.0	1.0
14429.0	1.0
14464.0	1.0
14467.0	1.0
14492.0	1.0
14560.0	1.0
14575.0	1.0
14585.0	1.0
14614.0	1.0
14684.0	1.0
14695.0	1.0
14707.0	1.0
15135.0	1.0
15261.0	1.0
15382.0	1.0
15551.0	1.0
15761.0	1.0
15829.0	1.0
15957.0	1.0
16128.0	1.0
16395.0	1.0
16464.0	1.0
16765.0	1.0
16804.0	1.0
16935.0	1.0
16994.0	1.0
17013.0	1.0
17269.0	1.0
17482.0	1.0
17715.0	1.0
18131.0	1.0
18227.0	1.0
18433.0	1.0
18688.0	1.0
18775.0	1.0
18856.0	1.0
18978.0	1.0
19136.0	1.0
19335.0	1.0
19473.0	1.0
19483.0	1.0
19524.0	1.0
19876.0	1.0
20098.0	1.0
20498.0	1.0
20727.0	1.0
20847.0	1.0
21206.0	1.0
21478.0	1.0
21649.0	1.0
21760.0	1.0
21807.0	1.0
22154.0	1.0
22337.0	1.0
22509.0	1.0
22827.0	1.0
23073.0	1.0
23120.0	1.0
23335.0	1.0
23692.0	1.0
23743.0	1.0
24046.0	1.0
24130.0	1.0
24198.0	1.0
24753.0	1.0
24851.0	1.0
24968.0	1.0
25101.0	1.0
25244.0	1.0
25245.0	1.0
25602.0	1.0
25856.0	1.0
26053.0	1.0
26074.0	1.0
26253.0	1.0
26314.0	1.0
26376.0	1.0
26621.0	1.0
27143.0	1.0
27220.0	1.0
27518.0	1.0
27873.0	1.0
27914.0	1.0
28051.0	1.0
28397.0	1.0
28621.0	1.0
29142.0	1.0
29271.0	1.0
29332.0	1.0
29612.0	1.0
30293.0	1.0
30427.0	1.0
30562.0	1.0
30797.0	1.0
30911.0	1.0
30977.0	1.0
31060.0	1.0
31191.0	1.0
31368.0	1.0
31518.0	1.0
31555.0	1.0
31659.0	1.0
31754.0	1.0
32039.0	1.0
32069.0	1.0
32199.0	1.0
32290.0	1.0
32490.0	1.0
32576.0	1.0
32583.0	1.0
32774.0	1.0
33152.0	1.0
33211.0	1.0
33409.0	1.0
33496.0	1.0
33518.0	1.0
33528.0	1.0
33554.0	1.0
33640.0	1.0
33646.0	1.0
33672.0	1.0
33754.0	1.0
33762.0	1.0
33930.0	1.0
34195.0	1.0
34292.0	1.0
34383.0	1.0
34498.0	1.0
34555.0	1.0
34598.0	1.0
34711.0	1.0
34747.0	1.0
34910.0	1.0
35023.0	1.0
35275.0	1.0
35315.0	1.0
35508.0	1.0
35615.0	1.0
35647.0	1.0
35746.0	1.0
35814.0	1.0
35885.0	1.0
36038.0	1.0
36098.0	1.0
36336.0	1.0
36630.0	1.0
36794.0	1.0
36876.0	1.0
37092.0	1.0
37140.0	1.0
37287.0	1.0
37308.0	1.0
37451.0	1.0
37459.0	1.0
37645.0	1.0
37685.0	1.0
37725.0	1.0
38138.0	1.0
38412.0	1.0
38483.0	1.0
38519.0	1.0
38800.0	1.0
38865.0	1.0
39106.0	1.0
39129.0	1.0
39278.0	1.0
39417.0	1.0
39705.0	1.0
39787.0	1.0
39942.0	1.0
39954.0	1.0
39981.0	1.0
39994.0	1.0
40036.0	1.0
40038.0	1.0
40174.0	1.0
40376.0	1.0
40393.0	1.0
40526.0	1.0
40954.0	1.0
41018.0	1.0
41097.0	1.0
41128.0	1.0
41139.0	1.0
41209.0	1.0
41337.0	1.0
41547.0	1.0
41555.0	1.0
41704.0	1.0
41733.0	1.0
41777.0	1.0
41883.0	1.0
