#Position (bp)	mapping quality
470725.5	26.274143605839708
1412175.5	25.300392655008963
2353625.5	26.106304965057713
3295075.5	24.274343251441508
4236525.5	24.20010306349544
5177975.5	23.695442094517837
6119425.5	22.291855820249324
7060875.5	22.27201440439238
8002325.5	20.046766214593827
8943775.5	21.333602114397966
9885225.5	18.700676978965966
1.08266755E7	16.743954590375544
1.17681255E7	21.64997823649038
1.27095755E7	21.086583329785938
1.36510255E7	13.016629418935391
1.45924755E7	7.849212606738291
1.55339255E7	16.3254415348739
1.64753755E7	20.766711572591472
1.74168255E7	24.297234922214926
1.83582755E7	22.040132203734604
1.92997255E7	21.7822323448755
2.02411755E7	24.83962823362887
2.11815185E7	22.71476979823713
2.16522435E7	2.7109078840622467
2.21240755E7	20.257496774371372
2.30655255E7	24.621416103308963
2.40069755E7	22.24528441508186
2.49484255E7	24.119272455692855
2.58898755E7	24.445591665041984
2.68313255E7	18.80052650336631
2.77727755E7	17.722868041433358
2.87142255E7	20.82334357725535
2.96556755E7	23.537533243600567
3.05971255E7	24.29463418709351
3.15385755E7	19.237976225655064
3.24800255E7	16.18612121678259
3.34214755E7	23.996862030227412
3.43629255E7	20.019187851941517
3.53043755E7	22.079343143090732
3.62458255E7	21.380983624310502
3.71872755E7	22.351601436393562
3.81287255E7	19.648455157872014
3.90701755E7	23.61281713005041
4.00116255E7	20.90985013558772
4.09530755E7	25.573190703946395
4.18945255E7	23.405807954772985
4.27621645E7	26.269342106651283
4.32328895E7	19.951548116188615
4.37774255E7	25.775996640786172
4.47188755E7	21.843242149684546
4.56603255E7	18.700272859195202
4.66017755E7	22.509122665652725
4.75432255E7	21.34824393449581
4.84846755E7	16.954244967179545
4.94261255E7	21.763026631370458
5.03675755E7	20.900045630172645
5.13090255E7	22.457363013929708
5.22504755E7	18.891981910591763
5.31919255E7	16.96508309719207
5.41333755E7	24.679934736755303
5.50748255E7	22.924829765775602
5.60162755E7	22.821250281044883
5.69577255E7	20.61964325046245
5.78991755E7	16.624300842505846
5.88406255E7	20.471243840892715
5.97820755E7	13.705103304760236
6.07235255E7	21.160785629998266
6.16649755E7	20.56321174130068
6.25183765E7	23.80605959364086
6.29891015E7	18.112645661956947
6.35478755E7	24.827198463791486
6.44893255E7	23.54769384080033
6.54307755E7	21.130023485150843
6.63722255E7	18.851030740848636
6.73136755E7	17.95789640126832
6.82551255E7	24.662270512149597
6.91965755E7	25.859210173962584
7.01380255E7	21.501721021436488
7.10794755E7	23.70807611264489
7.20209255E7	21.181762151987982
7.29623755E7	19.099798779220805
7.39038255E7	21.190077227904816
7.48452755E7	23.265458698991015
7.57867255E7	12.103779122494476
7.67281755E7	12.811419088476788
7.76696255E7	6.896129571872155
7.86110755E7	14.203271645049687
7.95525255E7	17.933429425487763
8.04939755E7	12.285426777182018
8.14354255E7	19.582784383122405
8.21123265E7	14.503797197446673
8.25830515E7	21.486943682123403
8.33183255E7	20.572328215948723
8.42597755E7	18.728833236977902
8.52012255E7	20.417577450046036
8.61426755E7	18.54997337823495
8.70841255E7	15.760830984352518
8.80255755E7	21.265137280388952
8.89670255E7	18.55410633747338
8.99084755E7	19.623304108979863
9.08499255E7	16.358786611907366
9.17913755E7	22.09121911253355
9.27328255E7	16.113423901969313
9.36742755E7	17.868356262914475
9.46157255E7	6.488507210050751
9.55571755E7	13.835774867524446
9.64654235E7	14.42733850682988
9.69361485E7	28.132528013839885
9.74400755E7	23.339309013091565
9.83815255E7	22.836081957741992
9.93229755E7	20.712943923947815
1.002644255E8	22.633872568697072
1.012058755E8	21.884095094895624
1.021473255E8	24.618425071812073
1.030887755E8	25.097037838282546
1.040302255E8	5.05064117074764
1.049716755E8	22.45425043481189
1.059131255E8	22.48693617445939
1.068545755E8	26.40626670195388
1.077960255E8	25.412669914469024
1.087374755E8	25.733147206672513
1.096789255E8	23.112871880216286
1.10575763E8	25.693733124987634
1.11046488E8	25.667966030187355
1.115618255E8	21.389004285097734
1.125032755E8	20.886139260735316
1.134447255E8	22.64410345265431
1.143861755E8	19.124242364917567
1.153276255E8	21.309753615588438
1.162690755E8	21.225976498730535
1.172105255E8	22.899820568956674
1.181519755E8	25.442006172256832
1.190934255E8	20.598524533912236
1.200348755E8	25.269782521850985
1.209763255E8	19.07154372097262
1.219177755E8	22.64869218892683
1.228592255E8	23.65143634516413
1.238006755E8	20.359756394755703
1.24670665E8	23.649681347314715
1.2514139E8	19.805818901463446
1.256835755E8	25.854899256673168
1.266250255E8	20.34170379604974
1.275664755E8	20.454384310772262
1.285079255E8	16.779030617376947
1.294493755E8	22.14495764875422
1.303908255E8	19.49254052888643
1.313322755E8	20.980177651947248
1.322737255E8	21.365502751920907
1.332151755E8	15.075182256673045
1.341566255E8	20.231575205747983
1.350980755E8	15.462169960006836
1.360395255E8	16.553913800148692
1.369809755E8	22.72134010512904
1.379224255E8	21.497575036037954
1.385269295E8	22.646081507211054
1.389976545E8	21.890129334112153
1.398053255E8	24.38937744888252
1.407467755E8	20.790640745922232
1.416882255E8	24.284803163816836
1.426296755E8	24.222160623565888
1.435711255E8	25.053535351459562
1.445125755E8	22.058001676334037
1.454540255E8	21.874327558111567
1.463954755E8	24.898197405663947
1.473369255E8	23.27807651177361
1.482783755E8	21.13020033926399
1.492198255E8	22.541471755436223
1.501612755E8	22.30031244701084
1.50869654E8	5.786016636456857
1.51340379E8	19.64647565075663
1.520441755E8	16.369068320074838
1.529856255E8	8.73428065021079
1.539270755E8	10.650769068932359
1.548685255E8	17.090424785334353
1.558099755E8	14.100979916271925
1.567514255E8	12.382718817932364
1.576928755E8	11.983375136840843
1.586343255E8	12.355531204496593
1.595757755E8	10.611586677624533
1.605172255E8	5.099819525364137
1.614586755E8	7.679214995924236
1.624001255E8	6.140876303080302
1.62980695E8	5.582794640991512
1.6345142E8	23.496838597710283
1.642830255E8	22.924742566143884
1.652244755E8	18.808112745443026
1.661659255E8	21.184498847881432
1.671073755E8	15.149621803500311
1.680488255E8	20.099734369067775
1.689902755E8	20.38705471435313
1.699317255E8	14.833159190503201
1.708731755E8	20.170234785858746
1.718146255E8	23.008978653400195
1.727560755E8	20.93755618819949
1.736975255E8	19.371208891658608
1.745109635E8	22.500068142809386
1.749816885E8	22.47983870065213
1.755804255E8	27.697880336573753
1.765218755E8	23.326559823633886
1.774633255E8	23.64231629061309
1.784047755E8	22.159174123891557
1.793462255E8	19.621951253007662
1.802876755E8	22.214821393633088
1.812291255E8	18.271183082305672
1.821705755E8	21.459871338639825
1.831120255E8	23.473257684684388
1.840534755E8	24.711941985680625
1.849397025E8	23.086552951839085
1.854104275E8	11.509016363146948
1.859363755E8	24.71862443407707
1.868778255E8	22.746717288066964
1.878192755E8	21.20298748837705
1.887607255E8	22.617971084362708
1.897021755E8	20.10377098080002
1.906436255E8	16.24849214456547
1.915850755E8	18.19403634985628
1.925265255E8	17.76057763546785
1.934679755E8	15.922735650352369
1.944094255E8	19.546256859383384
1.95129994E8	21.612102838716666
1.95600719E8	11.053715890226249
1.962923255E8	14.707695272962797
1.972337755E8	6.043025094213872
1.981752255E8	5.419944342155585
1.991166755E8	5.144054396883898
2.000581255E8	18.859150399247568
2.009995755E8	19.841945707628756
2.019410255E8	22.682258438955106
2.028824755E8	24.156596614822845
2.038239255E8	24.851333179867837
2.047653755E8	21.951152112987998
2.05281456E8	22.556699948630534
2.05752181E8	22.964787038707957
2.066482755E8	18.689066156970554
2.075897255E8	21.48373051142788
2.085311755E8	24.54633143660411
2.094726255E8	19.453725323774087
2.104140755E8	24.22552700198059
2.113555255E8	23.32739765671894
2.122969755E8	19.626413785983857
2.132384255E8	22.408853535956283
2.141798755E8	25.78172091324586
2.14757119E8	20.31112826459491
2.15227844E8	19.048653174175893
2.160627755E8	22.093685709833835
2.170042255E8	22.024011392049246
2.179456755E8	22.637966213780054
2.188871255E8	21.72093631422589
2.198285755E8	19.83626493541646
2.207700255E8	19.92857458593608
2.217114755E8	24.19202896837048
2.226529255E8	21.407292879157108
2.235943755E8	26.03829339054381
2.241609715E8	18.63794529839669
2.246316965E8	21.694792842388473
2.254772755E8	15.358213039044795
2.264187255E8	18.031275237505596
2.273601755E8	17.075695009195307
2.283016255E8	7.145340663951082
2.292430755E8	18.515872622537714
2.301845255E8	21.81303380569436
2.311259755E8	21.510264558481403
2.320674255E8	18.454135235846707
2.330088755E8	20.980717029548185
2.33512304E8	19.79436783274133
2.33983029E8	23.495066925975486
2.348917755E8	18.300360536970757
2.358332255E8	16.820480236946615
2.367746755E8	23.447515064775377
2.377161255E8	20.8814020971578
2.386575755E8	22.46192105882013
2.395990255E8	25.775835914565977
2.405404755E8	22.739792871712798
2.414819255E8	8.933327034522891
2.423860015E8	23.73331170452008
2.428567265E8	5.30639481088991
2.433648255E8	20.525021995484693
2.443062755E8	12.041503375572102
2.452477255E8	26.64387366592386
2.461891755E8	21.514715313471594
2.471306255E8	23.19210778993748
2.480720755E8	22.43107277422475
2.490135255E8	19.493139514460537
2.499549755E8	23.878967409431112
2.508964255E8	23.195316248032274
2.513853295E8	14.685838448592822
2.518560545E8	21.251791447647317
2.527793255E8	23.1965309670175
2.537207755E8	23.540086087835572
2.546622255E8	16.264622615434305
2.556036755E8	20.489625736279052
2.565451255E8	21.29352054090171
2.574865755E8	20.08380431558576
2.582367915E8	21.1260335800061
2.587075165E8	21.74910672408864
2.593694755E8	21.10775838135199
2.603109255E8	22.10516908510222
2.612523755E8	20.166773929677312
2.621938255E8	18.11550882756826
2.631352755E8	20.311105603562854
2.640767255E8	17.545689780732115
2.649058955E8	14.119267405544809
2.653766205E8	14.577924090469205
2.659596255E8	23.282369138508276
2.669010755E8	21.417885593965984
2.678425255E8	17.733092800098174
2.687839755E8	20.165308656570232
2.697254255E8	22.87297813404252
2.706668755E8	22.519425861000457
2.71474023E8	18.59736445796441
2.71944748E8	6.511472002494174
2.725497755E8	21.521975518438218
2.734912255E8	20.690943341243724
2.744326755E8	12.389963291521655
2.753741255E8	21.469313073368472
2.763155755E8	18.452575554623554
2.772570255E8	21.021284839041186
2.77928726E8	18.23532590026941
2.78399451E8	23.17237891587473
2.791399255E8	15.488213620414253
2.800813755E8	22.229219420882128
2.810228255E8	11.948293215650137
2.819642755E8	10.178735104757271
2.829057255E8	21.445849265118515
2.836366105E8	20.80451394468488
2.841073355E8	4.822675212406204
2.847886255E8	5.686367822284943
2.857300755E8	14.16756378961354
2.866715255E8	17.55856536424106
2.876129755E8	13.119723485214191
2.885544255E8	19.23997648199895
2.89342109E8	17.510436403213927
2.89812834E8	19.658084205965334
2.904373255E8	12.720920350313945
2.913787755E8	15.337865804693438
2.923202255E8	16.505101419100402
2.932616755E8	19.38405738598182
2.942031255E8	13.758247694021014
2.950462245E8	16.395075329595247
2.955169495E8	16.637466477268035
2.960860255E8	24.400355897439916
2.970274755E8	24.27297618180165
2.979689255E8	21.926443294962297
2.989103755E8	22.623264754640264
2.998518255E8	24.025266983481785
3.006943635E8	25.249541747958403
3.011650885E8	22.567871519408556
3.017347255E8	23.015719000635364
3.026761755E8	23.124358738258717
3.036176255E8	9.21412380871608
3.045590755E8	11.62942207543861
3.055005255E8	13.21242105993645
3.062940285E8	5.214701550512357
3.067647535E8	24.479914534800933
3.073834255E8	16.784311220872958
3.083248755E8	22.30758813823773
3.092663255E8	19.81050915893858
3.102077755E8	23.427285286992696
3.111492255E8	23.20933934374546
3.116838385E8	11.446576078496356
3.121545635E8	6.511503684424219
3.130321255E8	5.985551331598009
3.139735755E8	22.972718888364547
3.149150255E8	23.672763929441345
3.158564755E8	25.9383156999043
3.16467897E8	24.334145140803457
3.16938622E8	21.70289343424102
3.177393755E8	22.1778932652183
3.186808255E8	23.31133225440321
3.196222755E8	20.989299299509764
3.205637255E8	24.194172073498187
3.212433895E8	20.77318822935531
3.217141145E8	25.319641427486616
3.224466255E8	21.452992120616592
3.233880755E8	17.69488350394268
3.243295255E8	23.775559171124335
3.252709755E8	21.33989205786247
3.259428095E8	23.822065989497183
3.264135345E8	17.539031010466314
3.271538755E8	21.239816576454427
3.280953255E8	20.630086068654368
3.290367755E8	24.605105735846177
3.296336095E8	21.371331792060545
3.301043345E8	20.66863840636984
3.309196755E8	19.906322972279238
3.318611255E8	12.279062453403641
3.32699089E8	24.11060434577062
3.33169814E8	19.668699982861863
3.337440255E8	19.420567644150516
3.346854755E8	23.01363282103815
3.356269255E8	23.516550688924518
3.3614339E8	11.085332090430644
3.36614115E8	12.69678401476692
3.375098255E8	19.910031181915897
3.384512755E8	19.787598276975285
3.390632475E8	22.36060388506717
3.395339725E8	23.05537860787558
3.403341755E8	22.235153977804075
3.412756255E8	22.756087099357792
3.41979007E8	23.306665034291843
3.42449732E8	18.075418814895027
3.431585255E8	17.88204084631696
3.440999755E8	18.718377625436318
3.448213995E8	19.02817286337784
3.452921245E8	18.802309772249775
3.459828755E8	21.675268135959083
3.469243255E8	16.59909751880456
3.475841435E8	11.814037647591782
3.480548685E8	19.07595770290746
3.488072255E8	18.223905912745593
3.497486755E8	23.745897269390813
3.50295955E8	4.15153413333844
3.5076668E8	19.03255644911003
3.516315755E8	12.65355140618167
3.52460238E8	13.866091090987862
3.52930963E8	5.875840853131951
3.535144755E8	23.736753546325712
3.544559255E8	23.64754080627274
3.54952101E8	5.617164633985146
3.55422826E8	20.927002410248754
3.563388255E8	18.993746442142857
3.56872295E8	5.677937278746659
3.5734302E8	23.293775907363706
3.582217255E8	21.415123204121645
3.587365445E8	6.205888493104213
3.592072695E8	20.86383212784414
3.60069625E8	19.69263835633048
3.6054035E8	8.720359898199083
3.610460755E8	20.771446218362637
3.61587945E8	24.77162520491943
3.620367945E8	19.091504341499707
3.62436375E8	3.349443259891021
3.625559195E8	10.108477805503957
3.627609185E8	3.791267542882602
3.629578815E8	8.303094096156268
3.631360985E8	3.3193164311221537
3.63307211E8	6.057666022259071
3.6339472E8	3.411460258780037
3.63472325E8	2.368955700058712
3.63606574E8	6.369775334486882
3.6372952E8	17.060796312558665
3.63851646E8	7.784079340779591
3.639688585E8	3.5124779094787746
3.64078852E8	11.221852904918117
3.64181608E8	3.0761591560302164
3.642724245E8	2.729437802463122
3.643276105E8	2.6392156862745098
3.64367352E8	2.1438749712709724
3.644312485E8	6.97174550007401
3.645060405E8	2.6412233311967768
3.64579866E8	4.155401944021237
3.646529445E8	2.23907557976529
3.647232875E8	3.0592163673083115
3.6479061E8	5.632154329047669
3.64856413E8	13.450350866091382
3.649210565E8	7.433175205566098
3.649845345E8	16.713354525323236
3.65045903E8	5.347301429107531
3.65104542E8	3.6309527084651574
3.651614335E8	3.443633089926978
3.652177875E8	2.7941161780130863
3.652642145E8	2.45016501650165
3.652918195E8	2.5477707006369426
3.65328381E8	3.7620912022109625
3.65383017E8	5.417353487105092
3.65437E8	3.2358043713975917
3.654894715E8	2.9564300773014756
3.655400855E8	2.6898908497398755
3.655885265E8	4.567757180480939
3.656333805E8	2.039668115369419
3.65670954E8	3.202200001859877
3.657012785E8	6.886612589369657
3.659696625E8	5.927005545859163
3.666947755E8	7.076111743307183
3.67241192E8	6.2006451886752405
3.67711917E8	7.478101793962283
3.68310776E8	9.028419681016882
3.68781501E8	5.371475042321052
3.69171261E8	8.660237576792023
3.69525295E8	5.5477452607266455
3.698731595E8	4.733158841756889
3.70040548E8	5.013345815356507
3.702362955E8	4.558625796650009
3.705074745E8	5.1326075535480795
3.707077425E8	14.961423242332955
3.70840922E8	2.361637780621147
3.709156315E8	2.8875274142200213
3.70964909E8	4.079523781471145
3.710464065E8	6.377316006957718
3.711396675E8	12.283113806793532
3.712278055E8	15.270111192633724
3.71309269E8	2.617123578790777
3.713828255E8	10.028030930991898
3.714523975E8	11.288063681972162
3.71520397E8	10.737566738115923
3.71586391E8	14.665734170122757
3.71651757E8	13.173319123316995
3.71716219E8	14.899895712899175
3.717794435E8	4.0510866898252775
3.718411425E8	13.495673742015168
3.718720855E8	8.063241106719367
3.719016015E8	3.398536352609098
3.71959563E8	14.183037457878052
3.72017749E8	5.83902762466898
3.72075165E8	15.203934519370762
3.72131641E8	3.349697950377562
3.72187388E8	3.862655435218612
3.72242547E8	4.981084309671491
3.722974235E8	8.758350337417774
3.72352064E8	5.469057100024747
3.72406525E8	5.082071580970467
3.724607585E8	17.225398473402464
3.72514754E8	7.5473534818857555
3.725683565E8	4.627372321733648
3.72621572E8	11.639100574938961
3.726742505E8	7.764820863692473
3.727265365E8	14.083093917719541
3.72778722E8	5.959118245197241
3.72809488E8	6.674609583301592
3.72835457E8	9.463876223910438
3.72882455E8	6.939063593517231
3.7293388E8	7.381145246844385
3.72984986E8	2.3038303153381845
3.73035813E8	8.776191569036838
3.730859895E8	7.302629390507582
3.73135021E8	18.025226643717055
3.731829795E8	6.062580666512228
3.732302795E8	3.5327514464956216
3.732774285E8	11.908592207986176
3.73324505E8	7.105428724444887
3.733714415E8	6.637774909410153
3.7341813E8	6.66838597192205
3.734646815E8	8.886804104772942
3.735109215E8	16.574993754556626
3.73556781E8	10.197265643703734
3.736025395E8	7.091023501696721
3.736482E8	10.249609352314916
3.73693682E8	5.760860014125943
3.73736011E8	5.601072252007
3.737584015E8	6.028681742967457
3.7378327E8	7.098046936796274
3.73827355E8	5.98773340640536
3.7387109E8	9.295472765332027
3.73914536E8	15.490351966079487
3.739578725E8	9.913278384284766
3.74001183E8	5.650168281902599
3.74044483E8	4.907879298609536
3.74087645E8	3.9217861366067908
3.741306385E8	6.63316568495389
3.74173455E8	7.1289077071076585
3.74216004E8	9.608779576750216
3.74258393E8	5.925004972934043
3.743006525E8	7.080645755890756
3.743426115E8	6.280945847501911
3.743842115E8	4.880091959652023
3.744251475E8	4.648077964266378
3.744655085E8	4.047284715650661
3.74505773E8	4.7337080732862
3.74545988E8	15.989772389378546
3.745860855E8	9.60743764464964
3.74625998E8	3.2677473208034895
3.74665799E8	2.9112564569474895
3.746913935E8	2.1539097675273364
3.747110075E8	2.88705819824608
3.7474449E8	10.632089461242247
3.74783624E8	4.4828325205909865
3.74822439E8	9.54085116443423
3.748606395E8	16.148519952798047
3.74898524E8	3.0885070620847452
3.74936354E8	23.409235467609346
3.749740715E8	3.7404552436810503
3.750116165E8	7.909790768247884
3.750490195E8	12.763646836878356
3.750863895E8	3.627211540032346
3.75123715E8	5.392128250293764
3.751608595E8	5.596995218600581
3.7519786E8	3.2905933791380386
3.7523482E8	6.885328728575083
3.75271698E8	4.653116441590329
3.75308419E8	4.584990406418978
3.753449325E8	5.150211423585476
3.75381318E8	5.193541008101117
3.75417665E8	8.919822924398261
3.75453968E8	5.028034334941705
3.754896855E8	3.4869584939895666
3.755248195E8	8.492441409890423
3.755598365E8	17.494076815051635
3.75594756E8	4.125648655901848
3.756253795E8	8.813788533337643
3.75642766E8	3.5264255147946306
3.75664154E8	9.446116001545061
3.756983965E8	12.294165963486668
3.757324605E8	8.925661738494723
3.757661165E8	5.026263282681871
3.757992375E8	7.8711764534775
3.758302665E8	11.390863925745226
3.75858527E8	4.631440532936274
3.758858175E8	4.532864298748494
3.759108865E8	3.9482271147161065
3.75933713E8	7.155611759571158
3.761492055E8	11.35757482628361
3.76377621E8	7.839299363297149
3.764212105E8	2.9851806584676495
3.76458497E8	4.4668982546068285
3.764935935E8	10.238640163410095
3.76525178E8	13.572155626451211
3.765472955E8	3.727105074209952
3.765594265E8	12.987273891467904
3.765672985E8	9.316337022923848
3.76573515E8	4.090260268935813
3.765781265E8	20.626833637258542
