sample73	sample79	sample82
Cluster_28	2.16740480336846	11.3264005900644	2.16740480336846
Cluster_53	11.1950422145893	3.79374691326059	10.4046900599263
Cluster_65	2.16740480336846	8.11517923280735	8.88098642875133
Cluster_66	2.16740480336846	9.56011154193013	9.29210284130547
Cluster_121	9.32004181675085	8.69207640518344	2.16740480336846
Cluster_132	9.20781321400127	6.85201752099717	2.99426765718754
Cluster_162	9.60784691073527	3.5169948369365	2.16740480336846
Cluster_165	11.5517952822127	11.2756576667398	4.95799752945338
Cluster_169	7.86121585094184	7.97070734524914	2.16740480336846
Cluster_175	10.1880278502239	5.07653984590199	3.76151613117587
Cluster_191	10.9423461965337	9.9914834186336	2.99426765718754
Cluster_203	10.7373101731089	9.50033007259713	4.27148434233459
Cluster_215	9.54918065234251	3.9105695465579	2.99426765718754
Cluster_216	8.39994995566219	4.29097957504037	2.16740480336846
Cluster_243	6.97747577248128	3.13845365396397	9.60746449966565
Cluster_262	9.0178549070254	8.22626319402146	2.99426765718754
Cluster_263	10.1566306435229	8.07050386615791	2.16740480336846
Cluster_271	8.79126378387051	2.16740480336846	2.16740480336846
Cluster_284	9.54918065234251	6.49369485044013	2.75602927617567
Cluster_294	5.96519270366023	2.16740480336846	10.3009872346446
Cluster_295	2.16740480336846	9.79957898189038	2.16740480336846
Cluster_363	2.16740480336846	9.08630383140247	7.85210299550562
Cluster_369	9.40393367937451	2.16740480336846	2.16740480336846
Cluster_491	2.90375011600437	3.34620297730879	9.44117691263416
Cluster_504	9.01452264410047	5.28940482759227	2.16740480336846
Cluster_505	9.01118266549692	2.16740480336846	3.84876971307193
Cluster_523	9.22521429469231	3.13845365396397	2.16740480336846
Cluster_526	11.4049231739064	2.16740480336846	2.16740480336846
Cluster_528	2.16740480336846	3.13845365396397	8.60851144430279
Cluster_534	14.357668542148	3.13845365396397	2.16740480336846
Cluster_593	4.22232718094181	10.9669623147105	3.45009062503158
Cluster_604	7.73727745718288	2.16740480336846	8.03427205797976
Cluster_624	11.1876645653723	10.1924397152551	2.99426765718754
Cluster_626	9.32004181675085	4.5169377518296	2.16740480336846
Cluster_627	10.5242346995924	10.0019273321806	2.99426765718754
Cluster_630	10.0837817254767	3.66391349340108	2.75602927617567
Cluster_634	11.1884040303744	4.44582942745989	5.24885145285911
Cluster_663	9.00783493539585	5.28940482759227	2.16740480336846
Cluster_672	8.61325023979255	2.16740480336846	7.03236815917915
Cluster_678	9.01118266549692	2.16740480336846	2.16740480336846
Cluster_682	2.16740480336846	7.02605964659837	8.86465127506535
Cluster_696	2.90375011600437	10.0093412493264	9.94146144365424
Cluster_722	5.01239019345185	2.16740480336846	9.2955886058201
Cluster_723	2.16740480336846	8.60078620742383	8.77009094153092
Cluster_731	2.16740480336846	9.04361171114845	4.99348350114943
Cluster_739	8.85971593681845	3.13845365396397	3.17350671118386
Cluster_740	4.89884288197672	4.44582942745989	10.4585456342954
Cluster_750	4.31688835468292	9.39559061373925	2.16740480336846
Cluster_794	7.70455315028985	2.16740480336846	8.17720809663534
Cluster_821	2.16740480336846	2.16740480336846	7.6380542209018
Cluster_823	2.16740480336846	8.42120761223684	5.77789823822683
Cluster_833	10.069402294056	2.16740480336846	6.73614400418351
Cluster_844	2.16740480336846	2.16740480336846	8.81935722779267
Cluster_880	8.88182998139061	5.5418572950196	2.16740480336846
Cluster_909	3.1980385395748	9.56615676006046	11.3815804787077
Cluster_924	10.9965505445722	3.66391349340108	6.32202099365165
Cluster_936	8.68627478394081	2.16740480336846	2.16740480336846
Cluster_979	2.16740480336846	8.81563560064593	8.83860204055674
Cluster_986	9.05725294581578	5.57450428953234	2.16740480336846
Cluster_999	3.1980385395748	8.60470758761725	2.16740480336846
Cluster_1002	7.73727745718288	8.79175603549054	2.75602927617567
Cluster_1058	9.33881458657959	2.16740480336846	2.16740480336846
Cluster_1081	10.1656712161451	2.16740480336846	3.76151613117587
Cluster_1091	10.8005836840976	6.79816250908935	3.17350671118386
Cluster_1130	2.16740480336846	9.88266230537329	2.16740480336846
Cluster_1147	3.1980385395748	8.31988802075146	2.16740480336846
Cluster_1160	2.16740480336846	2.86039346157687	11.5298958917711
Cluster_1162	3.75112664102827	2.16740480336846	8.34810903030107
Cluster_1171	8.41519447554966	2.16740480336846	2.16740480336846
Cluster_1186	2.16740480336846	10.1093237441272	3.45009062503158
Cluster_1187	3.1980385395748	11.740920039925	4.38605219670379
Cluster_1206	8.30493538260806	2.16740480336846	8.16962820715968
Cluster_1214	10.0369253873712	2.16740480336846	10.1003680230289
Cluster_1291	5.39188403789004	13.0617355222853	12.1390900690095
Cluster_1324	8.50817209299244	3.13845365396397	8.85286899933854
Cluster_1345	13.0582264195449	12.4045304239174	3.76151613117587
Cluster_1375	2.16740480336846	9.16542251636883	5.89350450694092
Cluster_1405	2.16740480336846	11.3054741689168	9.67057123785452
Cluster_1481	10.9423461965337	10.5019457295756	4.80616087602304
Cluster_1531	7.90507681994532	2.16740480336846	2.75602927617567
Cluster_1555	8.28847269674688	2.16740480336846	2.16740480336846
Cluster_1584	2.16740480336846	7.96461618077843	8.99686688163966
Cluster_1585	2.16740480336846	7.16012831124488	9.16447013164086
Cluster_1625	3.1980385395748	12.4685935721573	2.75602927617567
Cluster_1635	10.7503891497317	3.9105695465579	8.39436504030084
Cluster_1655	2.90375011600437	9.52743543597766	9.52671538427632
Cluster_1715	8.02255885068285	2.16740480336846	2.99426765718754
Cluster_1764	5.72379814995597	5.72733875921373	12.5893537666081
Cluster_1766	6.04613170505681	5.81172623602051	12.5971427209969
Cluster_1791	3.1980385395748	11.5364883450598	12.1773801634542
Cluster_1855	10.4741729130547	8.91055786083636	3.56407288873617
Cluster_1860	3.1980385395748	11.2768868062548	9.67726723299868
Cluster_1911	2.90375011600437	9.05512038795771	8.5396222240323
Cluster_1921	9.01118266549692	5.28940482759227	2.16740480336846
Cluster_1953	9.09560347150409	2.16740480336846	11.1944788423709
Cluster_1978	7.70455315028985	2.16740480336846	2.16740480336846
Cluster_1981	11.5251155550374	5.63762580837131	3.32179282549175
Cluster_1990	2.90375011600437	8.39879748527007	2.75602927617567
Cluster_2042	9.17833666385988	2.86039346157687	2.16740480336846
Cluster_2102	8.38969667713276	2.16740480336846	2.99426765718754
Cluster_2103	2.16740480336846	7.61390889346018	2.16740480336846
Cluster_2154	8.9909787411329	3.13845365396397	2.16740480336846
Cluster_2163	2.90375011600437	7.98281301218248	2.16740480336846
Cluster_2173	3.59692967960342	2.16740480336846	8.88098642875133
Cluster_2217	8.11260097281852	2.16740480336846	2.16740480336846
Cluster_2291	2.90375011600437	5.63762580837131	9.69585234294132
Cluster_2367	2.16740480336846	7.97070734524914	2.16740480336846
Cluster_2399	2.90375011600437	7.97677288410128	2.16740480336846
Cluster_2400	3.41722968879869	9.76320484480548	4.38605219670379
Cluster_2447	9.0701500753142	3.5169948369365	10.5540429362694
Cluster_2457	9.88464472472516	4.64873550711818	3.45009062503158
Cluster_2461	8.83725757273689	2.16740480336846	7.59907186815181
Cluster_2464	8.75178255212651	2.16740480336846	3.6671376069585
Cluster_2474	2.90375011600437	10.3490635476313	4.27148434233459
Cluster_2478	2.16740480336846	8.8490777453484	2.16740480336846
Cluster_2489	7.74534375255949	2.16740480336846	2.16740480336846
Cluster_2492	2.90375011600437	8.7779309463727	3.17350671118386
Cluster_2527	9.37043879779982	2.16740480336846	9.11994225309164
Cluster_2533	10.4898546753624	2.16740480336846	7.3127539291233
Cluster_2657	2.16740480336846	2.16740480336846	7.6380542209018
Cluster_2682	2.90375011600437	2.86039346157687	8.88561983793436
Cluster_2758	12.7354135484801	4.01706087280711	12.6268474025715
Cluster_2800	2.90375011600437	9.04072013756445	9.7297448992368
Cluster_2810	8.78345351906693	2.86039346157687	2.16740480336846
Cluster_2812	2.16740480336846	10.8085552650919	2.16740480336846
Cluster_2816	8.90000284760185	8.36682650779478	3.17350671118386
Cluster_2822	11.9806299106884	4.01706087280711	2.75602927617567
Cluster_2824	8.55480168143327	2.16740480336846	5.51398586929082
Cluster_2854	8.56850156878482	3.34620297730879	2.75602927617567
Cluster_2912	3.41722968879869	8.96037260065866	8.87866413086254
Cluster_2916	2.16740480336846	11.7730694116718	2.16740480336846
Cluster_2942	10.5658041409565	10.6372996313541	5.15847282947781
Cluster_2956	8.8559970751502	3.34620297730879	2.75602927617567
Cluster_2989	10.0564991328118	3.66391349340108	2.75602927617567
Cluster_3130	8.84853046367122	9.68573414676786	2.16740480336846
Cluster_3146	9.88646866499554	9.86151668934384	4.21017042429516
Cluster_3157	9.02117948984282	2.16740480336846	2.99426765718754
Cluster_3158	8.66517808092434	5.40317013291647	2.16740480336846
Cluster_3286	8.64807568935217	2.16740480336846	8.66620326309254
Cluster_3287	9.50474818639119	2.16740480336846	9.8543318511714
Cluster_3318	8.23792606616759	3.79374691326059	2.16740480336846
Cluster_3323	8.39994995566219	2.16740480336846	2.16740480336846
Cluster_3384	7.39155880417477	2.16740480336846	8.70866038576112
Cluster_3423	2.16740480336846	12.1012127568605	3.6671376069585
Cluster_3486	9.73070881582945	3.79374691326059	3.45009062503158
Cluster_3487	12.3836101400327	6.83874164725365	6.51427986594857
Cluster_3536	8.92861144817615	2.86039346157687	8.35146268618098
Cluster_3577	8.99436577483836	8.08180314511529	2.99426765718754
Cluster_3592	9.11751262075631	4.71010385919134	10.8877365971775
Cluster_3601	11.0233221644588	2.16740480336846	8.09955417836203
Cluster_3621	2.16740480336846	3.13845365396397	13.2657933803727
Cluster_3667	8.92506624959093	2.16740480336846	6.93726530045834
Cluster_3669	10.1998112211534	3.13845365396397	7.99191691123048
Cluster_3679	7.30686049098	8.08180314511529	2.16740480336846
Cluster_3722	3.75112664102827	13.7958101704369	13.8605757498812
Cluster_3731	8.03577142101279	8.75694163355536	2.99426765718754
Cluster_3737	7.75336515975963	8.51587399288687	2.16740480336846
Cluster_3764	8.85226860071238	2.16740480336846	8.12721126057761
Cluster_3788	9.74284132385684	3.5169948369365	2.75602927617567
Cluster_3820	10.2100433063113	10.7036967528216	3.84876971307193
Cluster_3846	5.43284873525015	11.4410333454353	10.5920993396697
Cluster_3873	8.53633035716707	2.16740480336846	2.16740480336846
Cluster_3880	10.3408462898852	10.7036967528216	3.84876971307193
Cluster_3896	10.7332619010533	2.16740480336846	9.36359140123686
Cluster_3897	11.2220160942517	3.13845365396397	9.99711204647442
Cluster_3939	2.16740480336846	2.16740480336846	8.76003248896174
Cluster_3958	3.75112664102827	2.16740480336846	10.0813096913455
Cluster_3963	3.75112664102827	10.081457325687	9.43170387283951
Cluster_4037	7.80057823216095	6.35119179117283	12.4439983061183
Cluster_4040	8.61764968465928	3.13845365396397	2.99426765718754
Cluster_4046	10.6465901550953	2.16740480336846	2.16740480336846
Cluster_4047	10.1581413454145	3.66391349340108	2.16740480336846
Cluster_4083	8.61764968465928	2.86039346157687	2.99426765718754
Cluster_4094	2.16740480336846	6.19294791384229	9.65165539745645
Cluster_4129	8.64376821652614	8.47361245774582	2.16740480336846
Cluster_4210	4.56547869750342	6.49369485044013	12.2526101938863
Cluster_4222	8.20905965569457	8.16383808367893	2.16740480336846
Cluster_4223	8.23792606616759	7.65988008847791	2.16740480336846
Cluster_4297	2.16740480336846	7.63707777771917	2.16740480336846
Cluster_4300	9.21072801011762	2.86039346157687	3.56407288873617
Cluster_4318	2.16740480336846	8.43888831831563	2.16740480336846
Cluster_4321	9.54918065234251	3.13845365396397	6.9812744295981
Cluster_4327	2.16740480336846	2.16740480336846	8.08753679934782
Cluster_4358	2.16740480336846	2.86039346157687	8.06319732981128
Cluster_4368	8.45507588940033	8.2057536292072	2.16740480336846
Cluster_4396	5.1669998985689	12.4933901020512	12.9874814220681
Cluster_4406	3.1980385395748	3.5169948369365	9.74129384392933
Cluster_4411	8.01590688283475	3.13845365396397	2.16740480336846
Cluster_4417	10.1105579252166	8.49911768828046	2.99426765718754
Cluster_4421	5.01239019345185	12.4282319936377	12.9419160029641
Cluster_4485	5.06585659770041	10.9639129988806	9.96025118544966
Cluster_4486	19.8967870579976	14.7929401816343	13.4277263336306
Cluster_4501	2.16740480336846	8.22116308479277	3.17350671118386
Cluster_4545	2.16740480336846	9.61557207846714	8.63901856515369
Cluster_4546	2.16740480336846	2.16740480336846	8.05087176921388
Cluster_4548	9.78060131149578	2.16740480336846	8.36147711355576
Cluster_4656	3.1980385395748	2.16740480336846	8.55424800969733
Cluster_4663	2.16740480336846	6.92919821833631	8.22552938074833
Cluster_4664	2.16740480336846	6.94166850706091	8.2071353929811
Cluster_4674	2.16740480336846	10.4429415112104	2.16740480336846
Cluster_4682	2.16740480336846	9.4619384022893	2.16740480336846
Cluster_4684	10.0710071047827	3.13845365396397	3.76151613117587
Cluster_4701	2.90375011600437	8.45635489134161	2.16740480336846
Cluster_4722	10.2474252080584	7.48362738470531	2.16740480336846
Cluster_4724	10.3840915681367	5.16560891892798	2.75602927617567
Cluster_4725	2.16740480336846	3.66391349340108	9.39804960083558
Cluster_4746	2.16740480336846	8.10966992550207	2.16740480336846
Cluster_4748	10.027038014258	10.1608313155057	4.00620474290907
Cluster_4749	2.16740480336846	8.22626319402146	10.9292792646421
Cluster_4751	8.68627478394081	3.34620297730879	2.16740480336846
Cluster_4764	3.41722968879869	3.79374691326059	9.4364481686236
Cluster_4770	2.16740480336846	4.5169377518296	8.91084091608124
Cluster_4783	2.16740480336846	8.81224834314424	7.60470574950825
Cluster_4811	2.16740480336846	2.16740480336846	7.6919755251373
Cluster_4828	6.86340774445661	2.16740480336846	10.8027189333237
Cluster_4829	7.75336515975963	2.86039346157687	11.1940120000817
Cluster_4841	2.16740480336846	3.5169948369365	8.64449664884506
Cluster_4896	8.34793866462719	7.70443018398381	2.16740480336846
Cluster_4897	7.74534375255949	8.11517923280735	2.16740480336846
Cluster_4898	10.2431610191239	8.77096839054802	2.75602927617567
Cluster_4914	8.68627478394081	2.16740480336846	4.72343955983265
Cluster_4921	2.90375011600437	10.9813591937715	6.33567174091834
Cluster_4924	10.4348294612738	2.16740480336846	5.27772759771244
Cluster_4926	9.48562245846697	5.86532857687635	2.75602927617567
Cluster_4927	3.41722968879869	8.65473844273022	2.99426765718754
Cluster_4949	3.1980385395748	9.03782275595183	3.32179282549175
Cluster_4981	2.16740480336846	7.22275421224974	7.9571134864216
Cluster_4994	12.5193954192249	3.13845365396397	12.6249437318456
Cluster_4995	10.7976789162524	2.16740480336846	11.2144114787113
Cluster_5000	3.41722968879869	3.5169948369365	9.19838388190295
Cluster_5002	4.48767854252262	12.0977393065621	6.00043860291745
Cluster_5053	2.16740480336846	8.86877708217537	2.16740480336846
Cluster_5058	9.3010215212801	9.34726198148173	3.32179282549175
Cluster_5059	11.4684032639557	11.3540326410162	3.56407288873617
Cluster_5087	2.90375011600437	8.17969953404781	2.16740480336846
Cluster_5095	10.1414359735089	2.86039346157687	2.99426765718754
Cluster_5148	11.6991647705249	4.01706087280711	2.75602927617567
Cluster_5149	11.95130499388	3.5169948369365	3.6671376069585
Cluster_5150	10.4147479240313	3.9105695465579	2.99426765718754
Cluster_5160	2.16740480336846	5.20810094239439	9.38338247127796
Cluster_5162	2.16740480336846	8.01853185227973	2.16740480336846
Cluster_5164	11.3537630127293	6.45937375042327	3.6671376069585
Cluster_5182	4.95678111448395	12.4279554031425	8.54841548129636
Cluster_5190	2.16740480336846	8.54881364607226	10.4862637984862
Cluster_5196	2.90375011600437	7.95849917310339	9.93141396233895
Cluster_5197	9.86072123290985	10.2930630002537	2.16740480336846
Cluster_5199	11.2597963540161	7.97677288410128	3.93004279925704
Cluster_5245	9.04423946354646	2.86039346157687	2.75602927617567
Cluster_5367	10.4778069404189	2.16740480336846	7.27790625097534
Cluster_5397	10.6227163576725	2.16740480336846	8.18850374343295
Cluster_5509	11.9831890121863	5.28940482759227	9.82568685192674
Cluster_5565	6.14738039716186	2.16740480336846	8.47958918572573
Cluster_5585	4.00916749934277	12.629030019836	13.3043673537311
Cluster_5587	10.7513903307011	10.3302425619624	3.84876971307193
Cluster_5606	4.48767854252262	3.13845365396397	11.9126839200333
Cluster_5609	3.88708485422626	2.16740480336846	9.28685835036645
Cluster_5612	3.1980385395748	2.16740480336846	9.42376187446921
Cluster_5616	4.22232718094181	2.16740480336846	10.9242217495385
Cluster_5622	2.16740480336846	2.86039346157687	7.98761215106671
Cluster_5665	3.75112664102827	5.47421399800027	10.1608630864086
Cluster_5669	2.16740480336846	8.34823403689109	2.16740480336846
Cluster_5675	4.1202448650481	14.359157672436	2.16740480336846
Cluster_5724	4.1202448650481	5.32835718989143	10.3974090573505
Cluster_5801	8.44520844979775	2.86039346157687	8.78007973730652
Cluster_5804	10.8302620490725	4.71010385919134	9.6570852797551
Cluster_5806	12.9141241046589	6.68399506947321	10.8161291320973
Cluster_5868	9.1360306269913	2.86039346157687	3.32179282549175
Cluster_5869	8.58207254853906	2.16740480336846	2.16740480336846
Cluster_5900	2.16740480336846	8.06482084752633	7.38001773935188
Cluster_5903	2.16740480336846	7.68973262368973	7.74904817217946
Cluster_5959	2.90375011600437	8.78139966138162	8.51590801797439
Cluster_5978	2.16740480336846	9.79957898189038	3.17350671118386
Cluster_6043	8.74777433421292	2.86039346157687	2.75602927617567
Cluster_6044	8.76374080579492	2.86039346157687	2.16740480336846
Cluster_6048	10.5018026321466	3.5169948369365	9.02653792289601
Cluster_6055	11.7793911259791	11.3048717880779	2.16740480336846
Cluster_6059	11.7441169048853	8.43007505966168	2.99426765718754
Cluster_6060	10.4570920220737	8.32465121752707	2.75602927617567
Cluster_6066	12.2704853504882	7.73338319281589	5.81748509866093
Cluster_6074	7.75336515975963	2.16740480336846	2.16740480336846
Cluster_6138	11.0674023497809	5.75602751574771	4.58907980499886
Cluster_6159	8.74777433421292	2.16740480336846	2.16740480336846
Cluster_6231	8.89276115247513	2.16740480336846	2.16740480336846
Cluster_6250	10.2990060229164	10.7191512895707	4.63536476113242
Cluster_6295	2.90375011600437	9.89231825537448	2.16740480336846
Cluster_6315	9.11440304191603	4.29097957504037	10.8714795345041
Cluster_6341	8.28847269674688	2.16740480336846	2.75602927617567
Cluster_6345	8.23792606616759	2.16740480336846	2.16740480336846
Cluster_6348	8.45507588940033	2.16740480336846	2.16740480336846
Cluster_6354	9.65140522939835	2.16740480336846	2.16740480336846
Cluster_6466	8.70293275238697	8.15851192384368	2.99426765718754
Cluster_6510	8.4648762761657	2.16740480336846	9.62696479109385
Cluster_6658	3.1980385395748	9.19952803539353	2.16740480336846
Cluster_6673	11.9182546828689	4.11509738981894	3.6671376069585
Cluster_6707	2.16740480336846	8.94807926719339	9.52077087852498
Cluster_6726	2.16740480336846	7.79647636460706	8.66620326309254
Cluster_6730	2.16740480336846	2.16740480336846	7.88024296411191
Cluster_6752	2.90375011600437	2.16740480336846	9.622808290415
Cluster_6860	2.16740480336846	8.88499014606101	3.84876971307193
Cluster_6903	7.68790810241256	2.16740480336846	2.16740480336846
Cluster_6944	9.30648152995549	2.16740480336846	6.44043810246603
Cluster_6958	11.1117356248937	2.16740480336846	10.6720469012429
Cluster_7055	6.07212375707487	4.93123490187176	10.8650423711258
Cluster_7072	7.32850651403724	5.66816395412146	11.8791002180114
Cluster_7085	7.56567775633305	2.16740480336846	8.1350168194214
Cluster_7086	7.31772416334676	2.16740480336846	7.98761215106671
Cluster_7088	8.79515311423917	2.16740480336846	8.60851144430279
Cluster_7089	10.028690622827	2.16740480336846	10.5504003420998
Cluster_7091	8.70706735698211	2.16740480336846	7.88950220175008
Cluster_7127	9.72664186552213	2.86039346157687	2.16740480336846
Cluster_7166	4.00916749934277	8.43888831831563	2.16740480336846
Cluster_7167	8.40504938778238	9.06084047592209	2.16740480336846
Cluster_7199	10.4373201123801	2.16740480336846	2.16740480336846
Cluster_7203	8.37417876890163	2.16740480336846	2.99426765718754
Cluster_7205	8.68208005705098	2.16740480336846	2.99426765718754
Cluster_7207	3.88708485422626	2.86039346157687	8.89943142831018
Cluster_7225	9.65140522939835	3.13845365396397	7.98761215106671
Cluster_7226	2.16740480336846	8.46931738708753	3.17350671118386
Cluster_7252	2.90375011600437	9.52329838586704	4.33002473530457
Cluster_7261	8.4648762761657	8.23640961649472	2.16740480336846
Cluster_7272	3.1980385395748	8.97256204922264	3.84876971307193
Cluster_7295	2.16740480336846	9.02031517828748	2.16740480336846
Cluster_7308	7.94764268985895	7.20218006064955	2.16740480336846
Cluster_7338	2.90375011600437	10.3396837469644	3.56407288873617
Cluster_7339	2.16740480336846	9.25796121247354	2.16740480336846
Cluster_7340	2.16740480336846	8.49489801612621	3.32179282549175
Cluster_7466	6.45417598483888	12.6167054088933	12.3555515770793
Cluster_7468	2.16740480336846	8.25149663497819	3.6671376069585
Cluster_7514	4.22232718094181	11.740474625133	10.6415565049131
Cluster_7515	2.90375011600437	9.58810831587291	8.26874066589948
Cluster_7516	2.16740480336846	8.54064899203497	7.84259960444494
Cluster_7531	2.16740480336846	8.33413067236369	8.67157925493669
Cluster_7533	2.16740480336846	8.45635489134161	8.38784718070114
Cluster_7536	2.16740480336846	8.22116308479277	7.17559305379612
Cluster_7539	2.16740480336846	8.27137022492824	6.4900855696022
Cluster_7556	9.01118266549692	3.79374691326059	2.75602927617567
Cluster_7561	9.96279341393983	8.25149663497819	2.75602927617567
Cluster_7571	2.16740480336846	7.72619928059623	2.16740480336846
Cluster_7576	2.16740480336846	8.13700834731971	2.75602927617567
Cluster_7624	8.87816777109503	3.34620297730879	3.56407288873617
Cluster_7658	10.0645771227574	2.16740480336846	8.49179736614697
Cluster_7671	10.9855310574256	11.0555676661697	5.21936846045551
Cluster_7717	7.90507681994532	9.17863562210189	2.16740480336846
Cluster_7733	6.37300955154818	2.16740480336846	10.7742700388329
Cluster_7786	2.90375011600437	4.01706087280711	9.37187070271176
Cluster_7789	2.90375011600437	3.34620297730879	8.76507048302428
Cluster_7817	2.16740480336846	8.26642744487243	2.75602927617567
Cluster_7845	2.16740480336846	9.34491973330377	2.75602927617567
Cluster_7852	2.16740480336846	8.86877708217537	4.00620474290907
Cluster_7853	2.16740480336846	7.59036144388019	9.5148017757039
Cluster_7948	3.88708485422626	3.5169948369365	9.64073393222544
Cluster_7990	2.16740480336846	9.03782275595183	9.8754484087623
Cluster_7997	2.16740480336846	3.79374691326059	10.7636127021874
Cluster_8003	2.16740480336846	8.89783065224098	7.41250739509629
Cluster_8010	2.16740480336846	7.68232725608927	7.57631347782116
Cluster_8100	2.16740480336846	9.4180473128913	4.8841705175174
Cluster_8135	8.32659730854464	2.16740480336846	2.16740480336846
Cluster_8183	2.16740480336846	4.44582942745989	8.95339211889387
Cluster_8215	2.16740480336846	2.16740480336846	9.66653867136964
Cluster_8234	2.16740480336846	2.16740480336846	8.21083300849895
Cluster_8244	12.3353517482354	2.16740480336846	6.03437501361961
Cluster_8254	2.16740480336846	2.86039346157687	8.6822714964036
Cluster_8295	4.89884288197672	11.3540326410162	9.28685835036645
Cluster_8325	11.6191575566948	5.28940482759227	11.8624513105215
Cluster_8338	2.90375011600437	12.1824891928048	9.13558659238989
Cluster_8391	9.1693749517229	2.16740480336846	2.16740480336846
Cluster_8405	3.88708485422626	10.7344420239895	10.5792867800538
Cluster_8408	2.16740480336846	6.10674645322178	8.64449664884506
Cluster_8410	4.1202448650481	8.63952834738323	10.6913602272795
Cluster_8435	12.3070329970855	5.57450428953234	8.65810151679752
Cluster_8436	4.22232718094181	10.248648852459	10.0173078071307
Cluster_8450	8.62203575087082	2.16740480336846	2.16740480336846
Cluster_8465	5.06585659770041	12.0431643761164	7.82340278362206
Cluster_8509	7.57476074681704	2.16740480336846	7.87092387270153
Cluster_8516	3.59692967960342	10.2524027054708	8.30032008161434
Cluster_8518	9.7164240441934	8.74987676896285	3.76151613117587
Cluster_8549	9.94014136028821	4.58445061110889	2.99426765718754
Cluster_8580	9.15733873348661	8.56902533170703	3.32179282549175
Cluster_8592	10.2502610144887	3.79374691326059	9.42853231846521
Cluster_8609	2.16740480336846	6.91661890061858	8.86465127506535
Cluster_8643	2.16740480336846	4.29097957504037	9.86844384404885
Cluster_8658	9.90458234715249	2.16740480336846	9.40452076181517
Cluster_8667	8.91794960506183	5.16560891892798	11.4007225899826
Cluster_8677	11.4537161096959	3.79374691326059	9.92917165363236
Cluster_8678	13.632190143469	4.11509738981894	11.482514101212
Cluster_8696	8.81444399496763	8.14780021955439	2.75602927617567
Cluster_8720	2.16740480336846	7.87001874428224	2.75602927617567
Cluster_8729	8.8559970751502	2.16740480336846	7.30585151542656
Cluster_8730	2.16740480336846	9.71867141659888	6.8449901943293
Cluster_8734	3.41722968879869	12.280723618584	3.93004279925704
Cluster_8741	8.41013085233994	8.49489801612621	2.99426765718754
Cluster_8742	9.80972902487132	9.17863562210189	2.16740480336846
Cluster_8815	8.45507588940033	2.16740480336846	6.96383196145026
Cluster_8884	14.7969189263167	13.6284886370061	4.6801167592041
Cluster_8885	10.6465901550953	2.16740480336846	2.16740480336846
Cluster_8887	15.8998443009334	14.0812577156161	5.43954409831244
Cluster_8896	2.16740480336846	9.79786751949628	2.16740480336846
Cluster_8967	9.00783493539585	5.28940482759227	2.16740480336846
Cluster_8996	3.1980385395748	8.10966992550207	2.16740480336846
Cluster_9020	9.20196589298825	2.16740480336846	2.16740480336846
Cluster_9023	2.16740480336846	9.42693301398927	8.77509398615473
Cluster_9032	9.05401056510833	4.71010385919134	10.8585763566441
Cluster_9050	2.90375011600437	8.64334593493126	2.16740480336846
Cluster_9052	2.16740480336846	10.2259182703324	2.16740480336846
Cluster_9053	2.16740480336846	8.04763614858518	7.71819810000169
Cluster_9078	2.90375011600437	8.30067633313288	2.75602927617567
Cluster_9106	9.03110750969307	7.08344633338597	2.16740480336846
Cluster_9112	2.16740480336846	8.89783065224098	6.4900855696022
Cluster_9137	7.67106858240213	2.16740480336846	2.16740480336846
Cluster_9149	7.89060426178805	2.16740480336846	2.16740480336846
Cluster_9154	2.16740480336846	6.79816250908935	11.2962896963359
Cluster_9156	8.71530117898941	3.13845365396397	2.16740480336846
Cluster_9178	2.16740480336846	10.1203213217584	7.38657455232199
Cluster_9179	3.1980385395748	10.7548748602607	11.7315378451733
Cluster_9192	3.59692967960342	10.5341691701745	3.6671376069585
Cluster_9244	10.1011641463682	3.79374691326059	2.99426765718754
Cluster_9251	3.75112664102827	10.9142264737449	6.91927770493654
Cluster_9282	2.16740480336846	2.16740480336846	8.06728254686405
Cluster_9285	2.90375011600437	9.67644984743863	2.75602927617567
Cluster_9292	9.1298843340389	2.16740480336846	3.56407288873617
Cluster_9293	3.1980385395748	9.63103405725821	10.6215600824704
Cluster_9328	10.7563858400709	2.86039346157687	9.35024488126873
Cluster_9333	11.2169514593814	2.16740480336846	10.5835702890582
Cluster_9431	3.1980385395748	10.5985015870297	11.3084175211546
Cluster_9447	2.16740480336846	6.94166850706091	8.43918344059404
Cluster_9458	3.1980385395748	2.16740480336846	9.15298602264886
Cluster_9499	9.52362366044843	2.16740480336846	5.94797263994106
Cluster_9500	10.1229885649931	2.16740480336846	2.16740480336846
Cluster_9501	10.8312093244582	12.9970175565799	2.75602927617567
Cluster_9568	7.36037760575562	8.06482084752633	2.16740480336846
Cluster_9585	2.16740480336846	9.09190182814544	7.34003750253454
Cluster_9587	3.41722968879869	10.6815928310867	10.0802996128411
Cluster_9590	2.16740480336846	10.6353843110984	8.91311202380928
Cluster_9602	2.16740480336846	8.57303390108726	4.8841705175174
Cluster_9607	2.16740480336846	7.57444663830412	7.91239341678577
Cluster_9621	2.90375011600437	9.20211843894328	3.17350671118386
Cluster_9655	8.8963865446073	10.4549369941606	2.75602927617567
Cluster_9680	10.6721914809439	2.16740480336846	4.27148434233459
Cluster_9690	11.7441169048853	4.87919980579413	11.67679102777
Cluster_9726	7.38123987986557	8.07050386615791	2.16740480336846
Cluster_9735	8.58656797976426	6.36979822566492	2.16740480336846
Cluster_9752	2.16740480336846	10.9470255709476	2.16740480336846
Cluster_9754	2.16740480336846	10.5103306075763	2.16740480336846
Cluster_9758	2.90375011600437	7.55023995312789	9.89855433568463
Cluster_9830	2.16740480336846	7.64471870268974	2.16740480336846
Cluster_9831	2.16740480336846	7.68973262368973	2.16740480336846
Cluster_9860	4.83836251965039	9.985481345007	4.14577592318929
Cluster_9864	9.51892789535533	2.16740480336846	11.5981727112341
Cluster_9865	9.50237129152466	2.86039346157687	11.6038071014345
Cluster_9954	2.16740480336846	7.72619928059623	8.99042861251463
Cluster_9956	2.16740480336846	9.21500113742837	2.99426765718754
Cluster_9973	8.68208005705098	2.16740480336846	5.89350450694092
Cluster_10007	9.01452264410047	2.16740480336846	2.75602927617567
Cluster_10009	2.16740480336846	7.70443018398381	2.16740480336846
Cluster_10035	8.74777433421292	7.55835411203995	2.75602927617567
Cluster_10065	2.16740480336846	3.79374691326059	8.55424800969733
Cluster_10085	11.1334016310632	2.16740480336846	7.04071017604313
Cluster_10091	13.0378562509618	9.45760890131186	3.17350671118386
Cluster_10106	9.72460408276319	2.16740480336846	3.17350671118386
Cluster_10107	9.09560347150409	3.79374691326059	10.4824457527908
Cluster_10123	2.90375011600437	2.16740480336846	9.40128880991497
Cluster_10124	3.1980385395748	2.16740480336846	13.2507213774433
Cluster_10151	2.16740480336846	9.0261746794365	5.21936846045551
Cluster_10161	2.90375011600437	7.99481788200554	2.16740480336846
Cluster_10169	2.90375011600437	10.5392997514754	2.75602927617567
Cluster_10170	2.16740480336846	10.1079431333834	2.16740480336846
Cluster_10173	2.16740480336846	9.10025829942118	2.16740480336846
Cluster_10178	3.41722968879869	9.28264683377012	3.56407288873617
Cluster_10179	2.16740480336846	9.08068402548182	2.16740480336846
Cluster_10181	2.16740480336846	8.21604487382055	2.16740480336846
Cluster_10212	2.16740480336846	10.98737831769	2.16740480336846
Cluster_10215	8.27181990423654	2.16740480336846	2.16740480336846
Cluster_10217	2.16740480336846	7.98882794164799	7.55900567495534
Cluster_10224	9.0178549070254	5.28940482759227	2.16740480336846
Cluster_10228	8.939195062335	2.16740480336846	2.16740480336846
Cluster_10291	2.90375011600437	2.16740480336846	8.09955417836203
Cluster_10292	8.07469785752829	2.16740480336846	2.99426765718754
Cluster_10293	8.02255885068285	2.86039346157687	2.16740480336846
Cluster_10318	8.64376821652614	3.13845365396397	3.17350671118386
Cluster_10323	2.16740480336846	8.25649076789769	2.16740480336846
Cluster_10326	2.16740480336846	7.78960084751618	2.16740480336846
Cluster_10329	5.9371605860981	10.7263671213813	4.27148434233459
Cluster_10331	3.1980385395748	8.57703136031456	2.99426765718754
Cluster_10341	10.3207524714008	4.29097957504037	10.1377456008775
Cluster_10354	2.16740480336846	2.86039346157687	8.68493221776209
Cluster_10356	8.75976572676619	2.16740480336846	3.45009062503158
Cluster_10363	9.01452264410047	3.13845365396397	2.16740480336846
Cluster_10443	9.49042771496998	3.34620297730879	2.16740480336846
Cluster_10465	3.75112664102827	8.52003282655794	2.16740480336846
Cluster_10491	8.61764968465928	2.16740480336846	3.56407288873617
Cluster_10492	9.90458234715249	2.16740480336846	4.27148434233459
Cluster_10511	5.01239019345185	10.0284409925203	2.16740480336846
Cluster_10513	3.1980385395748	10.767172018115	7.96151013734373
Cluster_10535	3.1980385395748	2.16740480336846	10.9089419470717
Cluster_10629	8.71530117898941	2.16740480336846	2.75602927617567
Cluster_10646	3.1980385395748	9.09469270085222	9.53263549485705
Cluster_10662	9.02117948984282	2.16740480336846	3.45009062503158
Cluster_10758	3.1980385395748	8.89142468730271	3.56407288873617
Cluster_10762	2.16740480336846	7.77575064205679	8.20342827174506
Cluster_10815	9.46623975107205	2.16740480336846	6.81611250295351
Cluster_10828	2.16740480336846	8.38061523128014	2.75602927617567
Cluster_10866	11.0108347998832	3.34620297730879	10.0413829719355
Cluster_10889	2.16740480336846	7.31186507723335	8.38129973010041
Cluster_10950	8.55480168143327	2.86039346157687	2.16740480336846
Cluster_10968	11.0406248568861	2.86039346157687	8.19971159576802
Cluster_10982	9.58556440771133	2.16740480336846	2.16740480336846
Cluster_10990	8.47461051553384	2.16740480336846	6.91927770493654
Cluster_11002	10.0564991328118	2.86039346157687	2.75602927617567
Cluster_11023	9.46623975107205	2.16740480336846	2.16740480336846
Cluster_11054	9.10189725731088	3.34620297730879	9.69585234294132
Cluster_11060	9.80201895802432	2.86039346157687	5.60751668816115
Cluster_11110	7.85377417545858	2.16740480336846	2.16740480336846
Cluster_11119	3.59692967960342	4.29097957504037	10.740141539425
Cluster_11137	3.59692967960342	9.83171683942135	3.17350671118386
Cluster_11150	2.16740480336846	9.72768876108445	8.09555950354437
Cluster_11157	2.16740480336846	10.4956249340378	2.16740480336846
Cluster_11252	10.9475971530894	5.40317013291647	3.84876971307193
Cluster_11260	2.16740480336846	2.16740480336846	7.69725834444468
Cluster_11264	8.71940053059517	2.16740480336846	2.16740480336846
Cluster_11296	11.3811877751188	4.11509738981894	7.45679609775323
Cluster_11340	11.178761294777	4.37068693951651	12.6972215694829
Cluster_11341	11.9772106986727	13.360788765684	4.76542628612532
Cluster_11344	10.4862509072396	3.5169948369365	2.75602927617567
Cluster_11351	10.431085403658	3.79374691326059	6.4778337717229
Cluster_11406	7.93359324234786	2.16740480336846	2.16740480336846
Cluster_11438	2.16740480336846	8.14241437939624	2.75602927617567
Cluster_11440	8.87449623909224	2.16740480336846	6.74638670781028
Cluster_11459	9.53296958238886	2.16740480336846	3.17350671118386
Cluster_11466	11.6186090038962	3.79374691326059	6.067524257342
Cluster_11556	13.2956667533084	2.16740480336846	2.75602927617567
Cluster_11557	11.9460675603357	5.47421399800027	3.56407288873617
Cluster_11558	11.5032918819508	3.79374691326059	2.16740480336846
Cluster_11559	13.4043638982928	3.5169948369365	2.16740480336846
Cluster_11560	11.2682147330198	3.5169948369365	2.16740480336846
Cluster_11561	11.6328040245051	3.66391349340108	3.56407288873617
Cluster_11562	10.0645771227574	2.86039346157687	3.17350671118386
Cluster_11563	12.9939076721669	4.20605519187078	3.6671376069585
Cluster_11564	8.24931275614359	2.16740480336846	2.16740480336846
Cluster_11606	2.16740480336846	16.1660927693869	2.99426765718754
Cluster_11628	11.7161863795896	6.03850581211263	5.67382672534569
Cluster_11651	10.1089965370057	4.64873550711818	10.4413408009018
Cluster_11665	10.9113287465241	5.47421399800027	2.99426765718754
Cluster_11666	8.77165824925098	3.13845365396397	2.16740480336846
Cluster_11667	10.0710071047827	2.16740480336846	2.16740480336846
Cluster_11668	9.38082799449833	2.16740480336846	2.16740480336846
Cluster_11669	9.33614767320488	2.16740480336846	2.16740480336846
Cluster_11671	8.21487935016369	2.86039346157687	2.16740480336846
Cluster_11696	2.16740480336846	2.16740480336846	8.31413642275658
Cluster_11718	2.16740480336846	9.89392131553228	10.7686377277646
Cluster_11745	10.6583805181878	4.01706087280711	10.3892757215825
Cluster_11762	8.22644874912396	2.86039346157687	2.16740480336846
Cluster_11778	9.00783493539585	5.28940482759227	2.16740480336846
Cluster_11781	8.34793866462719	4.20605519187078	2.16740480336846
Cluster_11845	7.85377417545858	2.16740480336846	2.16740480336846
Cluster_11853	10.7463774634074	3.13845365396397	9.35526430787452
Cluster_11865	2.16740480336846	7.44912953497515	8.59442834720976
Cluster_11874	7.72916576795852	10.2499012224085	2.16740480336846
Cluster_11886	9.30920380405684	3.5169948369365	2.75602927617567
Cluster_11923	4.77509508430494	9.43356155492628	2.16740480336846
Cluster_11936	4.95678111448395	9.8533005103862	3.84876971307193
Cluster_11948	8.31580701782267	8.52831468932312	2.16740480336846
Cluster_11952	12.3104335712263	2.16740480336846	9.14140975252096
Cluster_11954	8.67787309521889	2.86039346157687	8.98612041284117
Cluster_11956	8.69878626163717	2.16740480336846	8.98396147816429
Cluster_11959	9.14215084271272	2.16740480336846	9.01812257645897
Cluster_11960	10.6931842564039	3.79374691326059	11.0909643529021
Cluster_11967	11.2016499945548	2.16740480336846	9.73745445940915
Cluster_11968	8.79515311423917	2.16740480336846	6.53807320138097
Cluster_11987	2.90375011600437	9.62332378318618	4.21017042429516
Cluster_11988	8.28847269674688	2.16740480336846	2.16740480336846
Cluster_11998	9.15733873348661	4.37068693951651	10.576424025252
Cluster_12058	2.90375011600437	2.16740480336846	8.82419255629378
Cluster_12130	7.26256739131977	2.16740480336846	7.88488001652637
Cluster_12146	7.72100817061427	2.16740480336846	2.16740480336846
Cluster_12173	9.25658112319719	2.16740480336846	2.16740480336846
Cluster_12190	2.16740480336846	6.31323855812162	9.16256245133367
Cluster_12195	8.45507588940033	2.86039346157687	8.31069472722871
Cluster_12211	8.63944784103615	2.16740480336846	2.75602927617567
Cluster_12220	6.7232426251753	2.86039346157687	10.8118757566067
Cluster_12225	10.8044476323578	9.85494749392306	3.93004279925704
Cluster_12243	3.88708485422626	10.4208726785007	5.51398586929082
Cluster_12245	2.16740480336846	8.05338716858631	2.75602927617567
Cluster_12306	4.1202448650481	10.193741821035	3.45009062503158
Cluster_12349	8.92861144817615	3.13845365396397	3.32179282549175
Cluster_12376	9.71231656519247	2.16740480336846	7.9571134864216
Cluster_12402	11.2484948857671	4.29097957504037	5.41383223374085
Cluster_12403	9.49760572045292	2.86039346157687	2.75602927617567
Cluster_12453	2.16740480336846	5.94213327951974	8.77259463302312
Cluster_12461	2.16740480336846	2.16740480336846	8.038439936527
Cluster_12553	8.66942217970349	2.16740480336846	2.16740480336846
Cluster_12557	10.2374557564584	10.3502317462956	2.16740480336846
Cluster_12558	2.16740480336846	10.7182467676153	7.73370566886847
Cluster_12575	9.00783493539585	5.40317013291647	2.16740480336846
Cluster_12585	7.42207938585576	13.4546089108052	6.53807320138097
Cluster_12599	8.12501712339391	3.34620297730879	2.16740480336846
Cluster_12602	13.0015013668295	2.86039346157687	11.5649798499037
Cluster_12638	9.8532796240504	11.3834294918464	5.24885145285911
Cluster_12647	8.87081533779786	2.16740480336846	8.30378659630379
Cluster_12656	2.90375011600437	9.16542251636883	3.17350671118386
Cluster_12670	9.09244625088367	2.16740480336846	9.65165539745645
Cluster_12676	9.79814841697568	3.66391349340108	5.43954409831244
Cluster_12683	6.93575283162673	9.5540408845349	2.75602927617567
Cluster_12712	9.44411830692114	2.86039346157687	2.99426765718754
Cluster_12713	9.77863839274175	3.34620297730879	8.61967974448259
Cluster_12725	8.14953322183666	2.86039346157687	2.16740480336846
Cluster_12786	6.8927837766647	9.24796745492803	2.16740480336846
Cluster_12820	2.16740480336846	7.84370810059536	8.20342827174506
Cluster_12830	10.1399076672285	10.1514802211326	3.17350671118386
Cluster_12831	10.8923930463614	10.7254671136898	2.75602927617567
Cluster_12864	8.43027953946491	4.71010385919134	2.16740480336846
Cluster_12877	12.7029202414427	9.40686266125601	3.17350671118386
Cluster_12879	9.72256341743541	10.737123645631	2.75602927617567
Cluster_12883	2.16740480336846	9.34257367588391	8.57447809504536
Cluster_12885	9.868124652102	2.86039346157687	5.94797263994106
Cluster_12893	8.43527303319275	2.16740480336846	6.82580296950253
Cluster_12913	7.92651684141973	2.16740480336846	2.75602927617567
Cluster_12918	9.74082631173826	3.13845365396397	7.10576101343125
Cluster_12924	2.16740480336846	2.16740480336846	7.61590786669738
Cluster_12952	3.75112664102827	9.92404581705122	2.16740480336846
Cluster_13050	9.53993950233742	6.55996950308029	2.99426765718754
Cluster_13072	8.86342523516626	2.16740480336846	2.16740480336846
Cluster_13118	9.07655565444169	4.29097957504037	10.5692421861444
Cluster_13172	8.19145830928194	2.16740480336846	2.99426765718754
Cluster_13179	2.16740480336846	2.16740480336846	7.71819810000169
Cluster_13185	2.16740480336846	8.71764952914318	8.08753679934782
Cluster_13201	8.05536599811219	2.16740480336846	2.75602927617567
Cluster_13244	4.95678111448395	4.37068693951651	10.6429254054952
Cluster_13247	4.77509508430494	10.8354989827446	3.32179282549175
Cluster_13259	10.5428580353929	2.16740480336846	6.79653344725004
Cluster_13296	2.16740480336846	4.20605519187078	9.45215073858116
Cluster_13297	4.00916749934277	11.335276962239	8.80475321917354
Cluster_13324	7.96846344588442	2.86039346157687	2.16740480336846
Cluster_13345	11.5385170914774	11.7342243355268	5.94797263994106
Cluster_13376	2.16740480336846	8.66978981307595	5.02808380988158
Cluster_13397	9.20489251627459	2.16740480336846	7.16799910352343
Cluster_13398	8.71940053059517	2.16740480336846	8.38129973010041
Cluster_13399	7.8759849418774	2.16740480336846	7.51180871946731
Cluster_13401	8.94970158734712	2.86039346157687	9.36026632978377
Cluster_13411	10.5532289707952	2.16740480336846	3.17350671118386
Cluster_13433	2.16740480336846	2.86039346157687	11.7883090043805
Cluster_13441	8.34793866462719	2.16740480336846	3.45009062503158
Cluster_13557	2.16740480336846	7.04928958603395	8.09155373116146
Cluster_13560	3.1980385395748	9.80299582748727	7.09778861097861
Cluster_13577	3.1980385395748	4.20605519187078	10.7318034171692
Cluster_13609	2.16740480336846	7.62939612697775	7.76422908993447
Cluster_13621	3.41722968879869	3.13845365396397	9.09214963517013
Cluster_13634	12.4621477031063	5.83877942348864	5.87487630557849
Cluster_13650	2.16740480336846	3.79374691326059	9.38010275780628
Cluster_13666	3.41722968879869	10.2297316590212	9.73873538993578
Cluster_13671	12.4296811044405	2.16740480336846	2.16740480336846
Cluster_13678	10.8092630598833	3.34620297730879	3.56407288873617
Cluster_13680	9.87181216267811	2.16740480336846	3.32179282549175
Cluster_13682	7.80057823216095	2.16740480336846	2.16740480336846
Cluster_13683	12.2419197322335	2.16740480336846	2.16740480336846
Cluster_13697	2.16740480336846	2.86039346157687	9.38174354660792
Cluster_13699	8.85226860071238	7.44912953497515	2.75602927617567
Cluster_13703	2.16740480336846	2.16740480336846	7.70252187182929
Cluster_13748	7.62808835350587	2.16740480336846	2.16740480336846
Cluster_13751	7.59275676590217	2.86039346157687	10.6104077653222
Cluster_13755	8.52231994299818	2.16740480336846	2.16740480336846
Cluster_13759	2.16740480336846	8.8257499066168	2.75602927617567
Cluster_13761	7.96846344588442	2.16740480336846	2.16740480336846
Cluster_13819	2.16740480336846	7.97070734524914	2.75602927617567
Cluster_13868	3.1980385395748	10.2967031901131	11.0030884750174
Cluster_13892	3.1980385395748	2.16740480336846	9.86375516810482
Cluster_13907	6.01965825535418	8.90102299770932	2.16740480336846
Cluster_13911	2.90375011600437	9.08068402548182	9.01389642083866
Cluster_13926	8.11260097281852	2.16740480336846	2.16740480336846
Cluster_13927	8.15559766766705	2.16740480336846	2.16740480336846
Cluster_13974	4.1202448650481	9.79615402428703	3.17350671118386
Cluster_13981	9.74284132385684	3.66391349340108	9.99389723801665
Cluster_13995	6.21887655040853	9.99298004334017	2.16740480336846
Cluster_14016	2.16740480336846	8.61251850767555	2.16740480336846
Cluster_14032	12.926365480549	7.13863273903245	12.8371362502913
Cluster_14044	7.68790810241256	2.16740480336846	2.16740480336846
Cluster_14099	4.1202448650481	12.2117044316973	3.76151613117587
Cluster_14101	9.78647409323705	4.01706087280711	3.76151613117587
Cluster_14143	9.01452264410047	2.86039346157687	2.75602927617567
Cluster_14186	8.14344316326425	3.5169948369365	2.16740480336846
Cluster_14197	2.16740480336846	9.36123616395348	2.16740480336846
Cluster_14212	2.16740480336846	6.9784437465618	9.47692465734259
Cluster_14224	5.11734463406089	3.13845365396397	9.72845595734315
Cluster_14225	8.59104944294511	3.13845365396397	9.03490445932933
Cluster_14226	7.72916576795852	2.16740480336846	7.9571134864216
Cluster_14243	10.1806140677254	2.86039346157687	2.16740480336846
Cluster_14244	9.69992348836791	3.13845365396397	2.16740480336846
Cluster_14245	10.6401182016443	3.79374691326059	2.16740480336846
Cluster_14259	2.16740480336846	9.66897914539049	6.82580296950253
Cluster_14274	10.0483756558636	2.86039346157687	6.8449901943293
Cluster_14306	2.16740480336846	2.16740480336846	7.61590786669738
Cluster_14363	2.90375011600437	8.35290467447451	2.16740480336846
Cluster_14393	4.89884288197672	11.3627411273108	6.61837627659001
Cluster_14477	9.30375410886379	2.16740480336846	6.73614400418351
Cluster_14483	2.16740480336846	8.69942939557187	2.75602927617567
Cluster_14493	5.62155948367067	12.6025600245423	3.84876971307193
Cluster_14506	2.16740480336846	9.65202725592921	16.3655273928248
Cluster_14510	2.16740480336846	8.88176207941682	2.16740480336846
Cluster_14511	2.16740480336846	15.7600685566932	17.3871439829137
Cluster_14516	2.16740480336846	9.13320834409891	2.16740480336846
Cluster_14539	11.8761919957307	6.59199406384038	4.84571928920205
Cluster_14551	2.16740480336846	5.86532857687635	9.25139918250447
Cluster_14555	10.4210534841791	2.86039346157687	7.2919466565417
Cluster_14567	3.1980385395748	9.26293224721319	2.99426765718754
Cluster_14568	2.90375011600437	8.37603362292045	2.16740480336846
Cluster_14570	2.16740480336846	9.61362762644472	3.17350671118386
Cluster_14608	10.3672099656553	4.20605519187078	3.6671376069585
Cluster_14611	9.0701500753142	2.86039346157687	2.75602927617567
Cluster_14616	2.90375011600437	9.13592050684061	3.56407288873617
Cluster_14620	2.16740480336846	9.16010319876645	2.16740480336846
Cluster_14629	7.74534375255949	2.16740480336846	2.16740480336846
Cluster_14630	9.42667510603726	2.16740480336846	2.75602927617567
Cluster_14631	12.0800089096278	2.86039346157687	2.16740480336846
Cluster_14640	8.44520844979775	2.16740480336846	6.85448866546973
Cluster_14706	10.5242346995924	4.01706087280711	8.38457717106527
Cluster_14737	10.5532289707952	2.16740480336846	7.73370566886847
Cluster_14747	8.63944784103615	2.86039346157687	2.99426765718754
Cluster_14776	11.7172115660324	18.0418464929382	17.5937115523731
Cluster_14786	3.1980385395748	2.16740480336846	9.16827794037409
Cluster_14793	2.16740480336846	8.30067633313288	3.45009062503158
Cluster_14795	2.16740480336846	8.44764804668993	2.75602927617567
Cluster_14837	3.88708485422626	2.16740480336846	8.85759346494481
Cluster_14866	2.16740480336846	9.45977527602615	2.16740480336846
Cluster_14876	8.60441088578627	5.12178491921024	2.16740480336846
Cluster_14893	9.07335642047318	2.16740480336846	5.62996600610021
Cluster_14894	8.03577142101279	2.16740480336846	7.78422476959272
Cluster_14895	8.82208868281697	2.16740480336846	7.01553765976096
Cluster_14939	6.7395085444874	2.16740480336846	10.6592516922512
Cluster_14941	10.3301644258339	2.16740480336846	9.76914138185189
Cluster_14952	9.78842638634296	3.34620297730879	6.9812744295981
Cluster_15009	2.16740480336846	9.34960043276887	2.99426765718754
Cluster_15046	2.16740480336846	8.30067633313288	2.16740480336846
Cluster_15057	7.43211090335966	2.16740480336846	8.0216956436228
Cluster_15059	7.68790810241256	2.16740480336846	10.2587540104459
Cluster_15061	11.0496060250564	2.16740480336846	9.11797472687662
Cluster_15064	7.96155654872807	2.86039346157687	11.6216212577117
Cluster_15094	12.6184704985462	2.16740480336846	6.01750755574716
Cluster_15105	11.4238854801	9.28264683377012	2.16740480336846
Cluster_15125	3.1980385395748	3.9105695465579	10.3250641350351
Cluster_15132	8.53167532488583	2.16740480336846	3.6671376069585
Cluster_15134	8.28847269674688	2.16740480336846	3.84876971307193
Cluster_15137	8.62203575087082	2.16740480336846	3.76151613117587
Cluster_15141	8.09377395483007	2.16740480336846	2.75602927617567
Cluster_15142	10.0964442191166	4.11509738981894	4.76542628612532
Cluster_15218	9.86996958559793	3.34620297730879	7.58203685816685
Cluster_15274	3.1980385395748	2.16740480336846	9.59337254891562
Cluster_15275	2.90375011600437	2.16740480336846	9.27454654315917
Cluster_15286	10.4741729130547	2.16740480336846	7.34677840751883
Cluster_15296	8.35322501975849	9.01443177811807	2.99426765718754
Cluster_15331	9.01118266549692	2.16740480336846	2.16740480336846
Cluster_15346	5.43284873525015	9.01148105481303	2.16740480336846
Cluster_15375	2.90375011600437	9.40461528701346	8.27581831844268
Cluster_15381	2.16740480336846	10.7442503629447	9.74001518410433
Cluster_15385	2.16740480336846	8.12613509748822	7.55900567495534
Cluster_15386	2.16740480336846	9.217563928365	5.27772759771244
Cluster_15436	3.1980385395748	2.16740480336846	8.75497683639027
Cluster_15437	2.16740480336846	3.34620297730879	10.1901851837788
Cluster_15470	2.90375011600437	3.9105695465579	12.3768919567221
Cluster_15482	2.16740480336846	9.00852428314712	2.75602927617567
Cluster_15483	8.30493538260806	2.16740480336846	2.75602927617567
Cluster_15484	2.16740480336846	8.89463122593445	2.16740480336846
Cluster_15485	2.16740480336846	8.91372219367621	2.16740480336846
Cluster_15543	8.71940053059517	2.16740480336846	6.05104572152406
Cluster_15545	5.47265824724712	10.4516753779205	3.32179282549175
Cluster_15567	2.16740480336846	8.14780021955439	2.16740480336846
Cluster_15585	2.16740480336846	9.36817281751173	8.59159515091776
Cluster_15594	8.57756306190056	4.58445061110889	2.16740480336846
Cluster_15615	11.3544220785363	6.57607103557114	2.99426765718754
Cluster_15639	2.16740480336846	11.425600295917	9.24058920824136
Cluster_15671	3.75112664102827	8.73564237214391	10.2551781255683
Cluster_15689	2.16740480336846	10.0940638671255	2.99426765718754
Cluster_15690	3.41722968879869	11.7586247989758	4.49143182202841
Cluster_15726	11.048791861664	2.16740480336846	2.16740480336846
Cluster_15762	2.16740480336846	9.04361171114845	5.73717889372553
Cluster_15802	2.16740480336846	7.99481788200554	2.16740480336846
Cluster_15803	7.57476074681704	8.15316601814466	2.16740480336846
Cluster_15829	2.16740480336846	2.16740480336846	8.64722790807722
Cluster_15850	2.16740480336846	8.83579378385934	2.16740480336846
Cluster_15871	2.16740480336846	8.49911768828046	2.16740480336846
Cluster_15892	8.11882241205828	2.16740480336846	2.16740480336846
Cluster_15902	8.4794531078978	2.16740480336846	2.16740480336846
Cluster_15909	7.60167119929627	2.16740480336846	8.05910050540381
Cluster_15985	3.1980385395748	12.3128353503676	2.75602927617567
Cluster_15992	8.27181990423654	2.16740480336846	2.16740480336846
Cluster_16007	2.16740480336846	2.86039346157687	8.05087176921388
Cluster_16018	2.16740480336846	2.16740480336846	10.1013641525944
Cluster_16035	3.75112664102827	10.5596415408572	10.5052039139695
Cluster_16045	3.1980385395748	9.83004310424892	2.75602927617567
Cluster_16052	9.87181216267811	2.16740480336846	8.68493221776209
Cluster_16056	11.3824808021987	2.86039346157687	5.21936846045551
Cluster_16078	10.9202591316385	9.18126378165996	2.99426765718754
Cluster_16095	7.09584360514309	2.16740480336846	8.00900856529751
Cluster_16097	7.56567775633305	2.16740480336846	8.86933736901083
Cluster_16121	5.51137717679883	11.4432246512691	4.00620474290907
Cluster_16158	9.11751262075631	6.49369485044013	2.16740480336846
Cluster_16177	2.16740480336846	7.66740138906561	2.16740480336846
Cluster_16180	2.16740480336846	2.16740480336846	7.62702358250233
Cluster_16195	5.47265824724712	3.66391349340108	10.4616518605761
Cluster_16197	5.54906476304532	3.9105695465579	10.3190824761799
Cluster_16198	4.31688835468292	3.34620297730879	9.33168943197711
Cluster_16206	7.92651684141973	2.16740480336846	7.38657455232199
Cluster_16208	8.88548291720173	2.16740480336846	6.98991701694936
Cluster_16217	4.56547869750342	11.4847712541217	10.3645969199788
Cluster_16233	11.551220503687	6.03850581211263	6.09992233516718
Cluster_16236	8.43527303319275	2.16740480336846	2.75602927617567
Cluster_16238	2.16740480336846	2.16740480336846	8.42969605420956
Cluster_16241	9.29828374759174	3.5169948369365	9.36026632978377
Cluster_16315	9.7648226643663	2.16740480336846	2.75602927617567
Cluster_16326	2.16740480336846	2.16740480336846	9.13558659238989
Cluster_16327	3.41722968879869	10.0122961806716	2.16740480336846
Cluster_16333	2.16740480336846	9.31411928657576	10.5313091558301
Cluster_16367	7.98217876191524	2.16740480336846	2.16740480336846
Cluster_16368	10.4802245497209	2.16740480336846	7.30585151542656
Cluster_16375	9.15431392116832	5.57450428953234	2.16740480336846
Cluster_16383	2.16740480336846	14.1368075779868	3.17350671118386
Cluster_16384	3.41722968879869	2.16740480336846	10.8270091469188
Cluster_16398	8.77165824925098	2.86039346157687	2.75602927617567
Cluster_16413	10.4693132597047	2.86039346157687	8.1581831377555
Cluster_16483	9.00447941772837	5.36626019208517	2.16740480336846
Cluster_16515	8.08744325576965	3.34620297730879	2.16740480336846
Cluster_16519	9.41408526572404	9.57417784532483	2.16740480336846
Cluster_16536	10.4826381143891	4.01706087280711	4.14577592318929
Cluster_16544	5.306199655863	7.72619928059623	12.0124307494184
Cluster_16599	8.82589588658592	7.49212431707531	2.16740480336846
Cluster_16601	10.0901268650176	2.86039346157687	9.15682422648689
Cluster_16602	8.02255885068285	2.16740480336846	7.64353804152623
Cluster_16626	3.1980385395748	10.4308454512553	10.7928871669823
Cluster_16640	2.16740480336846	7.5089693256722	7.84259960444494
Cluster_16641	2.90375011600437	13.2720438939929	13.2118190055451
Cluster_16676	10.5370640262263	2.16740480336846	9.4364481686236
Cluster_16713	2.16740480336846	8.99364882423984	2.16740480336846
Cluster_16714	2.16740480336846	9.00852428314712	2.99426765718754
Cluster_16731	2.16740480336846	2.16740480336846	8.24729686987665
Cluster_16736	8.29946867557706	3.79374691326059	2.16740480336846
Cluster_16737	2.16740480336846	7.97070734524914	2.16740480336846
Cluster_16746	8.74777433421292	2.16740480336846	2.16740480336846
Cluster_16766	2.16740480336846	8.66978981307595	2.16740480336846
Cluster_16777	2.16740480336846	8.22116308479277	2.16740480336846
Cluster_16784	2.16740480336846	9.31890083246365	8.84575315916541
Cluster_16807	7.53808014833449	2.86039346157687	8.87167471933527
Cluster_16850	3.1980385395748	2.16740480336846	8.95559725965036
Cluster_16859	8.74375494684956	2.16740480336846	2.16740480336846
Cluster_16867	2.16740480336846	4.5169377518296	9.40290569097933
Cluster_16871	2.90375011600437	8.30550330223659	2.16740480336846
Cluster_16872	2.16740480336846	13.6298119897461	11.2637379980496
Cluster_16890	3.88708485422626	9.65958603213282	2.16740480336846
