ACR.140	ACR.145	ACR.150	ACR.173	ACR.178
lncRNA_017	3.95531945111189	4.43840198254759	4.70043486091335	1.90836393893299	9.67491617402209
lncRNA_030	4.24157975940102	10.7840683336637	7.88758946739076	5.15941460791622	6.9262010674852
lncRNA_031	6.25161435420488	1.90836393893299	1.90836393893299	5.75725137017021	1.90836393893299
lncRNA_052	6.58011936630134	8.32378679799741	5.77705799088817	1.90836393893299	2.60767882715401
lncRNA_127	8.7277363817944	7.68011941629071	7.23045757705175	1.90836393893299	6.47160333558685
lncRNA_138	6.18874128317708	3.4840929651577	6.7455870947182	1.90836393893299	6.80365590971672
lncRNA_140	7.17336003367938	3.21475805333237	7.43482798925727	3.07732487029265	7.68165625391042
lncRNA_141	8.30455920111025	1.90836393893299	7.25764599994887	4.79802689369633	6.03903046765514
lncRNA_152	8.6040043248226	3.88659227322112	8.383282538421	4.09528745896536	8.7013276781677
lncRNA_161	7.86733240186647	3.21475805333237	7.97205839450031	3.07732487029265	8.22554228158478
lncRNA_171	6.98303777614782	1.90836393893299	5.82650602806611	3.32226205362152	6.6950004805643
lncRNA_179	5.96299223824866	3.70190594883193	6.93722342523407	1.90836393893299	6.82672677869482
lncRNA_180	5.84545118331377	1.90836393893299	6.71973400134078	1.90836393893299	6.67606602397775
lncRNA_191	1.90836393893299	6.63812811444413	4.94689829120594	1.90836393893299	1.90836393893299
lncRNA_236	6.20471962334632	6.89956702978743	2.62732433917259	1.90836393893299	5.03166361041212
lncRNA_249	7.16523325824724	8.56250086150129	12.2081729703218	6.25330684423782	6.63089181003757
lncRNA_267	7.87731243787076	9.98331326287463	4.90096769649066	9.12378252081189	4.76695879318327
lncRNA_318	7.4390321259281	3.4840929651577	7.41886143612374	3.07732487029265	7.80866093346137
lncRNA_325	5.78284925294261	1.90836393893299	6.43189824339545	1.90836393893299	6.07808945412868
lncRNA_350	1.90836393893299	1.90836393893299	1.90836393893299	1.90836393893299	7.08767331803429
lncRNA_354	1.90836393893299	3.21475805333237	1.90836393893299	3.52172646396546	7.21984973811945
lncRNA_415	5.86572402756113	1.90836393893299	6.79594042449075	3.07732487029265	6.78020923705025
lncRNA_429	2.57274521800641	1.90836393893299	1.90836393893299	6.89831068620981	1.90836393893299
lncRNA_439	1.90836393893299	2.84734839164191	9.42618218916357	3.52172646396546	3.77318508637583
lncRNA_449	7.19746888716832	8.24763877127768	5.15639192394788	3.07732487029265	2.60767882715401
lncRNA_518	5.76135756916311	1.90836393893299	4.5283281240943	1.90836393893299	7.33690365836325
lncRNA_536	7.01956497446393	1.90836393893299	1.90836393893299	1.90836393893299	1.90836393893299
lncRNA_540	5.80402256729764	1.90836393893299	4.99137030825386	1.90836393893299	6.50776350669654
lncRNA_576	7.07267547574302	1.90836393893299	6.33296962251214	3.07732487029265	7.38429831885195
lncRNA_580	4.81107804228201	1.90836393893299	5.23218210091851	1.90836393893299	6.79782995003695
lncRNA_594	4.89339634489713	1.90836393893299	5.98724098086079	1.90836393893299	6.56379235765064
lncRNA_666	6.78505843715162	1.90836393893299	7.09631875144158	7.55683339128713	6.49340839191188
lncRNA_676	1.90836393893299	1.90836393893299	6.20822179714941	1.90836393893299	6.63743276609068
lncRNA_687	5.60111437670516	1.90836393893299	5.89761327982726	1.90836393893299	6.24177723146842
lncRNA_728	3.20483260222422	1.90836393893299	7.1063254896026	4.09528745896536	7.77646389675164
lncRNA_730	6.43879679013692	1.90836393893299	6.15125092997176	3.07732487029265	6.91009198765505
lncRNA_731	2.83999373890712	1.90836393893299	7.4816930977262	3.84109919233587	7.25001664258461
lncRNA_754	5.55181766205279	1.90836393893299	5.87430132057154	1.90836393893299	6.42697513655784
lncRNA_755	1.90836393893299	9.07546469963853	1.90836393893299	3.07732487029265	1.90836393893299
lncRNA_768	1.90836393893299	1.90836393893299	1.90836393893299	7.72602536065796	1.90836393893299
lncRNA_860	7.07267547574302	1.90836393893299	6.55402715442388	1.90836393893299	7.60372063572744
lncRNA_929	7.02855383887031	3.21475805333237	7.17449148012565	2.7459296179945	7.1253634408098
lncRNA_979	6.60438622651247	1.90836393893299	6.90318105255359	5.04897792574338	7.65614298794115
lncRNA_982	6.35542331221497	1.90836393893299	5.37257376862913	1.90836393893299	6.65042612902605
lncRNA_983	6.01833215374412	2.84734839164191	6.13174661417521	1.90836393893299	6.70748643210311
lncRNA_986	6.01833215374412	1.90836393893299	6.43189824339545	1.90836393893299	6.31711448077232
lncRNA_1066	2.83999373890712	1.90836393893299	7.45061960745942	1.90836393893299	4.61296151398527
lncRNA_1075	5.3060329212375	7.10356100589429	2.62732433917259	6.54276014495236	1.90836393893299
lncRNA_1081	6.03631381442064	7.45476369227133	1.90836393893299	7.28307281360994	5.76733792133029
lncRNA_1083	3.34680138757273	7.65675050376257	3.45723196679266	9.54659227000206	3.87182732618432
lncRNA_1096	8.98238648707886	1.90836393893299	1.90836393893299	3.07732487029265	3.41765826952946
lncRNA_1127	7.93100111386361	1.90836393893299	2.91512888276692	4.99032889529889	4.74245307164107
lncRNA_1144	2.83999373890712	7.42740273771856	3.12976136393412	1.90836393893299	1.90836393893299
lncRNA_1146	2.57274521800641	4.32042399302317	3.12976136393412	10.5023083477379	1.90836393893299
lncRNA_1253	1.90836393893299	7.10356100589429	1.90836393893299	4.65327709234371	2.40525002384409
lncRNA_1256	9.22047508617455	9.62244507002348	3.59076650280168	3.69187079237419	2.40525002384409
lncRNA_1279	4.58100695517487	6.85915998618179	5.92055162740307	1.90836393893299	1.90836393893299
lncRNA_1307	4.67767486028359	1.90836393893299	4.99137030825386	8.50256468111236	7.09718869952769
lncRNA_1308	4.42188769965841	1.90836393893299	5.50031769809897	8.85043249043826	4.97003301891452
lncRNA_1310	3.95531945111189	1.90836393893299	5.82650602806611	1.90836393893299	7.2154881560759
lncRNA_1312	5.62513776888565	1.90836393893299	4.70043486091335	7.5163775715306	2.60767882715401
lncRNA_1315	8.59496251326774	1.90836393893299	9.58299766841113	3.84109919233587	2.60767882715401
lncRNA_1317	6.12298689135135	1.90836393893299	5.82650602806611	7.04779564345143	2.60767882715401
lncRNA_1320	1.90836393893299	1.90836393893299	1.90836393893299	7.25874958980358	2.99879306772025
lncRNA_1360	7.90684468156402	11.5050162980404	6.63926515625618	8.16594164401078	4.83798567468953
lncRNA_1371	7.42548968918942	1.90836393893299	1.90836393893299	1.90836393893299	3.48488635480921
lncRNA_1386	1.90836393893299	9.05773693221206	5.15639192394788	2.7459296179945	1.90836393893299
lncRNA_1398	2.57274521800641	4.43840198254759	1.90836393893299	8.00716044584823	1.90836393893299
lncRNA_1401	1.90836393893299	1.90836393893299	6.98139644028202	5.82534970230638	3.26966083022591
lncRNA_1446	3.87265600501863	10.5021922198098	8.12746124917413	9.69438660466643	5.49087735944508
lncRNA_1503	7.05518866709259	3.4840929651577	7.73478487629538	1.90836393893299	7.19347997511979
lncRNA_1508	1.90836393893299	7.26686146692244	3.45723196679266	1.90836393893299	2.888118878993
lncRNA_1515	3.20483260222422	7.95377341766101	2.91512888276692	4.30799425889408	1.90836393893299
lncRNA_1518	10.5914599523373	11.5806694281312	9.1618863325211	4.72754108328267	7.97264643915515
lncRNA_1520	8.58586366550983	2.84734839164191	1.90836393893299	8.64536972492121	1.90836393893299
lncRNA_1522	6.94555996164844	6.09262715652887	1.90836393893299	7.506083687474	3.5484021070464
lncRNA_1549	1.90836393893299	1.90836393893299	3.12976136393412	7.91681342486151	1.90836393893299
lncRNA_1563	6.03631381442064	1.90836393893299	7.45061960745942	5.40277807399871	7.74957537525348
lncRNA_1580	8.93301422274994	12.2095528487227	3.71077156042259	9.47980559850219	7.60705347542269
lncRNA_1581	3.04006187778617	3.70190594883193	3.82004063515574	3.07732487029265	8.86890359683591
lncRNA_1587	2.83999373890712	7.55929195626502	5.46944175019248	1.90836393893299	1.90836393893299
lncRNA_1610	2.57274521800641	7.54663299053601	6.17049363702396	9.08973349151515	4.34375202831323
lncRNA_1644	3.20483260222422	1.90836393893299	6.17049363702396	1.90836393893299	6.19814941606321
lncRNA_1697	7.25220199167457	1.90836393893299	6.58300472231208	5.40277807399871	6.75637428521193
lncRNA_1750	5.73953770166924	1.90836393893299	6.11197343653783	1.90836393893299	6.86623194746252
lncRNA_1758	3.68897710793864	8.01936575059874	6.5393164314033	7.56677240090525	2.888118878993
lncRNA_1884	5.67200368964662	1.90836393893299	5.69952185857616	1.90836393893299	6.37309458726157
lncRNA_1916	4.63018850960542	1.90836393893299	6.80825825247349	1.90836393893299	6.7012569991114
lncRNA_1957	1.90836393893299	1.90836393893299	5.61753175045575	1.90836393893299	6.25886374867139
lncRNA_2003	4.1756438910784	1.90836393893299	6.26301735874158	1.90836393893299	6.63089181003757
lncRNA_2042	5.33553962856504	1.90836393893299	7.51961602054166	4.79802689369633	7.3920480851899
lncRNA_2063	1.90836393893299	3.21475805333237	7.7729618211119	4.20589655733556	3.26966083022591
lncRNA_2167	6.23615237066451	1.90836393893299	5.98724098086079	1.90836393893299	6.62432097718769
lncRNA_2170	1.90836393893299	2.84734839164191	1.90836393893299	7.34214316439489	2.76080154161803
lncRNA_2171	3.95531945111189	12.0539527113633	9.81714434133676	10.3072122270995	6.68871663927484
lncRNA_2172	9.43325821581596	12.8227420467063	14.3800571177234	9.52382202224594	9.31225696659374
lncRNA_2178	2.83999373890712	3.21475805333237	6.44774392698351	7.17023163306126	2.40525002384409
lncRNA_2216	3.20483260222422	6.43304862728433	3.30592105085477	8.53329297955551	6.12546290283998
lncRNA_2227	5.82488688903684	1.90836393893299	7.27549073322906	4.92912072277375	1.90836393893299
lncRNA_2230	1.90836393893299	1.90836393893299	5.85060327507138	7.01911422152494	2.76080154161803
lncRNA_2233	1.90836393893299	1.90836393893299	6.22672036161883	1.90836393893299	6.10670088949504
lncRNA_2263	6.62825047170518	5.90640735254713	1.90836393893299	1.90836393893299	1.90836393893299
lncRNA_2363	2.57274521800641	8.34586871958741	1.90836393893299	5.446812095195	3.18722448877007
lncRNA_2366	8.61000086394433	4.04773178717621	4.46580155462776	8.77957982613832	8.04322629872403
lncRNA_2373	2.83999373890712	1.90836393893299	4.99137030825386	7.68098423571989	6.06842401947379
lncRNA_2378	6.66332058985734	2.84734839164191	1.90836393893299	6.48094970006926	5.50533218587526
lncRNA_2414	4.1756438910784	1.90836393893299	6.11197343653783	1.90836393893299	6.66330319196259
lncRNA_2458	4.1756438910784	1.90836393893299	6.0300358950513	1.90836393893299	6.41940049957654
lncRNA_2459	4.72358346919631	1.90836393893299	5.26860598958671	1.90836393893299	6.79782995003695
lncRNA_2473	5.14850043267622	1.90836393893299	1.90836393893299	3.07732487029265	7.14842865051276
lncRNA_2489	6.5678306517318	3.4840929651577	2.91512888276692	8.03606058858397	7.1253634408098
lncRNA_2503	5.18144293866296	1.90836393893299	6.59727746873049	3.07732487029265	7.3920480851899
lncRNA_2521	5.57667918874931	1.90836393893299	5.80199577858691	1.90836393893299	6.66969875968454
lncRNA_2554	4.72358346919631	1.90836393893299	5.58911982589017	1.90836393893299	7.81731858522126
lncRNA_2570	4.30440772161667	9.66989308089508	2.91512888276692	9.67384946868741	8.50813320260407
lncRNA_2673	5.27589866749676	1.90836393893299	6.89165236105875	1.90836393893299	6.9262010674852
lncRNA_2681	5.86572402756113	1.90836393893299	5.72583765749411	1.90836393893299	6.25034590869228
lncRNA_2742	4.24157975940102	12.7952585080101	4.80431101762363	9.01550245112869	3.60865435077129
lncRNA_2746	5.2136344420283	3.21475805333237	5.58911982589017	3.52172646396546	8.67458244680593
lncRNA_2760	1.90836393893299	8.64198671465631	5.96535442710959	6.94480760458114	6.70748643210311
lncRNA_2829	6.81654724831103	10.6140671561366	5.26860598958671	9.91264763523125	8.6326940348823
lncRNA_2837	2.83999373890712	6.58953433937706	4.10056407764696	10.335091172099	5.03166361041212
lncRNA_2847	1.90836393893299	6.19375453469778	1.90836393893299	5.89035215801841	1.90836393893299
lncRNA_2860	7.71427652278195	4.43840198254759	2.91512888276692	7.8204251751622	4.63984952444446
lncRNA_2862	3.34680138757273	10.0786889931156	5.72583765749411	7.97020125647385	6.02909712990694
lncRNA_2971	5.36444482027188	3.4840929651577	1.90836393893299	7.3651096279929	2.888118878993
lncRNA_2983	6.41153958245231	11.2183324618849	6.29841935650566	10.6706858433502	9.51030070591325
lncRNA_2985	1.90836393893299	6.02101648010344	1.90836393893299	7.17023163306126	7.12070575112584
lncRNA_3010	5.80402256729764	6.66182299590601	2.91512888276692	8.37830738414705	3.5484021070464
lncRNA_3039	8.83913801180085	10.9873624968503	9.82624792814129	3.32226205362152	5.28821622434407
lncRNA_3066	1.90836393893299	7.23564855370331	1.90836393893299	1.90836393893299	2.888118878993
lncRNA_3179	7.93100111386361	8.34586871958741	7.18397143620685	2.7459296179945	7.11134494945925
lncRNA_3233	1.90836393893299	7.86480399797912	1.90836393893299	1.90836393893299	1.90836393893299
lncRNA_3267	1.90836393893299	5.78181651799634	5.15639192394788	6.8824719550831	1.90836393893299
lncRNA_3268	1.90836393893299	6.97713062182135	3.45723196679266	1.90836393893299	1.90836393893299
lncRNA_3273	2.57274521800641	2.84734839164191	1.90836393893299	7.54682537940331	5.12873238375916
lncRNA_3288	8.71388241358028	1.90836393893299	3.30592105085477	3.97446364060688	3.41765826952946
lncRNA_3291	5.82488688903684	1.90836393893299	6.07158992724558	2.7459296179945	6.87732285197163
lncRNA_3319	1.90836393893299	1.90836393893299	3.30592105085477	7.99984399875253	2.40525002384409
lncRNA_3333	6.25161435420488	1.90836393893299	4.10056407764696	4.20589655733556	7.72524609418027
lncRNA_3371	6.18874128317708	1.90836393893299	1.90836393893299	7.11709591541777	4.66622317234286
lncRNA_3388	3.87265600501863	2.84734839164191	2.91512888276692	8.31487020369878	2.76080154161803
lncRNA_3423	3.95531945111189	8.8260415697701	1.90836393893299	3.07732487029265	3.26966083022591
lncRNA_3440	4.42188769965841	7.25133952319293	7.02425478144354	1.90836393893299	2.60767882715401
lncRNA_3469	3.20483260222422	8.29380828692447	6.26301735874158	8.83407164967261	6.41178572827556
lncRNA_3474	6.20471962334632	1.90836393893299	1.90836393893299	6.43821517713255	2.99879306772025
lncRNA_3493	5.94406008314133	1.90836393893299	2.62732433917259	1.90836393893299	6.35732161727194
lncRNA_3539	6.41153958245231	1.90836393893299	6.98139644028202	1.90836393893299	5.88227379985957
lncRNA_3564	3.20483260222422	10.9385557970729	1.90836393893299	3.84109919233587	3.5484021070464
lncRNA_3572	4.89339634489713	10.3539245359489	8.39148434780123	10.3624415671961	4.31025554191165
lncRNA_3692	7.26746561147518	6.91935311355666	3.59076650280168	7.82870824324187	2.76080154161803
lncRNA_3714	2.83999373890712	1.90836393893299	5.40560249961124	7.45348182860518	6.28411821711587
lncRNA_3756	8.49805325266781	8.68880953773301	8.28984324809065	6.94480760458114	2.76080154161803
lncRNA_3764	4.52999851773926	8.92224957893411	7.01365916812972	2.7459296179945	5.93645501176717
lncRNA_3820	12.4066665710122	12.646059167556	11.118964756975	8.65005052097124	5.2542975400819
lncRNA_3829	1.90836393893299	7.76998198638257	1.90836393893299	3.32226205362152	1.90836393893299
lncRNA_3894	5.84545118331377	1.90836393893299	5.75167734087178	1.90836393893299	7.02922198609103
lncRNA_3902	5.50075339086568	1.90836393893299	5.96535442710959	1.90836393893299	6.94213192283064
lncRNA_3998	4.89339634489713	8.42406078723755	2.91512888276692	2.7459296179945	3.34615618800816
lncRNA_4008	4.30440772161667	5.0634969071297	1.90836393893299	7.07591707949784	7.36867263897577
lncRNA_4033	3.04006187778617	6.48712520489091	6.85650183878812	7.76970193157583	1.90836393893299
lncRNA_4039	6.66332058985734	8.10817822523012	3.92053018146301	7.20883563516994	2.60767882715401
lncRNA_4055	1.90836393893299	6.83852307447753	1.90836393893299	1.90836393893299	3.87182732618432
lncRNA_4074	2.83999373890712	6.63812811444413	1.90836393893299	6.56278696592685	2.99879306772025
lncRNA_4102	5.86572402756113	6.16083114597444	1.90836393893299	1.90836393893299	1.90836393893299
lncRNA_4169	3.20483260222422	1.90836393893299	5.50031769809897	1.90836393893299	6.84379047853129
lncRNA_4175	6.41153958245231	1.90836393893299	5.82650602806611	1.90836393893299	5.20184430839159
lncRNA_4235	6.3977146305185	7.32732943720261	1.90836393893299	6.80055409861104	5.71864472190868
lncRNA_4237	5.84545118331377	15.3336915019758	6.05096347871698	5.64860128942024	4.74245307164107
lncRNA_4254	4.36442540679241	8.63003960850048	5.96535442710959	1.90836393893299	4.08942345074125
lncRNA_4282	1.90836393893299	4.98962137819165	1.90836393893299	7.57664335398143	1.90836393893299
lncRNA_4287	5.86572402756113	6.22593953080365	5.96535442710959	11.0713261323236	6.43451006165279
lncRNA_4293	8.24028653928661	1.90836393893299	3.12976136393412	1.90836393893299	3.18722448877007
lncRNA_4300	4.52999851773926	5.0634969071297	6.70663117103367	7.49571576300723	1.90836393893299
lncRNA_4308	9.00303946696185	9.46659637203683	4.10056407764696	3.97446364060688	5.46151947869341
lncRNA_4363	1.90836393893299	1.90836393893299	5.85060327507138	1.90836393893299	6.29243862760656
lncRNA_4369	2.83999373890712	7.82342871079506	6.5393164314033	6.73148844730476	1.90836393893299
lncRNA_4372	7.14057420751204	4.43840198254759	1.90836393893299	1.90836393893299	5.51964166772449
lncRNA_4421	5.44778822519486	5.26438374862046	4.58812167194333	8.65005052097124	2.40525002384409
lncRNA_4426	1.90836393893299	6.97713062182135	4.18204869083833	1.90836393893299	1.90836393893299
lncRNA_4434	1.90836393893299	6.56460762065139	6.5393164314033	7.74365507457264	6.37309458726157
lncRNA_4450	3.95531945111189	1.90836393893299	1.90836393893299	6.50184982214254	6.16226639928301
lncRNA_4452	4.42188769965841	1.90836393893299	4.18204869083833	9.11365193027708	4.16719500038112
lncRNA_4456	7.00141717361915	4.19108147962971	4.10056407764696	1.90836393893299	6.97347446340935
lncRNA_4471	6.70878935817181	1.90836393893299	6.65299306246215	4.49153574200873	7.32480738750711
lncRNA_4502	2.83999373890712	1.90836393893299	6.93722342523407	1.90836393893299	7.00919893677166
lncRNA_4556	5.64876316866785	1.90836393893299	5.92055162740307	1.90836393893299	6.66969875968454
lncRNA_4570	3.04006187778617	7.50797510266965	2.62732433917259	5.15941460791622	1.90836393893299
lncRNA_4665	3.04006187778617	5.0634969071297	7.79167779721559	10.0304079864024	8.321968490845
lncRNA_4666	2.83999373890712	1.90836393893299	7.07609428963361	8.22360687455044	6.59773332038161
lncRNA_4673	7.55550789816179	4.04773178717621	5.77705799088817	2.7459296179945	1.90836393893299
lncRNA_4688	6.49180789674155	1.90836393893299	3.12976136393412	7.22147715800542	2.888118878993
lncRNA_4710	7.22899905354093	1.90836393893299	3.30592105085477	3.07732487029265	6.50060386525544
lncRNA_4716	2.57274521800641	9.7438152396647	7.98295612379524	8.55840911615946	2.76080154161803
lncRNA_4756	1.90836393893299	1.90836393893299	5.96535442710959	3.84109919233587	6.53605080050244
lncRNA_4757	6.36965918064036	1.90836393893299	7.03477301653457	3.97446364060688	7.64321502076206
lncRNA_4764	6.58011936630134	1.90836393893299	6.49425913222751	5.446812095195	7.39590739742467
lncRNA_4766	5.60111437670516	1.90836393893299	1.90836393893299	1.90836393893299	6.18032006550332
lncRNA_4774	3.58565299362618	1.90836393893299	2.62732433917259	8.36128119202712	6.83812502219925
lncRNA_4820	6.05407267376482	1.90836393893299	5.40560249961124	3.07732487029265	7.20232362845067
lncRNA_4850	1.90836393893299	4.32042399302317	2.91512888276692	8.2298740840155	3.5484021070464
lncRNA_4868	6.41153958245231	1.90836393893299	6.94839435683261	1.90836393893299	7.64645789708032
lncRNA_4869	7.21332021560377	1.90836393893299	1.90836393893299	2.7459296179945	1.90836393893299
lncRNA_4883	7.13225982939293	1.90836393893299	7.6415658254834	4.65327709234371	7.30851944797409
lncRNA_4885	3.34680138757273	10.3826878831258	8.16143325624689	9.76728283785916	6.91009198765505
lncRNA_4944	2.57274521800641	1.90836393893299	6.80825825247349	2.7459296179945	5.91502797742422
lncRNA_4999	5.11477023773897	7.8442647545649	1.90836393893299	5.40277807399871	6.32524644588445
lncRNA_5025	4.1756438910784	10.5615742978677	4.40026495764067	6.37163212478832	2.60767882715401
lncRNA_5026	1.90836393893299	8.59973161667533	2.91512888276692	1.90836393893299	1.90836393893299
lncRNA_5060	2.83999373890712	7.8128966822926	3.12976136393412	6.80055409861104	1.90836393893299
lncRNA_5084	3.68897710793864	1.90836393893299	1.90836393893299	6.91397707997525	6.2757493162823
lncRNA_5088	3.68897710793864	12.08655357871	7.40271602503488	8.62173515530006	7.25852101445351
lncRNA_5145	6.18874128317708	1.90836393893299	6.97047956324211	4.65327709234371	7.89571111299641
lncRNA_5211	2.57274521800641	1.90836393893299	5.43788054399211	4.30799425889408	7.34091329093991
lncRNA_5214	1.90836393893299	1.90836393893299	5.50031769809897	3.84109919233587	6.904681994475
lncRNA_5220	1.90836393893299	3.21475805333237	5.96535442710959	5.68574433690207	7.9906178877575
lncRNA_5222	6.07161421966621	1.90836393893299	5.15639192394788	1.90836393893299	7.13924683269457
lncRNA_5231	1.90836393893299	1.90836393893299	5.87430132057154	1.90836393893299	6.25886374867139
lncRNA_5233	1.90836393893299	1.90836393893299	4.75334459467657	1.90836393893299	6.99908204707874
lncRNA_5259	9.92074996376259	11.5961031616789	2.91512888276692	4.79802689369633	4.08942345074125
lncRNA_5265	2.57274521800641	8.13378937679583	1.90836393893299	7.44272711428106	1.90836393893299
lncRNA_5270	1.90836393893299	4.32042399302317	6.07158992724558	4.09528745896536	7.93866479413774
lncRNA_5291	1.90836393893299	1.90836393893299	6.415875911784	2.7459296179945	7.49997457327371
lncRNA_5297	1.90836393893299	2.84734839164191	5.87430132057154	5.68574433690207	7.72830980053507
lncRNA_5322	1.90836393893299	2.84734839164191	6.18948169731183	4.20589655733556	7.67214161012551
lncRNA_5328	4.36442540679241	1.90836393893299	6.415875911784	3.07732487029265	7.49278530291326
lncRNA_5330	1.90836393893299	1.90836393893299	5.43788054399211	5.04897792574338	7.19347997511979
lncRNA_5334	3.04006187778617	1.90836393893299	5.53053789971531	1.90836393893299	6.6950004805643
lncRNA_5338	1.90836393893299	1.90836393893299	5.82650602806611	3.97446364060688	7.25001664258461
lncRNA_5360	2.83999373890712	1.90836393893299	5.43788054399211	5.5309887896701	7.87374473241292
lncRNA_5362	1.90836393893299	1.90836393893299	5.64538860003848	4.30799425889408	7.95444819331069
lncRNA_5363	1.90836393893299	1.90836393893299	5.46944175019248	5.3573348846026	7.6136961283297
lncRNA_5391	6.3410449658053	1.90836393893299	7.42686682168444	3.84109919233587	7.77646389675164
lncRNA_5407	6.12298689135135	1.90836393893299	7.63467088098335	5.21155071398316	7.72524609418027
lncRNA_5460	6.05407267376482	1.90836393893299	6.52445366132611	4.86511259223905	7.64645789708032
lncRNA_5500	6.18874128317708	1.90836393893299	7.72832260436915	5.15941460791622	7.8902508094114
lncRNA_5507	5.64876316866785	3.21475805333237	6.44774392698351	1.90836393893299	7.19790858703769
lncRNA_5551	3.20483260222422	1.90836393893299	6.95947929745718	3.07732487029265	6.85505493972449
lncRNA_5563	5.4205468576653	1.90836393893299	6.34993802797103	3.32226205362152	7.54931985376389
lncRNA_5583	1.90836393893299	1.90836393893299	5.67271188035717	3.07732487029265	6.78020923705025
lncRNA_5586	6.5678306517318	1.90836393893299	6.6114099784981	1.90836393893299	6.80365590971672
lncRNA_5588	4.97113360949985	1.90836393893299	6.65299306246215	4.09528745896536	7.39975640305311
lncRNA_5594	6.36965918064036	1.90836393893299	6.11197343653783	4.09528745896536	7.55278071388068
lncRNA_5600	5.3060329212375	1.90836393893299	6.28082745261883	1.90836393893299	6.54998847267621
lncRNA_5697	6.84736196525292	1.90836393893299	5.80199577858691	2.7459296179945	7.17562813483189
lncRNA_5734	1.90836393893299	1.90836393893299	5.11691413751874	3.32226205362152	7.85704752024834
lncRNA_5740	7.68047477772382	7.85457094662667	8.56104340912002	8.09217934747096	1.90836393893299
lncRNA_5742	3.34680138757273	4.04773178717621	8.383282538421	3.69187079237419	2.60767882715401
lncRNA_5812	4.67767486028359	1.90836393893299	3.45723196679266	7.76970193157583	3.72076760266038
lncRNA_5867	6.75286530698999	1.90836393893299	7.41886143612374	1.90836393893299	7.3920480851899
lncRNA_5870	8.48506086206646	1.90836393893299	8.383282538421	1.90836393893299	6.87732285197163
lncRNA_5900	5.84545118331377	1.90836393893299	6.26301735874158	1.90836393893299	5.71864472190868
lncRNA_5989	7.43227681270995	1.90836393893299	5.58911982589017	1.90836393893299	6.56379235765064
lncRNA_5993	6.20471962334632	1.90836393893299	7.22127955803034	3.07732487029265	5.46151947869341
lncRNA_6015	6.71993554840781	1.90836393893299	7.14567149856734	1.90836393893299	6.42697513655784
lncRNA_6027	5.94406008314133	1.90836393893299	6.69340793325635	1.90836393893299	5.76733792133029
lncRNA_6043	7.01051965763719	2.84734839164191	7.90488373220503	1.90836393893299	6.33333263165578
lncRNA_6071	4.30440772161667	1.90836393893299	2.62732433917259	7.75238974714276	3.82347668328703
lncRNA_6076	8.65419748474094	7.99161925277047	3.12976136393412	8.05029633434833	6.25034590869228
lncRNA_6079	3.47244607508182	10.7894487777614	8.86481198493068	11.1210566889742	9.56185878279983
lncRNA_6080	7.25985401172807	1.90836393893299	4.18204869083833	5.15941460791622	2.40525002384409
lncRNA_6085	3.34680138757273	9.47663758102201	7.36987226278044	6.17732919676063	6.48617672495129
lncRNA_6106	2.83999373890712	7.06855608392196	1.90836393893299	6.27776466728206	5.86001365195517
lncRNA_6117	6.92644882585467	7.34205814009953	1.90836393893299	6.83388266448835	5.27135846251534
lncRNA_6119	7.59837848897336	3.21475805333237	4.25880797395127	7.99984399875253	3.26966083022591
lncRNA_6141	4.85284439736678	7.42740273771856	1.90836393893299	1.90836393893299	1.90836393893299
lncRNA_6164	8.00113338192542	1.90836393893299	2.91512888276692	5.15941460791622	1.90836393893299
lncRNA_6167	9.06109451334271	8.98456347043289	7.62078126839021	3.32226205362152	7.8259245635013
lncRNA_6173	4.03297641902001	4.43840198254759	1.90836393893299	7.97020125647385	5.44661008135263
lncRNA_6197	2.83999373890712	7.88505478226573	6.415875911784	7.38771583923067	4.08942345074125
lncRNA_6214	1.90836393893299	10.9673255560062	8.57190956946056	9.74339103717771	7.60038007308266
lncRNA_6221	7.20541634988267	1.90836393893299	5.64538860003848	3.07732487029265	8.97328234899584
lncRNA_6253	6.89729795053005	7.26686146692244	6.11197343653783	1.90836393893299	7.31668642935376
lncRNA_6264	1.90836393893299	10.5834208013344	8.91687687045631	8.7493625198776	7.27956491522561
lncRNA_6300	7.26746561147518	1.90836393893299	6.34993802797103	1.90836393893299	5.76733792133029
lncRNA_6301	5.67200368964662	1.90836393893299	6.26301735874158	1.90836393893299	6.300711108972
lncRNA_6318	5.33553962856504	1.90836393893299	6.20822179714941	1.90836393893299	6.95788846136491
lncRNA_6322	5.94406008314133	1.90836393893299	5.33875800815256	1.90836393893299	6.24177723146842
lncRNA_6339	6.05407267376482	3.21475805333237	6.78351627520754	1.90836393893299	6.98889358741714
lncRNA_6369	6.91679729266689	1.90836393893299	7.00298502772542	1.90836393893299	4.08942345074125
lncRNA_6392	6.01833215374412	1.90836393893299	6.22672036161883	1.90836393893299	5.88227379985957
lncRNA_6412	6.83716350691985	1.90836393893299	4.58812167194333	1.90836393893299	6.14398266941103
lncRNA_6446	1.90836393893299	7.54663299053601	7.45061960745942	6.5825387315659	6.26733135392694
lncRNA_6463	2.57274521800641	7.50797510266965	2.62732433917259	6.43821517713255	3.5484021070464
lncRNA_6464	5.27589866749676	6.9958858967072	4.90096769649066	1.90836393893299	1.90836393893299
lncRNA_6476	7.77426034429163	8.51781444531798	1.90836393893299	3.84109919233587	3.09755279220377
lncRNA_6496	6.81654724831103	1.90836393893299	6.26301735874158	1.90836393893299	3.18722448877007
lncRNA_6498	2.83999373890712	1.90836393893299	1.90836393893299	7.38771583923067	1.90836393893299
lncRNA_6517	1.90836393893299	4.32042399302317	1.90836393893299	1.90836393893299	7.1019229233902
lncRNA_6584	4.67767486028359	1.90836393893299	5.72583765749411	1.90836393893299	7.01924525666949
lncRNA_6590	8.24799838918997	8.17548913524567	1.90836393893299	7.93993636684794	4.08942345074125
lncRNA_6593	3.87265600501863	11.3732695896352	10.2138546378781	8.57327152086888	5.56172692164679
lncRNA_6594	1.90836393893299	3.88659227322112	8.33306742323163	8.72294840864006	7.81155259720489
lncRNA_6627	5.52651445962721	1.90836393893299	5.87430132057154	1.90836393893299	6.65687906736753
lncRNA_6667	6.29702567550187	1.90836393893299	7.23045757705175	4.72754108328267	6.96310256075773
lncRNA_6678	8.04606229360613	2.84734839164191	6.44774392698351	9.52891322769461	6.31711448077232
lncRNA_6691	3.20483260222422	7.98225050241569	6.94839435683261	1.90836393893299	1.90836393893299
lncRNA_6819	4.42188769965841	1.90836393893299	6.0919238362923	1.90836393893299	6.89925159769324
lncRNA_6836	4.67767486028359	4.32042399302317	1.90836393893299	9.18311602242924	6.82099363344856
lncRNA_6875	6.87753090405418	4.32042399302317	5.77705799088817	1.90836393893299	7.82019295562268
lncRNA_6962	3.95531945111189	5.38402587797566	1.90836393893299	8.83817928939835	3.91839710144108
lncRNA_6969	1.90836393893299	3.21475805333237	6.05096347871698	1.90836393893299	6.59773332038161
lncRNA_6974	1.90836393893299	4.04773178717621	7.41886143612374	4.57478731823022	8.09635589162568
lncRNA_6978	1.90836393893299	1.90836393893299	5.53053789971531	3.52172646396546	7.34889924318687
lncRNA_6982	1.90836393893299	1.90836393893299	5.23218210091851	1.90836393893299	7.48555999587296
lncRNA_6985	1.90836393893299	1.90836393893299	6.13174661417521	1.90836393893299	6.45688069090132
lncRNA_6990	2.83999373890712	1.90836393893299	5.67271188035717	1.90836393893299	7.15299770786547
lncRNA_6997	2.57274521800641	1.90836393893299	5.56012997787969	1.90836393893299	7.03418455485017
lncRNA_7080	1.90836393893299	6.93887099639009	3.12976136393412	6.22842514623296	7.98806420953852
lncRNA_7123	1.90836393893299	1.90836393893299	7.0862420140305	6.25330684423782	2.60767882715401
lncRNA_7133	1.90836393893299	6.83852307447753	5.87430132057154	1.90836393893299	3.26966083022591
lncRNA_7161	4.63018850960542	1.90836393893299	6.13174661417521	1.90836393893299	7.12070575112584
lncRNA_7177	1.90836393893299	1.90836393893299	3.82004063515574	5.82534970230638	6.56379235765064
lncRNA_7266	1.90836393893299	1.90836393893299	1.90836393893299	3.07732487029265	7.20232362845067
lncRNA_7272	1.90836393893299	1.90836393893299	1.90836393893299	1.90836393893299	7.20672518237963
lncRNA_7282	2.83999373890712	1.90836393893299	1.90836393893299	1.90836393893299	7.13463388548343
lncRNA_7323	3.87265600501863	1.90836393893299	1.90836393893299	3.52172646396546	7.34091329093991
lncRNA_7324	1.90836393893299	1.90836393893299	1.90836393893299	1.90836393893299	6.82099363344856
lncRNA_7329	7.26746561147518	4.32042399302317	5.37257376862913	4.30799425889408	9.90278357092102
lncRNA_7330	5.24510907839349	1.90836393893299	2.91512888276692	2.7459296179945	7.63996483354675
lncRNA_7335	3.34680138757273	1.90836393893299	5.07629853585902	1.90836393893299	7.19347997511979
lncRNA_7374	3.95531945111189	4.32042399302317	1.90836393893299	1.90836393893299	7.64969349534062
lncRNA_7382	1.90836393893299	3.21475805333237	3.30592105085477	3.69187079237419	8.10580899330751
lncRNA_7394	2.83999373890712	3.21475805333237	1.90836393893299	3.52172646396546	7.8682004503409
lncRNA_7403	1.90836393893299	1.90836393893299	2.91512888276692	1.90836393893299	7.10664163956284
lncRNA_7429	2.57274521800641	1.90836393893299	4.46580155462776	1.90836393893299	7.01924525666949
lncRNA_7534	1.90836393893299	7.12074956662675	6.66659121442899	7.22147715800542	6.70748643210311
lncRNA_7536	6.64003575756187	3.21475805333237	5.92055162740307	1.90836393893299	1.90836393893299
lncRNA_7538	4.97113360949985	1.90836393893299	5.82650602806611	1.90836393893299	6.95788846136491
lncRNA_7544	6.80612732898353	3.4840929651577	6.0919238362923	1.90836393893299	7.13000612007036
lncRNA_7545	6.31184917668049	1.90836393893299	4.94689829120594	1.90836393893299	6.07808945412868
lncRNA_7547	6.12298689135135	1.90836393893299	5.82650602806611	1.90836393893299	1.90836393893299
lncRNA_7550	7.01051965763719	4.04773178717621	6.43189824339545	1.90836393893299	1.90836393893299
lncRNA_7581	5.96299223824866	2.84734839164191	7.62774280202989	5.15941460791622	8.43876988136478
lncRNA_7593	5.64876316866785	1.90836393893299	6.34993802797103	1.90836393893299	1.90836393893299
lncRNA_7603	5.84545118331377	1.90836393893299	6.55402715442388	3.32226205362152	1.90836393893299
lncRNA_7613	5.2136344420283	1.90836393893299	5.80199577858691	1.90836393893299	6.76834109998749
lncRNA_7615	5.27589866749676	2.84734839164191	6.33296962251214	1.90836393893299	7.27118419721792
lncRNA_7648	6.20471962334632	1.90836393893299	6.24498356806764	1.90836393893299	6.06842401947379
lncRNA_7673	5.84545118331377	1.90836393893299	6.44774392698351	1.90836393893299	6.1161125747465
lncRNA_7681	6.90708062979899	1.90836393893299	5.56012997787969	4.49153574200873	1.90836393893299
lncRNA_7695	5.94406008314133	6.37685760551036	1.90836393893299	6.12434641304567	2.40525002384409
lncRNA_7698	5.94406008314133	1.90836393893299	6.36670834795396	4.49153574200873	7.59031168717609
lncRNA_7713	5.84545118331377	1.90836393893299	6.56858891951236	1.90836393893299	5.74319877382711
lncRNA_7715	6.83716350691985	3.88659227322112	7.96657849023997	1.90836393893299	3.82347668328703
lncRNA_7716	6.61636783683095	1.90836393893299	7.36987226278044	1.90836393893299	6.95788846136491
lncRNA_7730	6.31184917668049	3.21475805333237	7.17449148012565	1.90836393893299	5.65534618895929
lncRNA_7737	5.80402256729764	1.90836393893299	5.87430132057154	3.07732487029265	7.46366419277896
lncRNA_7754	6.3977146305185	1.90836393893299	6.8325821318665	1.90836393893299	2.76080154161803
lncRNA_7775	6.79563143150175	1.90836393893299	5.75167734087178	1.90836393893299	2.60767882715401
lncRNA_7849	6.59230397309798	1.90836393893299	7.01365916812972	1.90836393893299	4.99087872652877
lncRNA_7852	6.35542331221497	1.90836393893299	6.44774392698351	3.07732487029265	6.71986497480664
lncRNA_7963	7.29006210842496	1.90836393893299	1.90836393893299	2.7459296179945	4.76695879318327
lncRNA_7965	8.2169004424723	2.84734839164191	8.67293273075576	8.41176841402359	7.04405869057455
lncRNA_8062	4.81107804228201	10.4453823161425	4.5283281240943	10.5974582372164	8.23203131469034
lncRNA_8081	6.78505843715162	9.22193891067798	6.00879819357643	3.07732487029265	5.01141924503064
lncRNA_8102	4.52999851773926	1.90836393893299	2.91512888276692	7.72602536065796	5.01141924503064
lncRNA_8104	2.83999373890712	8.79427685448182	3.71077156042259	3.07732487029265	6.478908497135
lncRNA_8132	7.11548571721604	1.90836393893299	2.62732433917259	1.90836393893299	1.90836393893299
lncRNA_8147	1.90836393893299	1.90836393893299	6.86831429051693	3.69187079237419	5.95756613077166
lncRNA_8159	5.90542786875852	4.04773178717621	10.3909727082793	4.57478731823022	5.28821622434407
lncRNA_8170	6.28204757173476	1.90836393893299	6.90318105255359	3.84109919233587	7.25852101445351
lncRNA_8264	2.57274521800641	8.65383568041966	6.34993802797103	1.90836393893299	1.90836393893299
lncRNA_8306	6.4655466933721	11.766066294608	11.940481457045	9.80134310727702	8.23634117340126
lncRNA_8319	1.90836393893299	1.90836393893299	4.25880797395127	7.00455644668494	1.90836393893299
lncRNA_8420	5.78284925294261	1.90836393893299	1.90836393893299	1.90836393893299	6.32524644588445
lncRNA_8458	6.95502125067467	1.90836393893299	1.90836393893299	4.99032889529889	1.90836393893299
lncRNA_8471	1.90836393893299	1.90836393893299	1.90836393893299	9.04067294798548	7.3647396038386
lncRNA_8490	1.90836393893299	1.90836393893299	1.90836393893299	6.6020229175237	6.6110885773459
lncRNA_8492	1.90836393893299	7.13773545694696	3.12976136393412	1.90836393893299	2.888118878993
lncRNA_8504	6.73099606818454	1.90836393893299	1.90836393893299	1.90836393893299	5.8711870131338
lncRNA_8589	5.04478565037899	10.2208707965731	1.90836393893299	5.10527818378551	3.66600865607644
lncRNA_8593	6.74197222763379	4.54694648965671	4.33139453272229	1.90836393893299	7.45629104902064
lncRNA_8659	5.80402256729764	3.88659227322112	8.82902786076771	9.23076199963786	6.52197671377017
lncRNA_8714	6.83716350691985	6.19375453469778	1.90836393893299	8.15280789163474	6.34137355283635
lncRNA_8750	1.90836393893299	8.34586871958741	5.87430132057154	4.30799425889408	4.9488726552231
lncRNA_8767	1.90836393893299	1.90836393893299	1.90836393893299	9.42351009515101	2.40525002384409
lncRNA_8780	9.16249611678124	9.81413347828184	11.4052826683958	12.0226369127499	5.14736852727137
lncRNA_8781	1.90836393893299	3.70190594883193	8.62156326605354	1.90836393893299	3.66600865607644
lncRNA_8787	2.57274521800641	7.65675050376257	1.90836393893299	1.90836393893299	3.82347668328703
lncRNA_8791	7.84207586350496	8.41712501268108	3.12976136393412	1.90836393893299	4.86087854849433
lncRNA_8793	9.49612228920225	8.29380828692447	3.12976136393412	3.84109919233587	6.01909446421507
lncRNA_8797	7.2367749552299	10.6979986077588	4.01367481472207	8.03606058858397	4.86087854849433
lncRNA_8798	7.88722387494951	8.66558810530108	3.82004063515574	3.07732487029265	5.64234247052302
lncRNA_8813	1.90836393893299	1.90836393893299	1.90836393893299	7.23400873396723	2.76080154161803
lncRNA_8814	3.68897710793864	1.90836393893299	6.95947929745718	1.90836393893299	1.90836393893299
lncRNA_8824	9.60220249636498	9.2338283556594	3.12976136393412	8.68239756818323	6.41178572827556
lncRNA_8838	3.20483260222422	1.90836393893299	1.90836393893299	7.25874958980358	3.34615618800816
lncRNA_8855	5.71737937078797	1.90836393893299	5.53053789971531	1.90836393893299	6.99399682683571
lncRNA_8874	2.83999373890712	1.90836393893299	8.87946395545376	3.84109919233587	2.888118878993
lncRNA_8906	5.4745173461821	1.90836393893299	5.89761327982726	1.90836393893299	6.48617672495129
lncRNA_8917	5.82488688903684	1.90836393893299	5.50031769809897	1.90836393893299	7.16661857561126
lncRNA_8937	2.83999373890712	8.78891405846637	1.90836393893299	7.34214316439489	7.29618153098262
lncRNA_8938	3.68897710793864	11.0637284725679	2.91512888276692	8.80078252404685	9.4146746459841
lncRNA_8957	7.1894773432025	3.70190594883193	1.90836393893299	1.90836393893299	4.61296151398527
lncRNA_8981	3.20483260222422	4.04773178717621	6.49425913222751	1.90836393893299	7.02922198609103
lncRNA_9005	1.90836393893299	1.90836393893299	1.90836393893299	1.90836393893299	7.04405869057455
lncRNA_9006	1.90836393893299	1.90836393893299	2.62732433917259	4.30799425889408	7.34889924318687
lncRNA_9010	2.57274521800641	4.82904809180132	1.90836393893299	4.30799425889408	7.6136961283297
lncRNA_9033	5.71737937078797	1.90836393893299	5.64538860003848	1.90836393893299	7.77646389675164
lncRNA_9067	6.82689228397119	1.90836393893299	5.30411612561576	3.07732487029265	1.90836393893299
lncRNA_9089	1.90836393893299	6.68513395457135	1.90836393893299	5.21155071398316	1.90836393893299
lncRNA_9142	6.79563143150175	7.80228715812434	1.90836393893299	7.14390873474207	5.23702840517623
lncRNA_9155	1.90836393893299	1.90836393893299	1.90836393893299	8.74061144931442	4.37643588582982
lncRNA_9181	1.90836393893299	1.90836393893299	1.90836393893299	1.90836393893299	7.32075262885592
lncRNA_9211	5.80402256729764	1.90836393893299	6.26301735874158	2.7459296179945	8.21247596523315
lncRNA_9221	4.03297641902001	1.90836393893299	5.53053789971531	1.90836393893299	6.94740328162764
lncRNA_9257	7.66902909758098	1.90836393893299	1.90836393893299	2.7459296179945	7.41124212767831
lncRNA_9289	7.21332021560377	1.90836393893299	6.70663117103367	1.90836393893299	2.40525002384409
lncRNA_9306	5.2136344420283	7.72575069842076	1.90836393893299	8.67322933577502	5.47627416406929
lncRNA_9309	7.37001044993358	6.12713449232433	7.35316537266911	1.90836393893299	2.40525002384409
lncRNA_9317	3.20483260222422	5.0634969071297	3.45723196679266	11.2553569770217	2.99879306772025
lncRNA_9331	1.90836393893299	5.13368557074794	2.91512888276692	8.32661370907388	5.30487569270523
lncRNA_9332	1.90836393893299	7.25133952319293	1.90836393893299	7.86137274109	3.41765826952946
lncRNA_9334	6.3977146305185	1.90836393893299	6.43189824339545	3.07732487029265	6.49340839191188
lncRNA_9406	6.54293365191431	9.41182991868704	2.91512888276692	7.35367214467497	1.90836393893299
lncRNA_9411	3.78420745816888	1.90836393893299	5.50031769809897	6.85026198408255	1.90836393893299
lncRNA_9418	11.7733520447416	5.49436283526278	9.83679667833326	7.19608221658911	8.53811605212887
lncRNA_9487	1.90836393893299	6.75288317646851	1.90836393893299	1.90836393893299	1.90836393893299
lncRNA_9495	4.1062490654629	3.70190594883193	9.57401839447806	10.5877328984765	4.97003301891452
lncRNA_9542	5.80402256729764	8.53072388192465	3.92053018146301	6.34873403094247	2.60767882715401
lncRNA_9554	7.71427652278195	1.90836393893299	5.75167734087178	6.80055409861104	5.05162045399464
lncRNA_9563	4.58100695517487	1.90836393893299	1.90836393893299	6.41636181421932	6.14398266941103
lncRNA_9624	4.72358346919631	1.90836393893299	6.92596515554284	1.90836393893299	6.18926242947092
lncRNA_9634	4.52999851773926	1.90836393893299	6.38328517258237	1.90836393893299	6.0488954380024
lncRNA_9636	5.52651445962721	1.90836393893299	6.95947929745718	3.97446364060688	7.25001664258461
lncRNA_9654	1.90836393893299	5.54647905523597	1.90836393893299	6.5224504742296	2.60767882715401
lncRNA_9657	7.15706038143225	1.90836393893299	6.39967293363676	8.60736626807969	5.27135846251534
lncRNA_9667	6.35542331221497	1.90836393893299	6.92596515554284	1.90836393893299	5.58910847978334
lncRNA_9679	3.68897710793864	1.90836393893299	1.90836393893299	7.44272711428106	3.09755279220377
lncRNA_9710	7.36292294115004	6.97713062182135	6.75834154063587	1.90836393893299	5.09070422161661
lncRNA_9711	7.17336003367938	3.21475805333237	8.12746124917413	4.65327709234371	1.90836393893299
lncRNA_9712	8.55511284067711	9.38008483121561	9.43215736326766	5.04897792574338	3.72076760266038
lncRNA_9727	2.57274521800641	1.90836393893299	1.90836393893299	8.02168291235855	1.90836393893299
lncRNA_9738	1.90836393893299	6.95812786532633	1.90836393893299	1.90836393893299	6.34137355283635
lncRNA_9746	7.22118096064359	3.21475805333237	3.59076650280168	7.93226984371883	2.888118878993
lncRNA_9750	3.47244607508182	3.21475805333237	1.90836393893299	7.8204251751622	1.90836393893299
lncRNA_9754	2.83999373890712	9.40483557832377	7.6137859551631	1.90836393893299	7.4891771765631
lncRNA_9773	2.83999373890712	1.90836393893299	6.50943565764336	8.19185568862746	2.40525002384409
lncRNA_9775	1.90836393893299	1.90836393893299	2.62732433917259	8.15938971851694	2.60767882715401
lncRNA_9825	1.90836393893299	9.73826147267883	3.30592105085477	1.90836393893299	2.40525002384409
lncRNA_9830	7.59233162311443	4.74125121249825	1.90836393893299	3.52172646396546	2.60767882715401
lncRNA_9832	4.52999851773926	1.90836393893299	1.90836393893299	1.90836393893299	7.15755232053047
lncRNA_9835	5.90542786875852	1.90836393893299	1.90836393893299	1.90836393893299	5.93645501176717
lncRNA_9847	1.90836393893299	1.90836393893299	1.90836393893299	6.8824719550831	1.90836393893299
lncRNA_9854	5.04478565037899	1.90836393893299	1.90836393893299	3.07732487029265	7.2542751025181
lncRNA_9866	3.04006187778617	10.4890250420363	7.13593528176198	4.20589655733556	4.31025554191165
lncRNA_9870	3.47244607508182	1.90836393893299	4.46580155462776	1.90836393893299	7.46733666926265
lncRNA_9879	1.90836393893299	1.90836393893299	2.91512888276692	3.84109919233587	7.21111333108498
lncRNA_9902	2.83999373890712	7.58428119879672	1.90836393893299	5.15941460791622	4.20442707858085
lncRNA_9940	1.90836393893299	6.93887099639009	2.62732433917259	7.23400873396723	1.90836393893299
lncRNA_9941	6.49180789674155	1.90836393893299	5.87430132057154	3.97446364060688	7.48555999587296
lncRNA_9947	7.37001044993358	4.74125121249825	4.33139453272229	7.9475623462622	1.90836393893299
lncRNA_10059	1.90836393893299	1.90836393893299	5.64538860003848	1.90836393893299	6.34137355283635
lncRNA_10061	2.83999373890712	1.90836393893299	7.19338942387808	4.65327709234371	6.47160333558685
lncRNA_10090	3.78420745816888	9.75210600636424	5.96535442710959	4.92912072277375	6.31711448077232
lncRNA_10092	3.20483260222422	1.90836393893299	6.59727746873049	3.84109919233587	7.05386559661611
lncRNA_10109	7.83184806357613	7.42740273771856	7.31915908864426	3.32226205362152	3.87182732618432
lncRNA_10141	9.56410310559309	9.91603593380339	3.45723196679266	7.14390873474207	6.7012569991114
lncRNA_10154	1.90836393893299	1.90836393893299	1.90836393893299	5.31038775184643	6.38869628119462
lncRNA_10170	3.95531945111189	7.48161492694079	4.33139453272229	10.2122993346078	4.76695879318327
lncRNA_10176	2.83999373890712	3.21475805333237	5.94312823852107	1.90836393893299	7.32075262885592
lncRNA_10224	1.90836393893299	1.90836393893299	6.29841935650566	1.90836393893299	6.1161125747465
lncRNA_10263	9.11690326345599	10.2965087742069	7.83442619546317	9.53398652875054	3.18722448877007
lncRNA_10267	5.78284925294261	1.90836393893299	6.07158992724558	1.90836393893299	1.90836393893299
lncRNA_10283	3.95531945111189	7.23564855370331	1.90836393893299	9.64834487969021	2.40525002384409
lncRNA_10332	1.90836393893299	1.90836393893299	5.98724098086079	1.90836393893299	6.01909446421507
lncRNA_10334	9.4213731494873	9.8837005532031	9.63054299404231	4.65327709234371	2.888118878993
lncRNA_10359	1.90836393893299	1.90836393893299	6.68006204860092	4.79802689369633	6.40413039341905
lncRNA_10369	2.83999373890712	1.90836393893299	6.11197343653783	4.30799425889408	7.14384505643088
lncRNA_10372	3.95531945111189	1.90836393893299	6.66659121442899	4.86511259223905	7.3920480851899
lncRNA_10374	3.47244607508182	1.90836393893299	5.69952185857616	3.84109919233587	7.79703593555878
lncRNA_10397	3.47244607508182	1.90836393893299	5.89761327982726	3.07732487029265	7.18458170382645
lncRNA_10406	4.42188769965841	1.90836393893299	6.34993802797103	1.90836393893299	7.38040775259836
lncRNA_10421	1.90836393893299	6.87950525645248	1.90836393893299	1.90836393893299	1.90836393893299
lncRNA_10445	1.90836393893299	3.21475805333237	7.17449148012565	3.52172646396546	6.86623194746252
lncRNA_10447	1.90836393893299	1.90836393893299	6.5393164314033	5.82534970230638	6.20698171045495
lncRNA_10454	1.90836393893299	1.90836393893299	6.29841935650566	1.90836393893299	5.58910847978334
lncRNA_10464	1.90836393893299	1.90836393893299	6.39967293363676	1.90836393893299	6.22448490014069
lncRNA_10485	1.90836393893299	3.21475805333237	6.00879819357643	3.07732487029265	7.18903770890614
lncRNA_10503	2.83999373890712	1.90836393893299	2.91512888276692	8.32075390863167	1.90836393893299
lncRNA_10510	9.55791273144448	10.2582156122999	4.33139453272229	10.8823850338386	8.14988396999812
lncRNA_10531	4.72358346919631	1.90836393893299	6.39967293363676	1.90836393893299	6.8828364289329
lncRNA_10542	4.36442540679241	1.90836393893299	7.0862420140305	3.07732487029265	6.39643405882116
lncRNA_10557	1.90836393893299	1.90836393893299	6.07158992724558	3.52172646396546	6.478908497135
lncRNA_10579	2.83999373890712	1.90836393893299	6.39967293363676	3.52172646396546	7.34091329093991
lncRNA_10613	5.52651445962721	8.73973000407157	4.70043486091335	1.90836393893299	6.0972270316938
lncRNA_10615	2.57274521800641	7.06855608392196	1.90836393893299	1.90836393893299	1.90836393893299
lncRNA_10654	1.90836393893299	1.90836393893299	1.90836393893299	4.86511259223905	6.63743276609068
lncRNA_10667	1.90836393893299	1.90836393893299	1.90836393893299	4.57478731823022	6.89380064251786
lncRNA_10685	1.90836393893299	7.29741259074103	1.90836393893299	1.90836393893299	2.888118878993
lncRNA_10690	5.94406008314133	7.12074956662675	5.75167734087178	1.90836393893299	2.888118878993
lncRNA_10739	7.27503721619892	6.70807326554536	1.90836393893299	7.43189154952839	6.60442644884422
lncRNA_10744	5.33553962856504	3.21475805333237	1.90836393893299	6.85026198408255	7.29204530563211
lncRNA_10746	7.54302128360439	5.94563830900546	3.71077156042259	3.84109919233587	1.90836393893299
lncRNA_10804	4.63018850960542	5.26438374862046	7.22127955803034	1.90836393893299	7.048970489947
lncRNA_10816	6.41153958245231	8.34586871958741	1.90836393893299	5.82534970230638	6.23315710352015
lncRNA_10830	1.90836393893299	1.90836393893299	6.05096347871698	3.32226205362152	6.94740328162764
lncRNA_10831	3.20483260222422	1.90836393893299	5.89761327982726	4.20589655733556	7.59031168717609
lncRNA_10838	2.57274521800641	1.90836393893299	5.58911982589017	1.90836393893299	6.95788846136491
lncRNA_10840	1.90836393893299	3.21475805333237	6.78351627520754	3.84109919233587	7.46366419277896
lncRNA_10842	2.83999373890712	1.90836393893299	6.69340793325635	1.90836393893299	6.904681994475
lncRNA_10846	2.83999373890712	1.90836393893299	6.84459166387328	5.04897792574338	7.01924525666949
lncRNA_10847	1.90836393893299	1.90836393893299	5.0344758936613	8.28508617017878	5.35371042328309
lncRNA_10850	3.04006187778617	1.90836393893299	7.34473873381233	3.07732487029265	8.19486800232244
lncRNA_10852	3.20483260222422	1.90836393893299	7.5710858983107	1.90836393893299	8.66502329444318
lncRNA_10860	3.68897710793864	1.90836393893299	6.15125092997176	1.90836393893299	6.51488767253629
lncRNA_10861	4.63018850960542	1.90836393893299	5.61753175045575	3.07732487029265	7.51069169169396
lncRNA_10866	2.83999373890712	1.90836393893299	6.78351627520754	1.90836393893299	7.62689031108819
lncRNA_10868	3.78420745816888	1.90836393893299	6.11197343653783	1.90836393893299	6.34137355283635
lncRNA_10876	6.26691159122647	3.21475805333237	6.89165236105875	1.90836393893299	6.86623194746252
lncRNA_10892	4.42188769965841	1.90836393893299	5.58911982589017	1.90836393893299	6.82099363344856
lncRNA_10951	6.94555996164844	1.90836393893299	3.30592105085477	3.07732487029265	6.31711448077232
lncRNA_10952	1.90836393893299	1.90836393893299	6.5393164314033	7.27096252159809	1.90836393893299
lncRNA_10954	1.90836393893299	1.90836393893299	7.82839632966321	2.7459296179945	2.888118878993
lncRNA_11041	4.30440772161667	7.8128966822926	1.90836393893299	3.52172646396546	2.60767882715401
lncRNA_11046	3.47244607508182	6.34791599131741	4.85347644786818	7.96269437429944	2.60767882715401
lncRNA_11049	1.90836393893299	5.49436283526278	6.80825825247349	7.86942454280979	5.16576168003464
lncRNA_11050	5.36444482027188	1.90836393893299	2.91512888276692	1.90836393893299	6.92085137367871
lncRNA_11090	6.07161421966621	6.53924123205271	1.90836393893299	4.92912072277375	1.90836393893299
lncRNA_11095	1.90836393893299	7.52097659757302	3.59076650280168	1.90836393893299	2.888118878993
lncRNA_11255	3.87265600501863	6.40522774518822	8.45155489814716	9.54910025395627	4.04873627713837
lncRNA_11303	4.85284439736678	1.90836393893299	4.75334459467657	1.90836393893299	7.30851944797409
lncRNA_11418	6.47873726001921	1.90836393893299	6.49425913222751	4.79802689369633	7.41124212767831
lncRNA_11439	6.35542331221497	8.29380828692447	1.90836393893299	6.09710262153875	5.2542975400819
lncRNA_11461	10.5959985329401	10.3059253294194	9.93684703310194	11.8048812757053	4.37643588582982
lncRNA_11500	2.57274521800641	1.90836393893299	1.90836393893299	8.70955772735069	1.90836393893299
lncRNA_11512	7.34864249346386	9.85832445576214	3.45723196679266	1.90836393893299	2.60767882715401
lncRNA_11568	4.89339634489713	9.24953003856805	3.12976136393412	7.89331364774255	7.71292574877269
lncRNA_11592	2.57274521800641	6.61403641493671	7.29311718553909	7.04779564345143	1.90836393893299
lncRNA_11597	3.20483260222422	8.27090826694996	2.91512888276692	6.95997881705614	5.68100340970387
lncRNA_11605	4.42188769965841	1.90836393893299	7.23045757705175	3.07732487029265	6.85505493972449
lncRNA_11647	6.22052203549666	1.90836393893299	6.17049363702396	3.32226205362152	7.23716522668796
lncRNA_11678	4.1756438910784	1.90836393893299	6.79594042449075	1.90836393893299	5.99887720363494
lncRNA_11796	6.17258303252406	1.90836393893299	5.72583765749411	6.34873403094247	2.40525002384409
lncRNA_11845	4.42188769965841	1.90836393893299	6.11197343653783	1.90836393893299	7.01423085625561
lncRNA_11850	1.90836393893299	2.84734839164191	3.82004063515574	8.91796735286802	3.82347668328703
lncRNA_11864	5.96299223824866	1.90836393893299	6.07158992724558	2.7459296179945	7.43018391407072
lncRNA_11875	4.1756438910784	1.90836393893299	5.53053789971531	1.90836393893299	7.2154881560759
lncRNA_11888	7.15706038143225	1.90836393893299	6.93722342523407	3.69187079237419	6.63089181003757
lncRNA_11905	4.63018850960542	1.90836393893299	6.78351627520754	1.90836393893299	7.0924388655555
lncRNA_11928	6.35542331221497	1.90836393893299	6.24498356806764	1.90836393893299	7.03418455485017
lncRNA_11932	6.3977146305185	1.90836393893299	6.415875911784	1.90836393893299	6.73213794546292
lncRNA_11938	5.73953770166924	1.90836393893299	5.94312823852107	1.90836393893299	6.25034590869228
lncRNA_11952	5.55181766205279	1.90836393893299	5.94312823852107	1.90836393893299	6.71986497480664
lncRNA_12047	5.92487427407583	5.54647905523597	1.90836393893299	8.09217934747096	2.888118878993
lncRNA_12051	4.63018850960542	2.84734839164191	1.90836393893299	8.78809833991823	1.90836393893299
lncRNA_12074	4.1062490654629	10.580320053762	9.82018525771259	11.4308375242705	7.41884874032473
lncRNA_12091	6.83716350691985	6.87950525645248	2.62732433917259	1.90836393893299	2.40525002384409
lncRNA_12110	6.66332058985734	1.90836393893299	3.82004063515574	9.12378252081189	3.66600865607644
lncRNA_12129	6.28204757173476	7.29741259074103	1.90836393893299	3.52172646396546	6.59100890124088
lncRNA_12217	5.39277291628535	1.90836393893299	3.45723196679266	7.96269437429944	4.49981561966422
lncRNA_12248	9.05890429936921	3.4840929651577	4.18204869083833	9.67614586378167	4.47000419571789
lncRNA_12250	3.68897710793864	3.70190594883193	3.30592105085477	8.40070076581002	7.54585066476886
lncRNA_12262	4.63018850960542	9.53545994641758	3.30592105085477	1.90836393893299	5.50533218587526
lncRNA_12282	5.82488688903684	1.90836393893299	1.90836393893299	1.90836393893299	7.00919893677166
lncRNA_12360	2.57274521800641	4.04773178717621	6.07158992724558	8.11267337245733	1.90836393893299
lncRNA_12394	1.90836393893299	6.87950525645248	1.90836393893299	1.90836393893299	1.90836393893299
lncRNA_12404	2.57274521800641	2.84734839164191	5.50031769809897	1.90836393893299	7.05386559661611
lncRNA_12405	1.90836393893299	1.90836393893299	5.96535442710959	6.69567156050514	1.90836393893299
lncRNA_12408	5.2136344420283	1.90836393893299	5.33875800815256	1.90836393893299	6.74430713402872
lncRNA_12421	1.90836393893299	7.41352498944534	3.59076650280168	4.79802689369633	1.90836393893299
lncRNA_12434	6.10606632500933	1.90836393893299	6.65299306246215	2.7459296179945	7.62030831408257
lncRNA_12450	5.86572402756113	1.90836393893299	6.69340793325635	3.52172646396546	7.56654165984601
lncRNA_12451	1.90836393893299	1.90836393893299	1.90836393893299	7.6058570444404	1.90836393893299
lncRNA_12468	6.32652124817796	7.15452340721349	6.39967293363676	1.90836393893299	1.90836393893299
lncRNA_12481	1.90836393893299	8.23191454824133	3.12976136393412	3.52172646396546	3.18722448877007
lncRNA_12513	4.30440772161667	1.90836393893299	5.89761327982726	3.07732487029265	7.32075262885592
lncRNA_12526	5.86572402756113	1.90836393893299	1.90836393893299	1.90836393893299	6.93153095966669
lncRNA_12528	5.80402256729764	1.90836393893299	1.90836393893299	1.90836393893299	5.94704947309356
lncRNA_12543	1.90836393893299	8.51781444531798	4.6454212682272	5.64860128942024	5.97837058034713
lncRNA_12766	10.0965281517365	9.76308676175742	3.30592105085477	10.3581574067145	3.48488635480921
lncRNA_12770	1.90836393893299	1.90836393893299	7.23957750491453	2.7459296179945	5.86001365195517
lncRNA_12772	5.76135756916311	1.90836393893299	1.90836393893299	6.85026198408255	1.90836393893299
lncRNA_12787	1.90836393893299	4.32042399302317	1.90836393893299	7.18321490104145	3.09755279220377
lncRNA_12807	8.57670705726493	1.90836393893299	1.90836393893299	5.721945343638	1.90836393893299
lncRNA_12814	3.58565299362618	10.5005528797175	3.30592105085477	3.07732487029265	7.9570620457076
lncRNA_12930	6.47873726001921	1.90836393893299	4.85347644786818	7.04779564345143	1.90836393893299
lncRNA_12936	5.62513776888565	1.90836393893299	6.5393164314033	1.90836393893299	7.65614298794115
lncRNA_12952	3.95531945111189	1.90836393893299	6.07158992724558	1.90836393893299	6.8828364289329
lncRNA_13000	11.6309733331932	6.56460762065139	4.94689829120594	7.65326828649583	4.52899002327142
lncRNA_13003	6.51759799640481	7.79159898873604	6.07158992724558	7.8853945061392	1.90836393893299
lncRNA_13011	1.90836393893299	1.90836393893299	7.09631875144158	1.90836393893299	1.90836393893299
lncRNA_13034	8.89913487135876	3.4840929651577	5.77705799088817	3.32226205362152	6.17132162596044
lncRNA_13035	12.5743589989388	4.04773178717621	4.18204869083833	5.04897792574338	5.09070422161661
lncRNA_13036	7.74730392012196	1.90836393893299	2.91512888276692	3.07732487029265	3.87182732618432
lncRNA_13052	8.24414761872269	3.70190594883193	4.01367481472207	9.0862839662032	3.48488635480921
lncRNA_13053	9.44672232277897	6.48712520489091	7.5710858983107	9.67843860926727	3.91839710144108
lncRNA_13071	6.43879679013692	1.90836393893299	1.90836393893299	8.05736185396179	3.66600865607644
lncRNA_13131	7.21332021560377	1.90836393893299	2.91512888276692	1.90836393893299	7.72524609418027
lncRNA_13157	1.90836393893299	4.64751791966827	3.45723196679266	7.61546484982763	6.25034590869228
lncRNA_13217	6.3410449658053	1.90836393893299	7.14567149856734	7.75238974714276	2.888118878993
lncRNA_13220	1.90836393893299	1.90836393893299	1.90836393893299	8.46586751516627	2.60767882715401
lncRNA_13232	1.90836393893299	1.90836393893299	6.77098394888025	1.90836393893299	1.90836393893299
lncRNA_13252	3.68897710793864	7.45476369227133	1.90836393893299	1.90836393893299	3.96332570144932
lncRNA_13316	8.44871630842268	2.84734839164191	1.90836393893299	7.71712900045482	6.49340839191188
lncRNA_13397	3.47244607508182	1.90836393893299	6.20822179714941	1.90836393893299	6.40413039341905
lncRNA_13408	6.75286530698999	6.43304862728433	5.89761327982726	1.90836393893299	2.60767882715401
lncRNA_13420	1.90836393893299	8.06445556221921	7.46624008596725	4.09528745896536	2.76080154161803
lncRNA_13504	1.90836393893299	6.61403641493671	5.33875800815256	1.90836393893299	2.40525002384409
lncRNA_13506	5.73953770166924	1.90836393893299	1.90836393893299	3.32226205362152	7.41884874032473
lncRNA_13510	1.90836393893299	1.90836393893299	1.90836393893299	6.80055409861104	1.90836393893299
lncRNA_13528	5.67200368964662	4.32042399302317	1.90836393893299	8.50256468111236	3.26966083022591
lncRNA_13564	2.57274521800641	7.38536206822486	2.62732433917259	1.90836393893299	3.34615618800816
lncRNA_13577	4.63018850960542	7.52097659757302	7.40271602503488	1.90836393893299	5.58910847978334
lncRNA_13581	3.20483260222422	3.21475805333237	3.12976136393412	8.29109238482597	1.90836393893299
lncRNA_13592	4.97113360949985	1.90836393893299	6.07158992724558	1.90836393893299	6.47160333558685
lncRNA_13600	4.89339634489713	1.90836393893299	6.49425913222751	1.90836393893299	6.87178807945742
lncRNA_13628	6.65172528095403	1.90836393893299	6.58300472231208	4.30799425889408	1.90836393893299
lncRNA_13629	1.90836393893299	8.68303913223564	1.90836393893299	1.90836393893299	2.40525002384409
lncRNA_13671	3.87265600501863	1.90836393893299	6.0919238362923	1.90836393893299	6.83812502219925
lncRNA_13685	7.44575592591051	8.09953909573746	4.5283281240943	1.90836393893299	7.13000612007036
lncRNA_13688	2.83999373890712	10.1048198685907	1.90836393893299	1.90836393893299	2.60767882715401
lncRNA_13704	2.83999373890712	1.90836393893299	1.90836393893299	1.90836393893299	7.048970489947
lncRNA_13724	2.57274521800641	7.10356100589429	5.69952185857616	3.07732487029265	1.90836393893299
lncRNA_13734	3.47244607508182	5.0634969071297	1.90836393893299	1.90836393893299	7.61700601211006
lncRNA_13897	5.04478565037899	9.27276669634758	3.59076650280168	3.07732487029265	6.41178572827556
lncRNA_13909	5.18144293866296	7.15452340721349	5.72583765749411	1.90836393893299	1.90836393893299
lncRNA_13914	5.14850043267622	8.74527845038109	8.52794496985962	4.30799425889408	2.76080154161803
lncRNA_13916	1.90836393893299	1.90836393893299	6.92596515554284	6.15108237566316	6.78020923705025
lncRNA_13928	6.47873726001921	1.90836393893299	4.6454212682272	6.22842514623296	1.90836393893299
lncRNA_13937	2.57274521800641	8.06445556221921	6.05096347871698	2.7459296179945	1.90836393893299
lncRNA_13940	6.75286530698999	1.90836393893299	6.05096347871698	4.40287192154097	7.87650889977611
lncRNA_13950	8.63961522773486	3.21475805333237	2.91512888276692	8.40624520568542	2.60767882715401
lncRNA_13953	8.14023894407421	9.02617924934952	3.12976136393412	6.34873403094247	6.02909712990694
lncRNA_13983	8.22082455414836	9.54185013570415	7.20274624907953	8.68239756818323	3.96332570144932
lncRNA_13990	7.07267547574302	9.53545994641758	6.44774392698351	1.90836393893299	6.68240523491855
lncRNA_14000	1.90836393893299	8.93687047616211	6.66659121442899	4.09528745896536	4.04873627713837
lncRNA_14001	4.1756438910784	10.4091424437742	5.96535442710959	10.8471528413767	3.82347668328703
lncRNA_14012	1.90836393893299	3.21475805333237	1.90836393893299	8.00716044584823	4.34375202831323
lncRNA_14013	1.90836393893299	6.28822244548575	1.90836393893299	7.75238974714276	1.90836393893299
lncRNA_14017	6.05407267376482	3.70190594883193	7.15534235825644	1.90836393893299	6.83243718157681
lncRNA_14019	2.83999373890712	3.70190594883193	1.90836393893299	7.49571576300723	2.40525002384409
lncRNA_14101	6.03631381442064	7.41352498944534	1.90836393893299	6.83388266448835	6.34137355283635
lncRNA_14109	4.30440772161667	4.32042399302317	1.90836393893299	8.9861878860222	2.60767882715401
lncRNA_14110	2.83999373890712	1.90836393893299	6.26301735874158	1.90836393893299	6.43451006165279
lncRNA_14164	9.53760857120191	5.94563830900546	3.30592105085477	3.52172646396546	4.08942345074125
lncRNA_14235	1.90836393893299	1.90836393893299	6.89165236105875	2.7459296179945	1.90836393893299
lncRNA_14240	7.27503721619892	5.49436283526278	7.82234114184696	4.92912072277375	1.90836393893299
lncRNA_14249	3.04006187778617	8.36761765641652	4.18204869083833	9.55410317933408	6.5569069773335
lncRNA_14254	3.04006187778617	3.70190594883193	1.90836393893299	9.127143636129	6.45688069090132
lncRNA_14256	3.20483260222422	3.88659227322112	1.90836393893299	8.13955343282151	2.60767882715401
lncRNA_14260	1.90836393893299	1.90836393893299	2.91512888276692	7.39888735126632	2.40525002384409
lncRNA_14263	1.90836393893299	1.90836393893299	3.82004063515574	7.27096252159809	3.34615618800816
lncRNA_14315	1.90836393893299	1.90836393893299	5.67271188035717	4.09528745896536	6.87178807945742
lncRNA_14316	6.76367655749519	1.90836393893299	7.11626319574609	5.721945343638	7.49638442017814
lncRNA_14340	8.11936876894628	3.21475805333237	2.91512888276692	1.90836393893299	1.90836393893299
lncRNA_14343	8.7387245447785	8.87241442374254	6.86831429051693	3.52172646396546	6.37309458726157
lncRNA_14372	5.04478565037899	1.90836393893299	6.29841935650566	1.90836393893299	6.03903046765514
lncRNA_14430	2.83999373890712	1.90836393893299	7.82839632966321	3.52172646396546	1.90836393893299
lncRNA_14436	1.90836393893299	1.90836393893299	7.21204270211014	4.79802689369633	2.99879306772025
lncRNA_14477	7.51132318414021	3.21475805333237	6.20822179714941	7.59618477730038	1.90836393893299
lncRNA_14499	2.83999373890712	1.90836393893299	6.89165236105875	1.90836393893299	1.90836393893299
lncRNA_14505	1.90836393893299	1.90836393893299	7.38638769937212	1.90836393893299	1.90836393893299
lncRNA_14512	2.83999373890712	1.90836393893299	8.14211877727788	3.07732487029265	1.90836393893299
lncRNA_14517	1.90836393893299	1.90836393893299	7.06587456942754	2.7459296179945	1.90836393893299
lncRNA_14524	1.90836393893299	4.04773178717621	7.31053063850456	1.90836393893299	1.90836393893299
lncRNA_14544	2.57274521800641	10.1091293662089	5.80199577858691	3.07732487029265	5.46151947869341
lncRNA_14557	2.83999373890712	8.40315259879495	7.99914984155177	3.52172646396546	1.90836393893299
lncRNA_14604	1.90836393893299	4.32042399302317	7.16494873363707	1.90836393893299	3.26966083022591
lncRNA_14734	1.90836393893299	5.13368557074794	6.43189824339545	1.90836393893299	1.90836393893299
lncRNA_14760	2.57274521800641	7.64492244799199	2.91512888276692	1.90836393893299	5.2542975400819
lncRNA_14761	6.22052203549666	4.19108147962971	1.90836393893299	7.08977456421464	2.60767882715401
lncRNA_14784	6.01833215374412	1.90836393893299	4.33139453272229	1.90836393893299	6.42697513655784
lncRNA_14794	5.33553962856504	7.05072936827664	1.90836393893299	3.84109919233587	1.90836393893299
lncRNA_14802	1.90836393893299	8.45147510317125	1.90836393893299	3.32226205362152	3.18722448877007
lncRNA_14815	6.36965918064036	3.21475805333237	1.90836393893299	3.32226205362152	7.07328134420283
lncRNA_14830	6.28204757173476	1.90836393893299	1.90836393893299	5.3573348846026	1.90836393893299
lncRNA_14853	2.57274521800641	9.02617924934952	1.90836393893299	1.90836393893299	1.90836393893299
lncRNA_14854	3.04006187778617	9.73547655087262	2.62732433917259	3.07732487029265	2.60767882715401
lncRNA_14857	1.90836393893299	7.26686146692244	1.90836393893299	1.90836393893299	1.90836393893299
lncRNA_14876	2.83999373890712	7.08616487251216	6.0919238362923	1.90836393893299	1.90836393893299
lncRNA_14950	3.04006187778617	1.90836393893299	5.64538860003848	8.04319602735238	5.8711870131338
lncRNA_14967	4.85284439736678	7.38536206822486	2.91512888276692	8.29109238482597	2.99879306772025
lncRNA_14970	2.57274521800641	1.90836393893299	6.36670834795396	8.86258248401365	1.90836393893299
lncRNA_15052	6.28204757173476	1.90836393893299	7.13593528176198	5.446812095195	7.6103786278213
lncRNA_15071	1.90836393893299	8.04658845515259	3.59076650280168	1.90836393893299	1.90836393893299
lncRNA_15079	4.03297641902001	1.90836393893299	7.40271602503488	2.7459296179945	5.56172692164679
lncRNA_15110	3.87265600501863	3.4840929651577	7.8040214957508	4.20589655733556	9.13434798366107
lncRNA_15118	1.90836393893299	7.87496493996783	4.10056407764696	5.5309887896701	5.20184430839159
lncRNA_15146	1.90836393893299	7.88505478226573	5.11691413751874	5.82534970230638	4.04873627713837
lncRNA_15216	3.58565299362618	9.64042144676931	7.4816930977262	9.11025919519638	6.78020923705025
lncRNA_15260	3.78420745816888	1.90836393893299	1.90836393893299	1.90836393893299	7.08289195249157
lncRNA_15300	4.42188769965841	1.90836393893299	1.90836393893299	4.09528745896536	7.49638442017814
lncRNA_15341	2.83999373890712	3.21475805333237	1.90836393893299	1.90836393893299	7.42263704520979
lncRNA_15343	5.33553962856504	3.21475805333237	1.90836393893299	4.86511259223905	7.57677684429982
lncRNA_15355	1.90836393893299	1.90836393893299	7.33626253332975	1.90836393893299	1.90836393893299
lncRNA_15371	4.42188769965841	1.90836393893299	6.24498356806764	3.84109919233587	7.56311371881308
lncRNA_15396	5.50075339086568	1.90836393893299	6.34993802797103	1.90836393893299	6.70748643210311
lncRNA_15466	5.69487180128007	1.90836393893299	4.75334459467657	1.90836393893299	6.80945838455959
lncRNA_15502	6.55543602935964	9.03978859173802	7.24864007325286	1.90836393893299	6.300711108972
lncRNA_15503	7.98276240963876	1.90836393893299	7.85829661971115	1.90836393893299	7.0242422597811
lncRNA_15523	4.58100695517487	3.21475805333237	1.90836393893299	3.07732487029265	8.81805735159943
lncRNA_15527	3.04006187778617	8.8622374096243	1.90836393893299	5.26183183306067	4.12888381350461
lncRNA_15529	7.21332021560377	1.90836393893299	7.02425478144354	8.05029633434833	1.90836393893299
lncRNA_15533	1.90836393893299	6.85915998618179	5.23218210091851	1.90836393893299	4.76695879318327
lncRNA_15661	1.90836393893299	6.89956702978743	5.07629853585902	6.69567156050514	2.888118878993
lncRNA_15673	6.13971017591973	1.90836393893299	6.13174661417521	3.52172646396546	7.36867263897577
lncRNA_15711	7.72536993070293	9.50634855121163	4.01367481472207	8.73180696429118	2.60767882715401
lncRNA_15732	1.90836393893299	1.90836393893299	3.45723196679266	7.5163775715306	4.31025554191165
lncRNA_15745	5.76135756916311	1.90836393893299	5.07629853585902	1.90836393893299	6.45688069090132
lncRNA_15783	4.72358346919631	2.84734839164191	6.75834154063587	1.90836393893299	7.33690365836325
lncRNA_15806	7.41181880177162	3.21475805333237	6.13174661417521	9.61999759739188	5.69366110427458
lncRNA_15814	3.95531945111189	7.31244864650797	3.12976136393412	1.90836393893299	6.23315710352015
lncRNA_15864	4.03297641902001	10.1967765849231	5.33875800815256	6.12434641304567	7.31260872418326
lncRNA_15875	3.04006187778617	9.11885378871745	4.75334459467657	2.7459296179945	6.300711108972
lncRNA_15890	8.84423416888747	3.70190594883193	9.44993581325808	10.4415128335537	8.75337491309674
lncRNA_15899	8.17301547913352	1.90836393893299	4.70043486091335	5.85822007465665	6.7623701300079
lncRNA_15906	5.33553962856504	6.19375453469778	1.90836393893299	6.86645704497208	1.90836393893299
lncRNA_15913	8.03718779555273	1.90836393893299	6.18948169731183	3.07732487029265	4.97003301891452
lncRNA_15920	3.34680138757273	7.6329965473605	1.90836393893299	6.04101122229784	1.90836393893299
lncRNA_16033	5.4205468576653	8.69455695123354	5.15639192394788	9.58620601457898	4.66622317234286
lncRNA_16045	6.29702567550187	9.24562061096816	5.56012997787969	7.17023163306126	2.40525002384409
lncRNA_16065	2.83999373890712	7.13773545694696	7.02425478144354	3.32226205362152	2.40525002384409
lncRNA_16080	6.10606632500933	7.8338843681506	3.12976136393412	3.32226205362152	2.60767882715401
lncRNA_16082	3.68897710793864	1.90836393893299	9.89275310225438	2.7459296179945	2.888118878993
lncRNA_16084	1.90836393893299	1.90836393893299	4.40026495764067	8.303030294399	3.96332570144932
lncRNA_16087	4.63018850960542	1.90836393893299	6.84459166387328	10.032201827177	4.83798567468953
lncRNA_16137	6.99225679395378	7.52097659757302	2.62732433917259	8.08528277198598	4.69210255922838
lncRNA_16145	8.95438100938874	10.7705287733773	5.19479521743882	13.1423292863024	7.32075262885592
lncRNA_16154	10.6803373391428	4.54694648965671	11.2162401204805	5.26183183306067	3.48488635480921
lncRNA_16187	2.57274521800641	2.84734839164191	6.71973400134078	4.20589655733556	7.49278530291326
lncRNA_16196	2.83999373890712	7.29741259074103	1.90836393893299	6.67742315268879	2.99879306772025
lncRNA_16197	3.78420745816888	6.4603411931885	3.12976136393412	8.30896239838933	3.91839710144108
lncRNA_16218	6.28204757173476	8.45824803449215	3.12976136393412	2.7459296179945	4.49981561966422
lncRNA_16318	4.36442540679241	1.90836393893299	5.92055162740307	3.07732487029265	7.30851944797409
lncRNA_16386	2.83999373890712	8.12530276187384	1.90836393893299	8.61217181880819	2.60767882715401
lncRNA_16438	4.42188769965841	8.11676591085312	7.5710858983107	4.20589655733556	2.40525002384409
lncRNA_16479	5.62513776888565	6.51341933220573	3.71077156042259	10.7610750775752	4.69210255922838
lncRNA_16489	5.55181766205279	5.0634969071297	1.90836393893299	1.90836393893299	6.79782995003695
lncRNA_16510	6.60438622651247	7.54663299053601	3.82004063515574	1.90836393893299	3.09755279220377
lncRNA_16514	4.97113360949985	1.90836393893299	6.26301735874158	1.90836393893299	6.44946243276125
lncRNA_16516	3.20483260222422	1.90836393893299	6.00879819357643	1.90836393893299	6.70748643210311
lncRNA_16522	4.89339634489713	1.90836393893299	6.68006204860092	7.76970193157583	6.18926242947092
lncRNA_16572	6.74197222763379	6.40522774518822	6.62540498855229	3.52172646396546	1.90836393893299
lncRNA_16623	1.90836393893299	1.90836393893299	1.90836393893299	6.22842514623296	7.90927209223787
lncRNA_16634	5.39277291628535	1.90836393893299	4.01367481472207	8.46054800677903	6.38869628119462
lncRNA_16666	6.38375537844867	1.90836393893299	4.18204869083833	3.52172646396546	8.08205903173025
lncRNA_16693	3.87265600501863	1.90836393893299	1.90836393893299	3.07732487029265	7.75258787129477
lncRNA_16907	3.87265600501863	8.03757119832484	1.90836393893299	2.7459296179945	4.24064353923836
lncRNA_16918	1.90836393893299	3.21475805333237	1.90836393893299	7.90118953589829	5.2542975400819
lncRNA_17018	7.01051965763719	1.90836393893299	5.82650602806611	1.90836393893299	3.5484021070464
lncRNA_17019	5.76135756916311	1.90836393893299	5.23218210091851	6.65894032566468	1.90836393893299
lncRNA_17024	4.58100695517487	1.90836393893299	6.26301735874158	3.07732487029265	7.59367563508654
lncRNA_17169	3.34680138757273	1.90836393893299	7.32773618413693	6.64021696125271	5.03166361041212
lncRNA_17199	1.90836393893299	8.51781444531798	2.62732433917259	7.43189154952839	3.34615618800816
lncRNA_17287	5.3060329212375	1.90836393893299	1.90836393893299	1.90836393893299	6.51488767253629
lncRNA_17305	1.90836393893299	3.21475805333237	5.30411612561576	1.90836393893299	6.87732285197163
lncRNA_17306	5.80402256729764	1.90836393893299	6.85650183878812	4.57478731823022	7.28373706687744
lncRNA_17307	5.44778822519486	1.90836393893299	6.94839435683261	1.90836393893299	6.51488767253629
lncRNA_17326	7.43227681270995	1.90836393893299	2.62732433917259	3.52172646396546	2.60767882715401
lncRNA_17357	6.73099606818454	8.01936575059874	4.80431101762363	1.90836393893299	3.77318508637583
lncRNA_17363	3.04006187778617	1.90836393893299	5.64538860003848	1.90836393893299	6.89925159769324
lncRNA_17394	1.90836393893299	1.90836393893299	6.33296962251214	3.07732487029265	6.23315710352015
lncRNA_17432	6.38375537844867	1.90836393893299	7.4816930977262	5.40277807399871	7.64645789708032
lncRNA_17433	6.20471962334632	1.90836393893299	7.48935791921723	5.92177864209345	8.15899372543681
lncRNA_17453	5.2136344420283	1.90836393893299	6.11197343653783	1.90836393893299	6.20698171045495
lncRNA_17502	3.20483260222422	1.90836393893299	6.33296962251214	1.90836393893299	6.53605080050244
lncRNA_17546	2.57274521800641	3.21475805333237	1.90836393893299	7.29508217864802	5.27135846251534
lncRNA_17568	4.97113360949985	1.90836393893299	1.90836393893299	7.14390873474207	6.1161125747465
lncRNA_17691	3.68897710793864	4.19108147962971	3.82004063515574	10.3638667981794	8.41425330467082
lncRNA_17702	1.90836393893299	8.64198671465631	3.12976136393412	1.90836393893299	2.888118878993
lncRNA_17703	4.63018850960542	10.4021351909627	6.11197343653783	7.22147715800542	4.9488726552231
lncRNA_17785	4.9328045709709	9.37651408844583	8.48643191321526	7.97766926231237	4.43952572572608
lncRNA_17829	3.68897710793864	2.84734839164191	1.90836393893299	2.7459296179945	7.53539272087389
lncRNA_17832	1.90836393893299	1.90836393893299	6.0300358950513	6.95997881705614	1.90836393893299
lncRNA_17834	6.66332058985734	6.85915998618179	5.72583765749411	1.90836393893299	1.90836393893299
lncRNA_17899	1.90836393893299	5.69228268833909	3.59076650280168	6.89831068620981	8.63595976297811
lncRNA_17947	4.72358346919631	1.90836393893299	4.99137030825386	1.90836393893299	7.11603295350006
lncRNA_17964	5.52651445962721	1.90836393893299	7.01365916812972	3.07732487029265	6.59100890124088
lncRNA_18000	8.01927326252746	3.88659227322112	8.25430630245744	3.97446364060688	3.09755279220377
lncRNA_18011	5.27589866749676	1.90836393893299	6.47892069099375	5.21155071398316	7.72524609418027
lncRNA_18012	5.78284925294261	1.90836393893299	6.17049363702396	4.72754108328267	7.73136701052791
lncRNA_18017	6.3977146305185	3.21475805333237	5.40560249961124	2.7459296179945	7.95444819331069
lncRNA_18033	2.83999373890712	8.41712501268108	1.90836393893299	1.90836393893299	1.90836393893299
lncRNA_18040	9.7961209468552	1.90836393893299	5.26860598958671	4.49153574200873	4.47000419571789
lncRNA_18062	6.18874128317708	8.14222634361098	5.56012997787969	2.7459296179945	2.76080154161803
lncRNA_18109	2.83999373890712	7.45476369227133	1.90836393893299	1.90836393893299	1.90836393893299
lncRNA_18213	1.90836393893299	3.4840929651577	1.90836393893299	5.61046528617028	6.72601454368965
lncRNA_18217	3.47244607508182	1.90836393893299	1.90836393893299	8.02888966851143	1.90836393893299
lncRNA_18261	9.24187156311849	9.29563499267932	2.91512888276692	6.01212038563435	5.51964166772449
lncRNA_18265	5.96299223824866	1.90836393893299	4.90096769649066	1.90836393893299	7.14384505643088
lncRNA_18278	1.90836393893299	8.54351880343524	2.91512888276692	1.90836393893299	1.90836393893299
lncRNA_18281	7.66902909758098	3.88659227322112	8.68632781493234	4.79802689369633	10.5913289283427
lncRNA_18282	7.15706038143225	3.4840929651577	4.58812167194333	1.90836393893299	7.11603295350006
lncRNA_18330	6.84736196525292	9.18974615954358	1.90836393893299	1.90836393893299	6.01909446421507
lncRNA_18340	3.68897710793864	9.35852658395895	2.91512888276692	1.90836393893299	4.16719500038112
lncRNA_18341	3.20483260222422	5.32546663631968	3.45723196679266	9.84486061168502	3.48488635480921
lncRNA_18361	1.90836393893299	1.90836393893299	5.30411612561576	1.90836393893299	6.32524644588445
lncRNA_18362	3.95531945111189	6.48712520489091	6.44774392698351	1.90836393893299	1.90836393893299
lncRNA_18368	5.92487427407583	7.49485527107525	1.90836393893299	6.78359589717762	4.69210255922838
lncRNA_18369	8.95908650913177	11.8424680572239	6.00879819357643	7.69010573300989	5.62921912011613
lncRNA_18376	6.83716350691985	1.90836393893299	6.89165236105875	5.82534970230638	7.45629104902064
lncRNA_18395	8.10670013862399	4.91163824951592	11.2767055360163	5.26183183306067	4.34375202831323
lncRNA_18406	8.24028653928661	9.0710531402235	5.37257376862913	3.69187079237419	5.03166361041212
lncRNA_18421	7.41181880177162	3.70190594883193	1.90836393893299	5.10527818378551	2.60767882715401
lncRNA_18440	7.03748695228344	6.68513395457135	2.62732433917259	8.45520880718923	6.54303652239714
lncRNA_18441	1.90836393893299	7.76998198638257	4.10056407764696	9.03352608094179	1.90836393893299
lncRNA_18478	1.90836393893299	5.13368557074794	1.90836393893299	6.73148844730476	2.60767882715401
lncRNA_18491	7.71983389613686	1.90836393893299	7.04521499720077	5.89035215801841	1.90836393893299
lncRNA_18539	2.83999373890712	1.90836393893299	5.87430132057154	4.30799425889408	7.26697548895597
lncRNA_18612	5.90542786875852	1.90836393893299	6.69340793325635	4.65327709234371	7.55278071388068
lncRNA_18620	6.17258303252406	1.90836393893299	6.59727746873049	1.90836393893299	6.54303652239714
lncRNA_18741	1.90836393893299	3.4840929651577	6.80825825247349	4.72754108328267	7.0924388655555
lncRNA_18817	6.81654724831103	1.90836393893299	5.87430132057154	1.90836393893299	6.0488954380024
lncRNA_18874	6.61636783683095	7.95377341766101	2.62732433917259	1.90836393893299	5.54783623548181
lncRNA_18912	4.58100695517487	1.90836393893299	1.90836393893299	6.8824719550831	2.40525002384409
lncRNA_19002	12.1188457999426	7.26686146692244	5.46944175019248	6.67742315268879	6.72601454368965
lncRNA_19005	8.46203871097548	1.90836393893299	2.91512888276692	3.07732487029265	3.26966083022591
lncRNA_19011	9.14608313773881	4.74125121249825	1.90836393893299	6.12434641304567	4.20442707858085
lncRNA_19014	8.33384184695181	4.91163824951592	5.92055162740307	3.32226205362152	1.90836393893299
lncRNA_19027	6.87753090405418	8.81024664552829	1.90836393893299	5.04897792574338	7.64969349534062
lncRNA_19036	9.36575862803038	12.6830246977884	6.33296962251214	8.11267337245733	4.88340187711489
lncRNA_19106	9.01212450387162	5.64531845061276	1.90836393893299	3.84109919233587	1.90836393893299
lncRNA_19117	3.78420745816888	7.34205814009953	4.40026495764067	10.4333907060688	6.25886374867139
lncRNA_19148	5.2136344420283	7.53386187318573	1.90836393893299	1.90836393893299	1.90836393893299
lncRNA_19224	2.83999373890712	9.16097584751375	2.62732433917259	9.90874712624409	6.18926242947092
lncRNA_19230	8.11936876894628	1.90836393893299	1.90836393893299	4.99032889529889	2.76080154161803
lncRNA_19266	4.85284439736678	1.90836393893299	6.52445366132611	1.90836393893299	6.59100890124088
lncRNA_19355	3.87265600501863	3.4840929651577	10.6184880756739	6.01212038563435	9.13665521976534
lncRNA_19374	6.17258303252406	7.68011941629071	1.90836393893299	4.40287192154097	4.47000419571789
lncRNA_19385	7.48545307075356	1.90836393893299	1.90836393893299	6.06933121542289	1.90836393893299
lncRNA_19427	4.63018850960542	1.90836393893299	6.0300358950513	1.90836393893299	6.44200569063562
lncRNA_19439	5.84545118331377	1.90836393893299	7.23957750491453	3.97446364060688	7.10664163956284
lncRNA_19446	1.90836393893299	1.90836393893299	6.415875911784	1.90836393893299	6.12546290283998
lncRNA_19525	1.90836393893299	5.32546663631968	1.90836393893299	8.58798234632681	3.82347668328703
lncRNA_19555	2.57274521800641	8.97515018398715	4.40026495764067	7.11709591541777	5.53380873666748
lncRNA_19561	6.60438622651247	8.34586871958741	8.16143325624689	6.91397707997525	1.90836393893299
lncRNA_19572	6.76367655749519	1.90836393893299	6.46341682928197	6.89831068620981	6.95788846136491
lncRNA_19597	4.03297641902001	7.3710715122706	3.92053018146301	9.19277194336728	4.04873627713837
lncRNA_19609	4.30440772161667	1.90836393893299	3.30592105085477	8.88260778728487	1.90836393893299
lncRNA_19625	8.38369807502792	6.70807326554536	8.78612587743523	1.90836393893299	3.41765826952946
lncRNA_19627	1.90836393893299	7.94415470123957	3.92053018146301	2.7459296179945	1.90836393893299
lncRNA_19638	3.04006187778617	9.12737717041245	8.50922337749558	8.09904309939334	6.79198031420789
lncRNA_19698	7.95475953849743	1.90836393893299	1.90836393893299	4.30799425889408	2.40525002384409
lncRNA_19704	6.86754467001748	7.06855608392196	1.90836393893299	8.49217469988836	2.60767882715401
lncRNA_19728	7.1894773432025	6.89956702978743	3.59076650280168	1.90836393893299	3.41765826952946
lncRNA_19746	7.01956497446393	1.90836393893299	7.15534235825644	5.04897792574338	7.18903770890614
lncRNA_19752	5.57667918874931	1.90836393893299	2.91512888276692	1.90836393893299	7.45998233539539
lncRNA_19783	5.64876316866785	1.90836393893299	4.58812167194333	3.52172646396546	7.66256375689353
lncRNA_19815	3.68897710793864	5.49436283526278	2.91512888276692	8.46586751516627	2.76080154161803
lncRNA_19851	3.47244607508182	7.42740273771856	1.90836393893299	1.90836393893299	2.76080154161803
lncRNA_19865	4.97113360949985	1.90836393893299	5.61753175045575	1.90836393893299	7.44887999507323
lncRNA_19888	1.90836393893299	7.21978483202218	2.91512888276692	3.32226205362152	1.90836393893299
lncRNA_19902	5.11477023773897	1.90836393893299	5.96535442710959	1.90836393893299	6.52197671377017
lncRNA_19906	6.15624075141266	1.90836393893299	6.31579837544845	1.90836393893299	5.58910847978334
lncRNA_19938	6.41153958245231	1.90836393893299	6.36670834795396	6.30181288079541	8.28291858830029
lncRNA_19970	5.60111437670516	1.90836393893299	6.22672036161883	1.90836393893299	6.08769016949148
lncRNA_19984	3.34680138757273	1.90836393893299	7.8040214957508	3.52172646396546	7.30851944797409
lncRNA_20017	5.80402256729764	1.90836393893299	6.46341682928197	1.90836393893299	1.90836393893299
lncRNA_20057	4.97113360949985	1.90836393893299	1.90836393893299	1.90836393893299	6.49340839191188
lncRNA_20065	8.16081140533237	8.3311850663954	6.33296962251214	8.04319602735238	2.40525002384409
lncRNA_20075	1.90836393893299	6.58953433937706	1.90836393893299	5.446812095195	1.90836393893299
lncRNA_20085	7.13225982939293	6.19375453469778	1.90836393893299	7.71712900045482	1.90836393893299
lncRNA_20087	7.1894773432025	5.98382311207213	5.72583765749411	10.482763837335	3.18722448877007
lncRNA_20118	4.03297641902001	3.21475805333237	8.07749812669042	3.32226205362152	7.08289195249157
lncRNA_20151	3.47244607508182	8.84683598428268	1.90836393893299	3.07732487029265	2.60767882715401
lncRNA_20225	1.90836393893299	7.97282048705431	3.12976136393412	1.90836393893299	5.18391822915905
lncRNA_20272	1.90836393893299	1.90836393893299	5.23218210091851	1.90836393893299	6.80365590971672
lncRNA_20283	1.90836393893299	4.54694648965671	5.67271188035717	1.90836393893299	6.62432097718769
lncRNA_20285	1.90836393893299	3.21475805333237	6.26301735874158	1.90836393893299	7.93336503638049
lncRNA_20295	4.24157975940102	3.21475805333237	6.415875911784	1.90836393893299	7.74957537525348
lncRNA_20310	1.90836393893299	1.90836393893299	5.43788054399211	1.90836393893299	6.86623194746252
lncRNA_20318	1.90836393893299	3.21475805333237	5.19479521743882	1.90836393893299	7.18458170382645
lncRNA_20367	1.90836393893299	6.75288317646851	1.90836393893299	7.48527272438005	1.90836393893299
lncRNA_20374	1.90836393893299	1.90836393893299	4.70043486091335	3.07732487029265	7.43018391407072
lncRNA_20376	1.90836393893299	1.90836393893299	5.23218210091851	2.7459296179945	7.53539272087389
lncRNA_20377	3.20483260222422	1.90836393893299	6.415875911784	2.7459296179945	7.6657634497872
lncRNA_20382	1.90836393893299	1.90836393893299	5.72583765749411	1.90836393893299	6.10670088949504
lncRNA_20383	3.04006187778617	1.90836393893299	5.19479521743882	1.90836393893299	6.96829784961357
lncRNA_20390	1.90836393893299	3.21475805333237	6.0300358950513	3.52172646396546	8.10580899330751
lncRNA_20391	1.90836393893299	1.90836393893299	5.43788054399211	1.90836393893299	6.36522974745139
lncRNA_20392	1.90836393893299	1.90836393893299	5.43788054399211	1.90836393893299	6.43451006165279
lncRNA_20394	1.90836393893299	1.90836393893299	4.33139453272229	1.90836393893299	7.1019229233902
lncRNA_20397	1.90836393893299	1.90836393893299	6.39967293363676	3.07732487029265	6.62432097718769
lncRNA_20404	2.57274521800641	1.90836393893299	7.55656678110187	4.09528745896536	1.90836393893299
lncRNA_20417	1.90836393893299	1.90836393893299	5.87430132057154	1.90836393893299	7.34091329093991
lncRNA_20442	1.90836393893299	2.84734839164191	9.44008595792504	1.90836393893299	2.888118878993
lncRNA_20487	8.20902004232131	8.59359284304068	7.44274542509332	5.31038775184643	2.76080154161803
lncRNA_20490	7.8059565896132	8.64792336419346	1.90836393893299	3.32226205362152	7.12070575112584
lncRNA_20494	6.66332058985734	1.90836393893299	1.90836393893299	7.17023163306126	2.888118878993
lncRNA_20527	7.45244850557806	1.90836393893299	6.15125092997176	3.07732487029265	6.68240523491855
lncRNA_20547	10.4330653943112	12.3458903528246	10.3724482129715	6.80055409861104	5.32134155903958
lncRNA_20567	10.0130125577966	6.97713062182135	6.70663117103367	3.69187079237419	7.70982914176262
lncRNA_20595	2.83999373890712	10.0249629629098	7.26659598947556	6.69567156050514	6.74430713402872
lncRNA_20626	2.83999373890712	2.84734839164191	2.62732433917259	6.56278696592685	7.79703593555878
lncRNA_20631	9.05890429936921	7.64492244799199	3.12976136393412	7.03352632338352	5.35371042328309
lncRNA_20632	8.45205846297116	3.70190594883193	5.94312823852107	9.34197028563531	6.79782995003695
lncRNA_20661	7.18144122560276	1.90836393893299	6.0919238362923	3.32226205362152	7.23716522668796
lncRNA_20683	8.02377280247114	1.90836393893299	3.59076650280168	2.7459296179945	5.68100340970387
lncRNA_20723	5.24510907839349	1.90836393893299	6.39967293363676	1.90836393893299	6.03903046765514
lncRNA_20740	6.55543602935964	1.90836393893299	6.95947929745718	4.49153574200873	7.60372063572744
lncRNA_20758	5.62513776888565	10.0430948631116	8.0621652989251	5.446812095195	4.92738770899703
lncRNA_20766	2.83999373890712	3.21475805333237	1.90836393893299	3.69187079237419	7.54931985376389
lncRNA_20772	1.90836393893299	8.92713969562846	3.71077156042259	5.446812095195	3.96332570144932
lncRNA_20818	6.35542331221497	7.91490749517952	4.10056407764696	1.90836393893299	2.40525002384409
lncRNA_20898	2.83999373890712	1.90836393893299	4.40026495764067	3.07732487029265	7.54237310667795
lncRNA_20915	4.30440772161667	3.21475805333237	1.90836393893299	7.65326828649583	5.76733792133029
lncRNA_20945	7.41867045407537	1.90836393893299	5.23218210091851	5.64860128942024	2.99879306772025
lncRNA_20980	11.4133799913028	4.64751791966827	3.30592105085477	4.49153574200873	3.34615618800816
lncRNA_20995	5.2136344420283	6.48712520489091	3.59076650280168	7.73486716353583	1.90836393893299
lncRNA_21123	3.47244607508182	1.90836393893299	6.20822179714941	3.52172646396546	7.55967760690569
lncRNA_21129	5.24510907839349	1.90836393893299	6.43189824339545	1.90836393893299	6.34936971550663
lncRNA_21157	7.40493442229449	2.84734839164191	7.5045663628485	4.09528745896536	2.888118878993
lncRNA_21190	3.58565299362618	1.90836393893299	6.13174661417521	1.90836393893299	6.86623194746252
lncRNA_21207	1.90836393893299	2.84734839164191	6.26301735874158	1.90836393893299	6.06842401947379
lncRNA_21224	6.05407267376482	1.90836393893299	6.58300472231208	3.07732487029265	7.29204530563211
lncRNA_21252	4.52999851773926	1.90836393893299	6.0919238362923	1.90836393893299	6.76834109998749
lncRNA_21253	6.13971017591973	1.90836393893299	5.58911982589017	2.7459296179945	6.75637428521193
lncRNA_21352	4.1756438910784	1.90836393893299	7.71531051189234	2.7459296179945	4.76695879318327
lncRNA_21393	6.75286530698999	3.4840929651577	3.59076650280168	1.90836393893299	7.83163347828149
lncRNA_21399	6.38375537844867	3.4840929651577	5.75167734087178	1.90836393893299	8.2341878539364
lncRNA_21402	5.18144293866296	1.90836393893299	3.92053018146301	1.90836393893299	6.99399682683571
lncRNA_21407	5.3060329212375	1.90836393893299	5.0344758936613	1.90836393893299	6.80945838455959
lncRNA_21408	5.90542786875852	1.90836393893299	1.90836393893299	1.90836393893299	5.92578157828648
lncRNA_21438	8.70830335393221	10.4757365807339	1.90836393893299	3.69187079237419	2.60767882715401
lncRNA_21463	1.90836393893299	7.29741259074103	1.90836393893299	1.90836393893299	3.77318508637583
lncRNA_21469	5.71737937078797	3.21475805333237	5.82650602806611	1.90836393893299	7.81155259720489
lncRNA_21507	5.36444482027188	1.90836393893299	4.10056407764696	1.90836393893299	6.97347446340935
lncRNA_21540	5.86572402756113	3.70190594883193	1.90836393893299	1.90836393893299	6.9368411965469
lncRNA_21698	5.04478565037899	1.90836393893299	4.99137030825386	1.90836393893299	7.13000612007036
lncRNA_21793	4.58100695517487	1.90836393893299	7.09631875144158	3.07732487029265	6.47160333558685
lncRNA_21921	4.81107804228201	1.90836393893299	6.63926515625618	1.90836393893299	6.95788846136491
lncRNA_21931	6.49180789674155	7.49485527107525	1.90836393893299	5.15941460791622	2.60767882715401
lncRNA_21933	1.90836393893299	1.90836393893299	5.92055162740307	1.90836393893299	6.28411821711587
lncRNA_21935	5.73953770166924	1.90836393893299	5.92055162740307	1.90836393893299	7.18903770890614
lncRNA_21984	1.90836393893299	1.90836393893299	1.90836393893299	7.23400873396723	1.90836393893299
lncRNA_21997	1.90836393893299	4.91163824951592	1.90836393893299	7.31880476760195	4.34375202831323
lncRNA_22082	1.90836393893299	1.90836393893299	4.94689829120594	6.43821517713255	6.1161125747465
lncRNA_22090	2.57274521800641	2.84734839164191	4.58812167194333	1.90836393893299	7.31668642935376
lncRNA_22098	7.14884087647221	1.90836393893299	3.12976136393412	4.92912072277375	8.76684345583981
lncRNA_22168	6.13971017591973	1.90836393893299	6.39967293363676	1.90836393893299	7.38817841094853
lncRNA_22242	6.12298689135135	1.90836393893299	7.47398730026408	3.32226205362152	7.55967760690569
lncRNA_22251	5.11477023773897	1.90836393893299	6.31579837544845	1.90836393893299	6.45688069090132
lncRNA_22275	5.27589866749676	1.90836393893299	6.82047156744878	4.79802689369633	8.43502511810606
lncRNA_22341	1.90836393893299	1.90836393893299	1.90836393893299	7.38771583923067	1.90836393893299
lncRNA_22351	6.77440720226993	2.84734839164191	7.01365916812972	3.84109919233587	8.2036988552725
lncRNA_22359	5.80402256729764	1.90836393893299	7.13593528176198	3.07732487029265	1.90836393893299
lncRNA_22371	6.13971017591973	2.84734839164191	5.11691413751874	1.90836393893299	7.70672586958865
lncRNA_22377	4.03297641902001	1.90836393893299	6.24498356806764	1.90836393893299	6.21575998511915
lncRNA_22413	4.58100695517487	9.03978859173802	4.01367481472207	2.7459296179945	4.12888381350461
lncRNA_22416	8.13608900059744	2.84734839164191	4.40026495764067	3.07732487029265	3.26966083022591
lncRNA_22423	7.2445091192038	1.90836393893299	8.77676420550901	1.90836393893299	3.66600865607644
lncRNA_22549	6.38375537844867	1.90836393893299	6.59727746873049	4.65327709234371	7.29204530563211
lncRNA_22565	3.47244607508182	1.90836393893299	7.84043095026555	1.90836393893299	1.90836393893299
lncRNA_22580	1.90836393893299	9.96915846718311	7.36154302672443	5.61046528617028	5.68100340970387
lncRNA_22588	6.73099606818454	2.84734839164191	6.69340793325635	8.84635964400197	4.55755536690575
lncRNA_22603	7.22118096064359	1.90836393893299	7.03477301653457	4.72754108328267	7.84580765298352
lncRNA_22627	6.17258303252406	1.90836393893299	7.19338942387808	6.01212038563435	8.09398290255345
lncRNA_22702	6.64003575756187	1.90836393893299	7.16494873363707	4.30799425889408	8.37570247963011
lncRNA_22718	5.62513776888565	11.5689848004704	5.82650602806611	7.11709591541777	5.47627416406929
lncRNA_22724	5.76135756916311	1.90836393893299	6.52445366132611	1.90836393893299	6.91009198765505
lncRNA_22737	1.90836393893299	1.90836393893299	7.12613281716586	3.32226205362152	5.83740167652803
lncRNA_22743	5.18144293866296	1.90836393893299	6.46341682928197	4.92912072277375	7.83163347828149
lncRNA_22811	6.59230397309798	2.84734839164191	5.61753175045575	1.90836393893299	7.08289195249157
lncRNA_22816	2.83999373890712	1.90836393893299	6.00879819357643	1.90836393893299	7.32480738750711
lncRNA_22842	5.4745173461821	1.90836393893299	5.15639192394788	1.90836393893299	7.49278530291326
lncRNA_22881	5.27589866749676	1.90836393893299	1.90836393893299	1.90836393893299	6.7012569991114
lncRNA_22901	7.70309709679974	2.84734839164191	4.99137030825386	9.27081936814166	2.888118878993
lncRNA_22912	3.68897710793864	1.90836393893299	6.28082745261883	1.90836393893299	6.91548173028028
lncRNA_22916	4.47701481668474	1.90836393893299	6.07158992724558	1.90836393893299	6.63089181003757
lncRNA_22935	4.1756438910784	1.90836393893299	7.22127955803034	3.84109919233587	7.90927209223787
lncRNA_22961	2.83999373890712	1.90836393893299	6.22672036161883	1.90836393893299	6.49340839191188
lncRNA_22962	5.04478565037899	1.90836393893299	6.29841935650566	1.90836393893299	6.34936971550663
lncRNA_22995	6.66332058985734	3.4840929651577	6.5393164314033	1.90836393893299	6.59100890124088
lncRNA_22996	5.94406008314133	3.70190594883193	6.13174661417521	1.90836393893299	7.37259497011736
lncRNA_23014	4.58100695517487	1.90836393893299	6.65299306246215	2.7459296179945	7.00919893677166
lncRNA_23016	5.94406008314133	1.90836393893299	6.46341682928197	3.52172646396546	7.27118419721792
lncRNA_23146	5.50075339086568	1.90836393893299	7.64842795118359	4.99032889529889	8.16352711517878
lncRNA_23212	6.96442078376096	2.84734839164191	6.59727746873049	3.07732487029265	7.49278530291326
lncRNA_23237	3.58565299362618	7.29741259074103	6.33296962251214	7.82870824324187	1.90836393893299
lncRNA_23259	8.33021386431919	5.0634969071297	7.97205839450031	3.07732487029265	7.44516012944713
lncRNA_23276	6.58011936630134	5.49436283526278	6.75834154063587	1.90836393893299	7.85984385044286
lncRNA_23284	8.7194399780558	4.82904809180132	3.82004063515574	8.13288024089731	7.81731858522126
lncRNA_23285	8.11936876894628	1.90836393893299	1.90836393893299	9.7213224301051	7.76755665572108
lncRNA_23286	3.68897710793864	9.42225825354962	4.85347644786818	7.68098423571989	6.7012569991114
lncRNA_23326	2.57274521800641	7.94415470123957	3.82004063515574	1.90836393893299	4.16719500038112
lncRNA_23328	8.77653704549556	3.21475805333237	1.90836393893299	1.90836393893299	2.40525002384409
lncRNA_23329	6.87753090405418	5.49436283526278	1.90836393893299	5.75725137017021	1.90836393893299
lncRNA_23334	10.6428109742109	5.13368557074794	1.90836393893299	3.52172646396546	2.40525002384409
lncRNA_23384	8.89177031821014	9.41879051123505	3.12976136393412	1.90836393893299	7.07328134420283
lncRNA_23397	5.82488688903684	7.95377341766101	6.97047956324211	1.90836393893299	6.22448490014069
lncRNA_23428	7.83184806357613	1.90836393893299	1.90836393893299	5.57128112005298	7.60038007308266
lncRNA_23454	5.08021285089385	1.90836393893299	7.11626319574609	3.84109919233587	1.90836393893299
lncRNA_23472	7.89215416248027	10.2168829355778	4.80431101762363	10.1721885323476	5.21954581156899
lncRNA_23502	7.05518866709259	3.21475805333237	3.45723196679266	1.90836393893299	6.78020923705025
lncRNA_23545	7.75273567396297	2.84734839164191	8.15662883244218	2.7459296179945	6.7012569991114
lncRNA_23554	1.90836393893299	3.21475805333237	1.90836393893299	7.65326828649583	3.34615618800816
lncRNA_23622	2.57274521800641	7.34205814009953	7.69556949717997	1.90836393893299	4.08942345074125
lncRNA_23769	5.67200368964662	1.90836393893299	6.24498356806764	1.90836393893299	6.02909712990694
lncRNA_23834	6.71993554840781	1.90836393893299	5.40560249961124	1.90836393893299	2.60767882715401
lncRNA_23992	6.66332058985734	1.90836393893299	7.26659598947556	2.7459296179945	5.91502797742422
lncRNA_24010	6.3977146305185	1.90836393893299	7.13593528176198	1.90836393893299	6.300711108972
lncRNA_24013	4.9328045709709	1.90836393893299	6.34993802797103	1.90836393893299	6.13475267314156
lncRNA_24061	6.60438622651247	12.8625314006373	11.7582725088024	9.35062238516905	9.71252074092644
lncRNA_24105	4.42188769965841	8.03757119832484	7.20274624907953	10.582845533039	6.85505493972449
