#Coverage	Number of genomic locations
0.0	6.965186E7
1.0	1.3285587E7
2.0	2.2498186E7
3.0	1.0742379E7
4.0	1.4785149E7
5.0	9379271.0
6.0	1.1661885E7
7.0	8531417.0
8.0	9962857.0
9.0	8000727.0
10.0	8963996.0
11.0	7607074.0
12.0	8280976.0
13.0	7284052.0
14.0	7769695.0
15.0	7019993.0
16.0	7357186.0
17.0	6765308.0
18.0	7020611.0
19.0	6547270.0
20.0	6724409.0
21.0	6327774.0
22.0	6450994.0
23.0	6121421.0
24.0	6199016.0
25.0	5913042.0
26.0	5951565.0
27.0	5700415.0
28.0	5711048.0
29.0	5492109.0
30.0	5465411.0
31.0	5262408.0
32.0	5238090.0
33.0	5048694.0
34.0	5014443.0
35.0	4846201.0
36.0	4807506.0
37.0	4647443.0
38.0	4593676.0
39.0	4435813.0
40.0	4386890.0
41.0	4240329.0
42.0	4187468.0
43.0	4049472.0
44.0	3979848.0
45.0	3849122.0
46.0	3793710.0
47.0	3666809.0
48.0	3607886.0
49.0	3496648.0
50.0	3434404.0
51.0	3318825.0
52.0	3251841.0
53.0	3148586.0
54.0	3085241.0
55.0	2984409.0
56.0	2921746.0
57.0	2826376.0
58.0	2764780.0
59.0	2682867.0
60.0	2613120.0
61.0	2531512.0
62.0	2465088.0
63.0	2383554.0
64.0	2326938.0
65.0	2257167.0
66.0	2195947.0
67.0	2128574.0
68.0	2072230.0
69.0	2004545.0
70.0	1951438.0
71.0	1882150.0
72.0	1840599.0
73.0	1776823.0
74.0	1726355.0
75.0	1673599.0
76.0	1623837.0
77.0	1572746.0
78.0	1526030.0
79.0	1474749.0
80.0	1434172.0
81.0	1384829.0
82.0	1345076.0
83.0	1297589.0
84.0	1259841.0
85.0	1218977.0
86.0	1183128.0
87.0	1144823.0
88.0	1108951.0
89.0	1072568.0
90.0	1041478.0
91.0	1005027.0
92.0	975509.0
93.0	939848.0
94.0	914539.0
95.0	881662.0
96.0	855695.0
97.0	826719.0
98.0	798492.0
99.0	775450.0
100.0	749759.0
101.0	724458.0
102.0	701493.0
103.0	677413.0
104.0	655056.0
105.0	632913.0
106.0	612248.0
107.0	594329.0
108.0	571342.0
109.0	554798.0
110.0	534854.0
111.0	518795.0
112.0	498815.0
113.0	483558.0
114.0	467502.0
115.0	454860.0
116.0	438482.0
117.0	422045.0
118.0	409548.0
119.0	395514.0
120.0	384530.0
121.0	370361.0
122.0	358833.0
123.0	346900.0
124.0	335958.0
125.0	325598.0
126.0	314011.0
127.0	303207.0
128.0	295094.0
129.0	284730.0
130.0	275359.0
131.0	267639.0
132.0	257065.0
133.0	249299.0
134.0	242052.0
135.0	234964.0
136.0	226729.0
137.0	219409.0
138.0	213846.0
139.0	206006.0
140.0	200440.0
141.0	193718.0
142.0	187300.0
143.0	181396.0
144.0	175084.0
145.0	169188.0
146.0	164906.0
147.0	159770.0
148.0	153769.0
149.0	148405.0
150.0	144710.0
151.0	139242.0
152.0	134955.0
153.0	131612.0
154.0	126391.0
155.0	122286.0
156.0	119053.0
157.0	114802.0
158.0	111653.0
159.0	107879.0
160.0	105194.0
161.0	102425.0
162.0	99461.0
163.0	95962.0
164.0	93345.0
165.0	91384.0
166.0	88451.0
167.0	86306.0
168.0	83887.0
169.0	81312.0
170.0	79592.0
171.0	76655.0
172.0	74484.0
173.0	72304.0
174.0	70328.0
175.0	68006.0
176.0	66187.0
177.0	63898.0
178.0	61435.0
179.0	60462.0
180.0	58324.0
181.0	56474.0
182.0	55228.0
183.0	53695.0
184.0	52448.0
185.0	50780.0
186.0	49811.0
187.0	48535.0
188.0	47440.0
189.0	46167.0
190.0	44184.0
191.0	43289.0
192.0	41682.0
193.0	41039.0
194.0	40238.0
195.0	38947.0
196.0	37339.0
197.0	36639.0
198.0	35995.0
199.0	35253.0
200.0	34394.0
201.0	33949.0
202.0	32762.0
203.0	31854.0
204.0	31440.0
205.0	30307.0
206.0	29353.0
207.0	29049.0
208.0	27892.0
209.0	26730.0
210.0	26044.0
211.0	25559.0
212.0	25257.0
213.0	24723.0
214.0	23924.0
215.0	23342.0
216.0	22752.0
217.0	22068.0
218.0	21853.0
219.0	21187.0
220.0	20818.0
221.0	20284.0
222.0	19664.0
223.0	19221.0
224.0	18740.0
225.0	18616.0
226.0	17994.0
227.0	17519.0
228.0	17087.0
229.0	16661.0
230.0	15982.0
231.0	16016.0
232.0	15833.0
233.0	15559.0
234.0	14961.0
235.0	14825.0
236.0	14379.0
237.0	13808.0
238.0	13426.0
239.0	13381.0
240.0	13019.0
241.0	12679.0
242.0	12556.0
243.0	12177.0
244.0	11956.0
245.0	12112.0
246.0	11830.0
247.0	11452.0
248.0	11404.0
249.0	10952.0
250.0	10907.0
251.0	10932.0
252.0	10449.0
253.0	10253.0
254.0	9996.0
255.0	9845.0
256.0	9568.0
257.0	9482.0
258.0	9174.0
259.0	9017.0
260.0	8822.0
261.0	8881.0
262.0	8698.0
263.0	8425.0
264.0	8284.0
265.0	8196.0
266.0	8156.0
267.0	7903.0
268.0	7719.0
269.0	7452.0
270.0	7373.0
271.0	7109.0
272.0	7041.0
273.0	6911.0
274.0	6722.0
275.0	6598.0
276.0	6373.0
277.0	6394.0
278.0	6063.0
279.0	6103.0
280.0	6123.0
281.0	6059.0
282.0	5874.0
283.0	5646.0
284.0	5461.0
285.0	5521.0
286.0	5504.0
287.0	5328.0
288.0	5270.0
289.0	5069.0
290.0	5119.0
291.0	4866.0
292.0	4865.0
293.0	4789.0
294.0	4554.0
295.0	4778.0
296.0	4638.0
297.0	4606.0
298.0	4544.0
299.0	4482.0
300.0	4359.0
301.0	4243.0
302.0	4208.0
303.0	3991.0
304.0	3982.0
305.0	4022.0
306.0	3772.0
307.0	3814.0
308.0	3690.0
309.0	3763.0
310.0	3756.0
311.0	3626.0
312.0	3635.0
313.0	3494.0
314.0	3483.0
315.0	3390.0
316.0	3357.0
317.0	3235.0
318.0	3118.0
319.0	3177.0
320.0	3039.0
321.0	3035.0
322.0	3131.0
323.0	3021.0
324.0	3034.0
325.0	2945.0
326.0	2760.0
327.0	2794.0
328.0	2866.0
329.0	2655.0
330.0	2650.0
331.0	2596.0
332.0	2523.0
333.0	2702.0
334.0	2512.0
335.0	2502.0
336.0	2443.0
337.0	2469.0
338.0	2359.0
339.0	2324.0
340.0	2244.0
341.0	2222.0
342.0	2281.0
343.0	2193.0
344.0	2307.0
345.0	2203.0
346.0	2162.0
347.0	2085.0
348.0	2025.0
349.0	2008.0
350.0	1986.0
351.0	1991.0
352.0	2013.0
353.0	1906.0
354.0	1919.0
355.0	1904.0
356.0	1940.0
357.0	1834.0
358.0	1772.0
359.0	1778.0
360.0	1801.0
361.0	1650.0
362.0	1743.0
363.0	1725.0
364.0	1757.0
365.0	1699.0
366.0	1703.0
367.0	1613.0
368.0	1739.0
369.0	1638.0
370.0	1689.0
371.0	1671.0
372.0	1606.0
373.0	1574.0
374.0	1517.0
375.0	1511.0
376.0	1511.0
377.0	1475.0
378.0	1431.0
379.0	1493.0
380.0	1421.0
381.0	1425.0
382.0	1365.0
383.0	1279.0
384.0	1328.0
385.0	1354.0
386.0	1292.0
387.0	1273.0
388.0	1364.0
389.0	1317.0
390.0	1285.0
391.0	1300.0
392.0	1250.0
393.0	1151.0
394.0	1105.0
395.0	1167.0
396.0	1180.0
397.0	1207.0
398.0	1144.0
399.0	1162.0
400.0	1118.0
401.0	1101.0
402.0	1104.0
403.0	1054.0
404.0	1098.0
405.0	1060.0
406.0	1055.0
407.0	989.0
408.0	953.0
409.0	1022.0
410.0	933.0
411.0	951.0
412.0	923.0
413.0	986.0
414.0	953.0
415.0	968.0
416.0	911.0
417.0	921.0
418.0	911.0
419.0	944.0
420.0	883.0
421.0	935.0
422.0	838.0
423.0	849.0
424.0	857.0
425.0	877.0
426.0	821.0
427.0	824.0
428.0	802.0
429.0	839.0
430.0	812.0
431.0	822.0
432.0	826.0
433.0	854.0
434.0	794.0
435.0	763.0
436.0	765.0
437.0	734.0
438.0	757.0
439.0	727.0
440.0	777.0
441.0	833.0
442.0	733.0
443.0	688.0
444.0	707.0
445.0	708.0
446.0	677.0
447.0	658.0
448.0	668.0
449.0	649.0
450.0	629.0
451.0	673.0
452.0	655.0
453.0	643.0
454.0	616.0
455.0	651.0
456.0	611.0
457.0	581.0
458.0	527.0
459.0	613.0
460.0	608.0
461.0	571.0
462.0	655.0
463.0	619.0
464.0	578.0
465.0	547.0
466.0	554.0
467.0	584.0
468.0	562.0
469.0	567.0
470.0	536.0
471.0	540.0
472.0	495.0
473.0	485.0
474.0	522.0
475.0	504.0
476.0	520.0
477.0	507.0
478.0	517.0
479.0	516.0
480.0	461.0
481.0	452.0
482.0	450.0
483.0	485.0
484.0	459.0
485.0	518.0
486.0	472.0
487.0	490.0
488.0	492.0
489.0	441.0
490.0	432.0
491.0	415.0
492.0	430.0
493.0	445.0
494.0	436.0
495.0	390.0
496.0	413.0
497.0	402.0
498.0	394.0
499.0	412.0
500.0	419.0
501.0	442.0
502.0	453.0
503.0	411.0
504.0	394.0
505.0	394.0
506.0	357.0
507.0	380.0
508.0	403.0
509.0	382.0
510.0	369.0
511.0	349.0
512.0	398.0
513.0	398.0
514.0	325.0
515.0	367.0
516.0	334.0
517.0	328.0
518.0	352.0
519.0	327.0
520.0	347.0
521.0	337.0
522.0	353.0
523.0	338.0
524.0	341.0
525.0	343.0
526.0	352.0
527.0	360.0
528.0	332.0
529.0	354.0
530.0	329.0
531.0	341.0
532.0	304.0
533.0	295.0
534.0	332.0
535.0	315.0
536.0	326.0
537.0	315.0
538.0	303.0
539.0	276.0
540.0	264.0
541.0	298.0
542.0	275.0
543.0	236.0
544.0	281.0
545.0	292.0
546.0	312.0
547.0	246.0
548.0	267.0
549.0	280.0
550.0	302.0
551.0	249.0
552.0	254.0
553.0	289.0
554.0	285.0
555.0	249.0
556.0	256.0
557.0	275.0
558.0	260.0
559.0	274.0
560.0	277.0
561.0	290.0
562.0	280.0
563.0	271.0
564.0	270.0
565.0	294.0
566.0	226.0
567.0	236.0
568.0	255.0
569.0	221.0
570.0	239.0
571.0	215.0
572.0	246.0
573.0	227.0
574.0	255.0
575.0	227.0
576.0	216.0
577.0	257.0
578.0	264.0
579.0	248.0
580.0	224.0
581.0	211.0
582.0	216.0
583.0	240.0
584.0	243.0
585.0	226.0
586.0	220.0
587.0	235.0
588.0	242.0
589.0	242.0
590.0	224.0
591.0	224.0
592.0	260.0
593.0	237.0
594.0	233.0
595.0	223.0
596.0	234.0
597.0	256.0
598.0	209.0
599.0	218.0
600.0	213.0
601.0	207.0
602.0	200.0
603.0	245.0
604.0	202.0
605.0	215.0
606.0	210.0
607.0	201.0
608.0	210.0
609.0	167.0
610.0	192.0
611.0	217.0
612.0	195.0
613.0	216.0
614.0	196.0
615.0	200.0
616.0	164.0
617.0	190.0
618.0	205.0
619.0	201.0
620.0	186.0
621.0	175.0
622.0	176.0
623.0	169.0
624.0	190.0
625.0	187.0
626.0	203.0
627.0	208.0
628.0	196.0
629.0	181.0
630.0	201.0
631.0	208.0
632.0	179.0
633.0	159.0
634.0	137.0
635.0	149.0
636.0	157.0
637.0	159.0
638.0	179.0
639.0	177.0
640.0	179.0
641.0	168.0
642.0	162.0
643.0	158.0
644.0	182.0
645.0	170.0
646.0	160.0
647.0	156.0
648.0	163.0
649.0	152.0
650.0	170.0
651.0	184.0
652.0	162.0
653.0	165.0
654.0	171.0
655.0	149.0
656.0	155.0
657.0	149.0
658.0	150.0
659.0	138.0
660.0	161.0
661.0	156.0
662.0	156.0
663.0	163.0
664.0	153.0
665.0	153.0
666.0	143.0
667.0	155.0
668.0	150.0
669.0	136.0
670.0	154.0
671.0	169.0
672.0	167.0
673.0	171.0
674.0	166.0
675.0	165.0
676.0	139.0
677.0	156.0
678.0	135.0
679.0	167.0
680.0	161.0
681.0	157.0
682.0	137.0
683.0	160.0
684.0	163.0
685.0	152.0
686.0	161.0
687.0	162.0
688.0	171.0
689.0	149.0
690.0	154.0
691.0	154.0
692.0	128.0
693.0	148.0
694.0	130.0
695.0	141.0
696.0	149.0
697.0	141.0
698.0	140.0
699.0	137.0
700.0	136.0
701.0	144.0
702.0	138.0
703.0	116.0
704.0	116.0
705.0	145.0
706.0	120.0
707.0	132.0
708.0	114.0
709.0	144.0
710.0	138.0
711.0	131.0
712.0	145.0
713.0	151.0
714.0	161.0
715.0	154.0
716.0	180.0
717.0	160.0
718.0	153.0
719.0	171.0
720.0	190.0
721.0	165.0
722.0	157.0
723.0	159.0
724.0	165.0
725.0	161.0
726.0	198.0
727.0	182.0
728.0	171.0
729.0	168.0
730.0	192.0
731.0	180.0
732.0	171.0
733.0	174.0
734.0	180.0
735.0	174.0
736.0	160.0
737.0	170.0
738.0	152.0
739.0	169.0
740.0	148.0
741.0	149.0
742.0	164.0
743.0	156.0
744.0	151.0
745.0	170.0
746.0	158.0
747.0	156.0
748.0	152.0
749.0	150.0
750.0	154.0
751.0	148.0
752.0	142.0
753.0	141.0
754.0	108.0
755.0	129.0
756.0	145.0
757.0	130.0
758.0	164.0
759.0	132.0
760.0	147.0
761.0	145.0
762.0	131.0
763.0	143.0
764.0	136.0
765.0	153.0
766.0	166.0
767.0	143.0
768.0	131.0
769.0	144.0
770.0	133.0
771.0	129.0
772.0	141.0
773.0	131.0
774.0	110.0
775.0	144.0
776.0	114.0
777.0	135.0
778.0	123.0
779.0	136.0
780.0	131.0
781.0	134.0
782.0	136.0
783.0	129.0
784.0	126.0
785.0	133.0
786.0	137.0
787.0	116.0
788.0	123.0
789.0	112.0
790.0	137.0
791.0	124.0
792.0	106.0
793.0	122.0
794.0	126.0
795.0	116.0
796.0	139.0
797.0	116.0
798.0	147.0
799.0	99.0
800.0	129.0
801.0	122.0
802.0	129.0
803.0	119.0
804.0	113.0
805.0	114.0
806.0	108.0
807.0	117.0
808.0	101.0
809.0	93.0
810.0	138.0
811.0	99.0
812.0	93.0
813.0	88.0
814.0	120.0
815.0	94.0
816.0	120.0
817.0	107.0
818.0	107.0
819.0	116.0
820.0	109.0
821.0	113.0
822.0	98.0
823.0	99.0
824.0	109.0
825.0	90.0
826.0	107.0
827.0	95.0
828.0	118.0
829.0	121.0
830.0	111.0
831.0	93.0
832.0	128.0
833.0	101.0
834.0	94.0
835.0	91.0
836.0	92.0
837.0	103.0
838.0	93.0
839.0	101.0
840.0	119.0
841.0	116.0
842.0	97.0
843.0	111.0
844.0	124.0
845.0	132.0
846.0	105.0
847.0	93.0
848.0	86.0
849.0	70.0
850.0	128.0
851.0	109.0
852.0	95.0
853.0	105.0
854.0	93.0
855.0	98.0
856.0	121.0
857.0	87.0
858.0	107.0
859.0	85.0
860.0	101.0
861.0	89.0
862.0	112.0
863.0	82.0
864.0	93.0
865.0	100.0
866.0	97.0
867.0	101.0
868.0	112.0
869.0	114.0
870.0	93.0
871.0	103.0
872.0	101.0
873.0	88.0
874.0	88.0
875.0	105.0
876.0	92.0
877.0	86.0
878.0	103.0
879.0	99.0
880.0	95.0
881.0	74.0
882.0	109.0
883.0	84.0
884.0	81.0
885.0	81.0
886.0	84.0
887.0	111.0
888.0	88.0
889.0	85.0
890.0	77.0
891.0	74.0
892.0	71.0
893.0	77.0
894.0	85.0
895.0	85.0
896.0	74.0
897.0	76.0
898.0	74.0
899.0	81.0
900.0	67.0
901.0	79.0
902.0	80.0
903.0	81.0
904.0	78.0
905.0	66.0
906.0	85.0
907.0	94.0
908.0	79.0
909.0	90.0
910.0	75.0
911.0	78.0
912.0	64.0
913.0	87.0
914.0	84.0
915.0	67.0
916.0	58.0
917.0	69.0
918.0	87.0
919.0	90.0
920.0	89.0
921.0	87.0
922.0	70.0
923.0	81.0
924.0	70.0
925.0	79.0
926.0	83.0
927.0	73.0
928.0	88.0
929.0	91.0
930.0	60.0
931.0	72.0
932.0	64.0
933.0	74.0
934.0	85.0
935.0	93.0
936.0	83.0
937.0	74.0
938.0	81.0
939.0	77.0
940.0	68.0
941.0	77.0
942.0	82.0
943.0	72.0
944.0	81.0
945.0	75.0
946.0	95.0
947.0	75.0
948.0	94.0
949.0	89.0
950.0	60.0
951.0	78.0
952.0	62.0
953.0	75.0
954.0	69.0
955.0	84.0
956.0	76.0
957.0	78.0
958.0	59.0
959.0	80.0
960.0	77.0
961.0	67.0
962.0	70.0
963.0	63.0
964.0	77.0
965.0	77.0
966.0	74.0
967.0	71.0
968.0	60.0
969.0	53.0
970.0	58.0
971.0	62.0
972.0	60.0
973.0	62.0
974.0	84.0
975.0	84.0
976.0	69.0
977.0	67.0
978.0	71.0
979.0	81.0
980.0	78.0
981.0	81.0
982.0	78.0
983.0	76.0
984.0	72.0
985.0	81.0
986.0	51.0
987.0	55.0
988.0	63.0
989.0	62.0
990.0	61.0
991.0	57.0
992.0	53.0
993.0	67.0
994.0	50.0
995.0	50.0
996.0	55.0
997.0	64.0
998.0	57.0
999.0	58.0
1000.0	53.0
1001.0	50.0
1002.0	66.0
1003.0	46.0
1004.0	53.0
1005.0	56.0
1006.0	56.0
1007.0	62.0
1008.0	60.0
1009.0	59.0
1010.0	62.0
1011.0	43.0
1012.0	59.0
1013.0	59.0
1014.0	51.0
1015.0	48.0
1016.0	53.0
1017.0	48.0
1018.0	53.0
1019.0	53.0
1020.0	49.0
1021.0	57.0
1022.0	46.0
1023.0	50.0
1024.0	35.0
1025.0	56.0
1026.0	41.0
1027.0	45.0
1028.0	51.0
1029.0	50.0
1030.0	61.0
1031.0	49.0
1032.0	51.0
1033.0	58.0
1034.0	47.0
1035.0	57.0
1036.0	47.0
1037.0	53.0
1038.0	54.0
1039.0	50.0
1040.0	51.0
1041.0	45.0
1042.0	55.0
1043.0	58.0
1044.0	61.0
1045.0	51.0
1046.0	66.0
1047.0	46.0
1048.0	51.0
1049.0	51.0
1050.0	53.0
1051.0	47.0
1052.0	60.0
1053.0	48.0
1054.0	49.0
1055.0	47.0
1056.0	55.0
1057.0	47.0
1058.0	66.0
1059.0	46.0
1060.0	56.0
1061.0	63.0
1062.0	59.0
1063.0	53.0
1064.0	54.0
1065.0	57.0
1066.0	70.0
1067.0	62.0
1068.0	54.0
1069.0	62.0
1070.0	53.0
1071.0	52.0
1072.0	54.0
1073.0	54.0
1074.0	40.0
1075.0	51.0
1076.0	46.0
1077.0	42.0
1078.0	56.0
1079.0	32.0
1080.0	46.0
1081.0	50.0
1082.0	51.0
1083.0	55.0
1084.0	53.0
1085.0	57.0
1086.0	52.0
1087.0	52.0
1088.0	57.0
1089.0	57.0
1090.0	62.0
1091.0	41.0
1092.0	51.0
1093.0	60.0
1094.0	49.0
1095.0	53.0
1096.0	43.0
1097.0	48.0
1098.0	54.0
1099.0	51.0
1100.0	67.0
1101.0	51.0
1102.0	56.0
1103.0	66.0
1104.0	70.0
1105.0	47.0
1106.0	54.0
1107.0	46.0
1108.0	62.0
1109.0	44.0
1110.0	41.0
1111.0	37.0
1112.0	38.0
1113.0	39.0
1114.0	38.0
1115.0	57.0
1116.0	36.0
1117.0	44.0
1118.0	42.0
1119.0	48.0
1120.0	57.0
1121.0	55.0
1122.0	61.0
1123.0	50.0
1124.0	44.0
1125.0	67.0
1126.0	50.0
1127.0	44.0
1128.0	49.0
1129.0	38.0
1130.0	43.0
1131.0	49.0
1132.0	34.0
1133.0	45.0
1134.0	65.0
1135.0	56.0
1136.0	51.0
1137.0	41.0
1138.0	40.0
1139.0	49.0
1140.0	43.0
1141.0	49.0
1142.0	55.0
1143.0	49.0
1144.0	56.0
1145.0	51.0
1146.0	44.0
1147.0	46.0
1148.0	45.0
1149.0	48.0
1150.0	57.0
1151.0	48.0
1152.0	48.0
1153.0	43.0
1154.0	52.0
1155.0	44.0
1156.0	37.0
1157.0	43.0
1158.0	39.0
1159.0	37.0
1160.0	33.0
1161.0	45.0
1162.0	32.0
1163.0	37.0
1164.0	39.0
1165.0	41.0
1166.0	46.0
1167.0	39.0
1168.0	43.0
1169.0	34.0
1170.0	39.0
1171.0	33.0
1172.0	34.0
1173.0	30.0
1174.0	34.0
1175.0	34.0
1176.0	28.0
1177.0	36.0
1178.0	49.0
1179.0	45.0
1180.0	32.0
1181.0	37.0
1182.0	31.0
1183.0	31.0
1184.0	24.0
1185.0	33.0
1186.0	40.0
1187.0	34.0
1188.0	41.0
1189.0	38.0
1190.0	24.0
1191.0	35.0
1192.0	27.0
1193.0	28.0
1194.0	22.0
1195.0	39.0
1196.0	39.0
1197.0	32.0
1198.0	29.0
1199.0	32.0
1200.0	28.0
1201.0	29.0
1202.0	23.0
1203.0	28.0
1204.0	32.0
1205.0	38.0
1206.0	24.0
1207.0	28.0
1208.0	29.0
1209.0	30.0
1210.0	25.0
1211.0	26.0
1212.0	33.0
1213.0	33.0
1214.0	25.0
1215.0	21.0
1216.0	28.0
1217.0	40.0
1218.0	29.0
1219.0	21.0
1220.0	30.0
1221.0	23.0
1222.0	30.0
1223.0	22.0
1224.0	27.0
1225.0	18.0
1226.0	21.0
1227.0	26.0
1228.0	24.0
1229.0	25.0
1230.0	36.0
1231.0	27.0
1232.0	21.0
1233.0	28.0
1234.0	24.0
1235.0	32.0
1236.0	24.0
1237.0	21.0
1238.0	27.0
1239.0	20.0
1240.0	25.0
1241.0	26.0
1242.0	15.0
1243.0	21.0
1244.0	25.0
1245.0	28.0
1246.0	26.0
1247.0	23.0
1248.0	28.0
1249.0	21.0
1250.0	27.0
1251.0	21.0
1252.0	26.0
1253.0	20.0
1254.0	20.0
1255.0	27.0
1256.0	23.0
1257.0	22.0
1258.0	15.0
1259.0	22.0
1260.0	24.0
1261.0	29.0
1262.0	24.0
1263.0	20.0
1264.0	21.0
1265.0	19.0
1266.0	32.0
1267.0	21.0
1268.0	22.0
1269.0	22.0
1270.0	23.0
1271.0	24.0
1272.0	19.0
1273.0	21.0
1274.0	22.0
1275.0	24.0
1276.0	26.0
1277.0	25.0
1278.0	29.0
1279.0	29.0
1280.0	24.0
1281.0	18.0
1282.0	29.0
1283.0	18.0
1284.0	26.0
1285.0	28.0
1286.0	17.0
1287.0	29.0
1288.0	22.0
1289.0	16.0
1290.0	22.0
1291.0	28.0
1292.0	27.0
1293.0	20.0
1294.0	25.0
1295.0	18.0
1296.0	28.0
1297.0	27.0
1298.0	18.0
1299.0	16.0
1300.0	21.0
1301.0	24.0
1302.0	20.0
1303.0	27.0
1304.0	26.0
1305.0	16.0
1306.0	21.0
1307.0	28.0
1308.0	27.0
1309.0	31.0
1310.0	23.0
1311.0	13.0
1312.0	24.0
1313.0	15.0
1314.0	34.0
1315.0	30.0
1316.0	32.0
1317.0	22.0
1318.0	29.0
1319.0	21.0
1320.0	23.0
1321.0	23.0
1322.0	41.0
1323.0	27.0
1324.0	34.0
1325.0	23.0
1326.0	26.0
1327.0	22.0
1328.0	20.0
1329.0	18.0
1330.0	29.0
1331.0	26.0
1332.0	20.0
1333.0	21.0
1334.0	12.0
1335.0	23.0
1336.0	40.0
1337.0	24.0
1338.0	33.0
1339.0	28.0
1340.0	21.0
1341.0	25.0
1342.0	22.0
1343.0	13.0
1344.0	20.0
1345.0	24.0
1346.0	19.0
1347.0	22.0
1348.0	22.0
1349.0	21.0
1350.0	17.0
1351.0	22.0
1352.0	24.0
1353.0	20.0
1354.0	28.0
1355.0	20.0
1356.0	27.0
1357.0	10.0
1358.0	22.0
1359.0	12.0
1360.0	28.0
1361.0	27.0
1362.0	19.0
1363.0	14.0
1364.0	34.0
1365.0	23.0
1366.0	23.0
1367.0	22.0
1368.0	29.0
1369.0	21.0
1370.0	25.0
1371.0	19.0
1372.0	20.0
1373.0	16.0
1374.0	19.0
1375.0	18.0
1376.0	17.0
1377.0	23.0
1378.0	21.0
1379.0	18.0
1380.0	20.0
1381.0	20.0
1382.0	14.0
1383.0	23.0
1384.0	27.0
1385.0	21.0
1386.0	16.0
1387.0	24.0
1388.0	25.0
1389.0	11.0
1390.0	21.0
1391.0	26.0
1392.0	20.0
1393.0	16.0
1394.0	19.0
1395.0	14.0
1396.0	23.0
1397.0	19.0
1398.0	25.0
1399.0	22.0
1400.0	18.0
1401.0	19.0
1402.0	17.0
1403.0	13.0
1404.0	20.0
1405.0	24.0
1406.0	25.0
1407.0	19.0
1408.0	20.0
1409.0	14.0
1410.0	24.0
1411.0	20.0
1412.0	15.0
1413.0	16.0
1414.0	17.0
1415.0	18.0
1416.0	21.0
1417.0	16.0
1418.0	21.0
1419.0	20.0
1420.0	17.0
1421.0	15.0
1422.0	18.0
1423.0	17.0
1424.0	20.0
1425.0	19.0
1426.0	17.0
1427.0	12.0
1428.0	21.0
1429.0	13.0
1430.0	21.0
1431.0	18.0
1432.0	13.0
1433.0	14.0
1434.0	15.0
1435.0	17.0
1436.0	19.0
1437.0	12.0
1438.0	7.0
1439.0	14.0
1440.0	12.0
1441.0	6.0
1442.0	20.0
1443.0	10.0
1444.0	17.0
1445.0	22.0
1446.0	11.0
1447.0	16.0
1448.0	11.0
1449.0	12.0
1450.0	9.0
1451.0	11.0
1452.0	16.0
1453.0	11.0
1454.0	14.0
1455.0	19.0
1456.0	14.0
1457.0	14.0
1458.0	13.0
1459.0	17.0
1460.0	16.0
1461.0	14.0
1462.0	13.0
1463.0	17.0
1464.0	24.0
1465.0	25.0
1466.0	16.0
1467.0	23.0
1468.0	13.0
1469.0	21.0
1470.0	11.0
1471.0	14.0
1472.0	19.0
1473.0	21.0
1474.0	14.0
1475.0	19.0
1476.0	13.0
1477.0	13.0
1478.0	14.0
1479.0	15.0
1480.0	11.0
1481.0	10.0
1482.0	19.0
1483.0	20.0
1484.0	21.0
1485.0	21.0
1486.0	18.0
1487.0	24.0
1488.0	16.0
1489.0	16.0
1490.0	16.0
1491.0	18.0
1492.0	14.0
1493.0	21.0
1494.0	15.0
1495.0	19.0
1496.0	9.0
1497.0	15.0
1498.0	19.0
1499.0	15.0
1500.0	14.0
1501.0	19.0
1502.0	18.0
1503.0	15.0
1504.0	11.0
1505.0	17.0
1506.0	9.0
1507.0	13.0
1508.0	19.0
1509.0	13.0
1510.0	9.0
1511.0	18.0
1512.0	17.0
1513.0	23.0
1514.0	15.0
1515.0	11.0
1516.0	16.0
1517.0	14.0
1518.0	14.0
1519.0	12.0
1520.0	11.0
1521.0	14.0
1522.0	12.0
1523.0	9.0
1524.0	10.0
1525.0	10.0
1526.0	17.0
1527.0	12.0
1528.0	15.0
1529.0	16.0
1530.0	17.0
1531.0	11.0
1532.0	15.0
1533.0	11.0
1534.0	12.0
1535.0	8.0
1536.0	8.0
1537.0	16.0
1538.0	8.0
1539.0	19.0
1540.0	15.0
1541.0	12.0
1542.0	9.0
1543.0	16.0
1544.0	11.0
1545.0	13.0
1546.0	12.0
1547.0	7.0
1548.0	19.0
1549.0	14.0
1550.0	14.0
1551.0	17.0
1552.0	12.0
1553.0	19.0
1554.0	10.0
1555.0	18.0
1556.0	15.0
1557.0	11.0
1558.0	15.0
1559.0	19.0
1560.0	13.0
1561.0	18.0
1562.0	20.0
1563.0	17.0
1564.0	16.0
1565.0	12.0
1566.0	13.0
1567.0	18.0
1568.0	14.0
1569.0	18.0
1570.0	15.0
1571.0	13.0
1572.0	15.0
1573.0	12.0
1574.0	15.0
1575.0	13.0
1576.0	17.0
1577.0	17.0
1578.0	10.0
1579.0	10.0
1580.0	10.0
1581.0	6.0
1582.0	14.0
1583.0	17.0
1584.0	17.0
1585.0	21.0
1586.0	14.0
1587.0	11.0
1588.0	16.0
1589.0	9.0
1590.0	11.0
1591.0	15.0
1592.0	7.0
1593.0	10.0
1594.0	7.0
1595.0	12.0
1596.0	10.0
1597.0	8.0
1598.0	10.0
1599.0	7.0
1600.0	6.0
1601.0	12.0
1602.0	9.0
1603.0	12.0
1604.0	4.0
1605.0	7.0
1606.0	17.0
1607.0	13.0
1608.0	9.0
1609.0	13.0
1610.0	17.0
1611.0	18.0
1612.0	13.0
1613.0	12.0
1614.0	11.0
1615.0	18.0
1616.0	20.0
1617.0	16.0
1618.0	11.0
1619.0	12.0
1620.0	9.0
1621.0	13.0
1622.0	15.0
1623.0	8.0
1624.0	11.0
1625.0	18.0
1626.0	14.0
1627.0	13.0
1628.0	12.0
1629.0	13.0
1630.0	14.0
1631.0	11.0
1632.0	19.0
1633.0	9.0
1634.0	14.0
1635.0	11.0
1636.0	12.0
1637.0	9.0
1638.0	13.0
1639.0	14.0
1640.0	5.0
1641.0	10.0
1642.0	10.0
1643.0	11.0
1644.0	11.0
1645.0	8.0
1646.0	6.0
1647.0	17.0
1648.0	6.0
1649.0	12.0
1650.0	11.0
1651.0	14.0
1652.0	12.0
1653.0	8.0
1654.0	10.0
1655.0	14.0
1656.0	6.0
1657.0	11.0
1658.0	11.0
1659.0	6.0
1660.0	11.0
1661.0	11.0
1662.0	9.0
1663.0	10.0
1664.0	9.0
1665.0	7.0
1666.0	10.0
1667.0	10.0
1668.0	10.0
1669.0	6.0
1670.0	9.0
1671.0	7.0
1672.0	12.0
1673.0	9.0
1674.0	7.0
1675.0	7.0
1676.0	15.0
1677.0	12.0
1678.0	9.0
1679.0	6.0
1680.0	8.0
1681.0	11.0
1682.0	7.0
1683.0	12.0
1684.0	10.0
1685.0	10.0
1686.0	7.0
1687.0	12.0
1688.0	8.0
1689.0	12.0
1690.0	11.0
1691.0	13.0
1692.0	8.0
1693.0	10.0
1694.0	10.0
1695.0	12.0
1696.0	17.0
1697.0	5.0
1698.0	16.0
1699.0	16.0
1700.0	9.0
1701.0	10.0
1702.0	8.0
1703.0	7.0
1704.0	4.0
1705.0	11.0
1706.0	12.0
1707.0	4.0
1708.0	8.0
1709.0	6.0
1710.0	7.0
1711.0	12.0
1712.0	9.0
1713.0	11.0
1714.0	6.0
1715.0	18.0
1716.0	9.0
1717.0	16.0
1718.0	14.0
1719.0	9.0
1720.0	15.0
1721.0	12.0
1722.0	7.0
1723.0	12.0
1724.0	15.0
1725.0	10.0
1726.0	15.0
1727.0	6.0
1728.0	16.0
1729.0	13.0
1730.0	5.0
1731.0	9.0
1732.0	10.0
1733.0	8.0
1734.0	13.0
1735.0	6.0
1736.0	5.0
1737.0	8.0
1738.0	13.0
1739.0	7.0
1740.0	9.0
1741.0	10.0
1742.0	13.0
1743.0	11.0
1744.0	11.0
1745.0	11.0
1746.0	9.0
1747.0	3.0
1748.0	14.0
1749.0	5.0
1750.0	12.0
1751.0	8.0
1752.0	5.0
1753.0	5.0
1754.0	13.0
1755.0	5.0
1756.0	6.0
1757.0	7.0
1758.0	6.0
1759.0	13.0
1760.0	5.0
1761.0	4.0
1762.0	5.0
1763.0	5.0
1764.0	8.0
1765.0	4.0
1766.0	6.0
1767.0	7.0
1768.0	5.0
1769.0	7.0
1770.0	6.0
1771.0	3.0
1772.0	8.0
1773.0	9.0
1774.0	7.0
1775.0	8.0
1776.0	3.0
1777.0	3.0
1778.0	4.0
1779.0	4.0
1780.0	7.0
1781.0	6.0
1782.0	1.0
1783.0	7.0
1784.0	4.0
1785.0	5.0
1786.0	7.0
1787.0	7.0
1788.0	5.0
1789.0	7.0
1790.0	8.0
1791.0	11.0
1792.0	8.0
1793.0	8.0
1794.0	7.0
1795.0	4.0
1796.0	6.0
1797.0	3.0
1798.0	5.0
1799.0	1.0
1800.0	2.0
1801.0	6.0
1802.0	1.0
1803.0	3.0
1804.0	8.0
1805.0	4.0
1806.0	2.0
1807.0	3.0
1808.0	3.0
1809.0	1.0
1810.0	8.0
1811.0	11.0
1812.0	4.0
1813.0	6.0
1814.0	3.0
1815.0	7.0
1816.0	9.0
1817.0	7.0
1818.0	5.0
1819.0	6.0
1820.0	13.0
1821.0	6.0
1822.0	4.0
1823.0	8.0
1824.0	4.0
1825.0	4.0
1826.0	3.0
1827.0	5.0
1828.0	5.0
1829.0	6.0
1830.0	7.0
1831.0	4.0
1832.0	8.0
1833.0	10.0
1834.0	2.0
1835.0	3.0
1836.0	4.0
1837.0	8.0
1838.0	3.0
1839.0	6.0
1840.0	1.0
1841.0	2.0
1842.0	3.0
1843.0	7.0
1844.0	7.0
1845.0	7.0
1846.0	8.0
1847.0	1.0
1848.0	5.0
1849.0	4.0
1850.0	7.0
1851.0	4.0
1852.0	3.0
1853.0	4.0
1854.0	11.0
1855.0	5.0
1856.0	6.0
1857.0	3.0
1858.0	1.0
1859.0	5.0
1860.0	3.0
1861.0	4.0
1862.0	1.0
1863.0	4.0
1864.0	4.0
1865.0	2.0
1866.0	3.0
1867.0	4.0
1868.0	5.0
1869.0	5.0
1870.0	3.0
1871.0	3.0
1872.0	6.0
1873.0	4.0
1874.0	4.0
1875.0	4.0
1876.0	6.0
1877.0	3.0
1878.0	6.0
1879.0	7.0
1880.0	3.0
1881.0	7.0
1882.0	4.0
1883.0	3.0
1884.0	4.0
1885.0	6.0
1887.0	4.0
1888.0	3.0
1889.0	2.0
1890.0	2.0
1892.0	5.0
1893.0	2.0
1894.0	4.0
1895.0	6.0
1896.0	5.0
1897.0	4.0
1898.0	3.0
1899.0	3.0
1900.0	7.0
1901.0	4.0
1902.0	7.0
1903.0	6.0
1904.0	2.0
1905.0	3.0
1906.0	4.0
1907.0	2.0
1908.0	3.0
1909.0	9.0
1910.0	1.0
1911.0	3.0
1912.0	4.0
1913.0	5.0
1915.0	3.0
1916.0	2.0
1917.0	2.0
1918.0	3.0
1919.0	4.0
1920.0	3.0
1921.0	3.0
1922.0	5.0
1923.0	4.0
1924.0	6.0
1925.0	2.0
1926.0	2.0
1927.0	3.0
1928.0	3.0
1929.0	5.0
1930.0	3.0
1931.0	7.0
1932.0	3.0
1933.0	3.0
1934.0	8.0
1935.0	5.0
1936.0	2.0
1937.0	3.0
1938.0	6.0
1939.0	4.0
1940.0	6.0
1941.0	4.0
1942.0	2.0
1943.0	5.0
1944.0	4.0
1945.0	3.0
1946.0	3.0
1947.0	6.0
1948.0	1.0
1949.0	4.0
1950.0	2.0
1951.0	2.0
1952.0	2.0
1953.0	9.0
1954.0	2.0
1955.0	2.0
1956.0	3.0
1957.0	5.0
1958.0	3.0
1959.0	3.0
1960.0	5.0
1961.0	1.0
1962.0	6.0
1963.0	1.0
1964.0	3.0
1966.0	5.0
1967.0	5.0
1968.0	7.0
1969.0	4.0
1970.0	4.0
1971.0	4.0
1972.0	3.0
1973.0	1.0
1974.0	4.0
1975.0	6.0
1976.0	2.0
1977.0	1.0
1978.0	4.0
1979.0	6.0
1980.0	3.0
1981.0	2.0
1982.0	4.0
1983.0	1.0
1984.0	6.0
1985.0	5.0
1986.0	4.0
1987.0	4.0
1988.0	3.0
1989.0	1.0
1990.0	3.0
1991.0	4.0
1992.0	1.0
1994.0	2.0
1995.0	2.0
1996.0	3.0
1997.0	3.0
1998.0	3.0
1999.0	1.0
2000.0	3.0
2001.0	7.0
2002.0	3.0
2003.0	4.0
2004.0	6.0
2005.0	5.0
2006.0	5.0
2007.0	7.0
2008.0	4.0
2009.0	5.0
2010.0	6.0
2011.0	2.0
2012.0	4.0
2013.0	6.0
2014.0	2.0
2015.0	2.0
2016.0	2.0
2017.0	4.0
2018.0	1.0
2019.0	3.0
2020.0	6.0
2021.0	3.0
2022.0	3.0
2024.0	2.0
2025.0	4.0
2026.0	2.0
2027.0	1.0
2028.0	7.0
2029.0	2.0
2030.0	2.0
2031.0	3.0
2032.0	2.0
2033.0	4.0
2034.0	2.0
2035.0	4.0
2036.0	4.0
2037.0	3.0
2038.0	4.0
2039.0	5.0
2040.0	6.0
2041.0	5.0
2042.0	5.0
2043.0	9.0
2044.0	5.0
2045.0	1.0
2046.0	5.0
2047.0	7.0
2048.0	3.0
2049.0	3.0
2050.0	2.0
2051.0	7.0
2052.0	4.0
2053.0	8.0
2054.0	3.0
2055.0	4.0
2056.0	5.0
2057.0	5.0
2058.0	5.0
2059.0	4.0
2061.0	6.0
2062.0	4.0
2063.0	3.0
2064.0	4.0
2065.0	6.0
2066.0	2.0
2067.0	2.0
2068.0	2.0
2069.0	4.0
2070.0	4.0
2071.0	6.0
2072.0	6.0
2073.0	5.0
2074.0	6.0
2075.0	7.0
2076.0	3.0
2077.0	3.0
2078.0	7.0
2079.0	4.0
2080.0	3.0
2081.0	1.0
2082.0	1.0
2083.0	2.0
2084.0	6.0
2085.0	5.0
2086.0	2.0
2087.0	2.0
2088.0	5.0
2089.0	5.0
2090.0	4.0
2091.0	1.0
2092.0	6.0
2093.0	4.0
2094.0	2.0
2095.0	5.0
2096.0	4.0
2097.0	2.0
2098.0	1.0
2099.0	3.0
2100.0	1.0
2101.0	5.0
2102.0	1.0
2103.0	1.0
2104.0	1.0
2105.0	3.0
2106.0	1.0
2107.0	4.0
2108.0	2.0
2109.0	5.0
2110.0	4.0
2111.0	2.0
2112.0	1.0
2113.0	3.0
2114.0	4.0
2115.0	9.0
2116.0	6.0
2117.0	2.0
2118.0	4.0
2119.0	3.0
2121.0	3.0
2122.0	1.0
2123.0	2.0
2124.0	1.0
2125.0	1.0
2126.0	4.0
2127.0	8.0
2128.0	7.0
2129.0	5.0
2130.0	5.0
2131.0	3.0
2132.0	2.0
2133.0	7.0
2134.0	5.0
2135.0	2.0
2136.0	2.0
2137.0	4.0
2138.0	2.0
2139.0	1.0
2140.0	2.0
2141.0	4.0
2142.0	4.0
2143.0	8.0
2144.0	6.0
2145.0	2.0
2146.0	3.0
2147.0	1.0
2148.0	5.0
2149.0	1.0
2150.0	2.0
2151.0	3.0
2152.0	2.0
2153.0	3.0
2154.0	1.0
2155.0	4.0
2156.0	2.0
2157.0	1.0
2158.0	2.0
2160.0	3.0
2161.0	3.0
2162.0	2.0
2163.0	4.0
2164.0	1.0
2165.0	4.0
2166.0	4.0
2168.0	7.0
2169.0	3.0
2170.0	1.0
2171.0	3.0
2172.0	4.0
2173.0	2.0
2174.0	1.0
2175.0	2.0
2176.0	1.0
2177.0	1.0
2179.0	4.0
2180.0	1.0
2181.0	3.0
2182.0	1.0
2183.0	1.0
2184.0	3.0
2185.0	2.0
2186.0	5.0
2187.0	6.0
2188.0	5.0
2189.0	5.0
2190.0	2.0
2191.0	6.0
2192.0	4.0
2193.0	5.0
2194.0	7.0
2195.0	2.0
2196.0	2.0
2197.0	3.0
2198.0	4.0
2199.0	7.0
2200.0	5.0
2201.0	2.0
2202.0	3.0
2203.0	2.0
2204.0	1.0
2205.0	4.0
2207.0	2.0
2208.0	2.0
2209.0	1.0
2210.0	3.0
2211.0	4.0
2212.0	2.0
2213.0	3.0
2214.0	1.0
2215.0	1.0
2216.0	2.0
2217.0	4.0
2218.0	4.0
2219.0	1.0
2220.0	3.0
2221.0	1.0
2222.0	3.0
2224.0	4.0
2225.0	3.0
2226.0	4.0
2228.0	3.0
2229.0	2.0
2230.0	5.0
2231.0	3.0
2232.0	3.0
2233.0	1.0
2234.0	3.0
2235.0	3.0
2236.0	2.0
2239.0	2.0
2240.0	2.0
2241.0	3.0
2242.0	1.0
2243.0	1.0
2244.0	2.0
2245.0	2.0
2247.0	1.0
2248.0	2.0
2249.0	1.0
2251.0	2.0
2252.0	2.0
2253.0	1.0
2254.0	1.0
2255.0	1.0
2256.0	1.0
2257.0	1.0
2258.0	1.0
2259.0	3.0
2260.0	4.0
2262.0	1.0
2263.0	1.0
2264.0	1.0
2265.0	2.0
2267.0	3.0
2268.0	1.0
2270.0	2.0
2271.0	2.0
2272.0	1.0
2273.0	1.0
2274.0	2.0
2275.0	3.0
2276.0	1.0
2277.0	1.0
2278.0	3.0
2279.0	1.0
2280.0	3.0
2281.0	4.0
2282.0	2.0
2283.0	2.0
2284.0	3.0
2285.0	3.0
2286.0	1.0
2287.0	1.0
2288.0	3.0
2289.0	3.0
2290.0	5.0
2291.0	3.0
2292.0	1.0
2293.0	2.0
2294.0	2.0
2295.0	2.0
2296.0	4.0
2297.0	1.0
2298.0	1.0
2299.0	1.0
2300.0	1.0
2301.0	1.0
2302.0	2.0
2303.0	1.0
2304.0	1.0
2305.0	3.0
2306.0	2.0
2307.0	1.0
2308.0	3.0
2309.0	1.0
2310.0	2.0
2311.0	1.0
2313.0	1.0
2314.0	1.0
2316.0	1.0
2317.0	2.0
2318.0	1.0
2319.0	2.0
2321.0	2.0
2324.0	1.0
2325.0	1.0
2326.0	2.0
2328.0	1.0
2329.0	2.0
2331.0	1.0
2332.0	3.0
2333.0	1.0
2334.0	3.0
2335.0	3.0
2336.0	3.0
2337.0	1.0
2338.0	3.0
2339.0	1.0
2342.0	2.0
2344.0	3.0
2345.0	1.0
2346.0	1.0
2347.0	2.0
2348.0	1.0
2350.0	1.0
2351.0	1.0
2353.0	1.0
2362.0	1.0
2365.0	2.0
2368.0	2.0
2369.0	1.0
2373.0	2.0
2374.0	1.0
2377.0	1.0
2378.0	1.0
2385.0	1.0
2386.0	1.0
2387.0	1.0
2390.0	1.0
2391.0	1.0
2393.0	1.0
2395.0	1.0
2396.0	1.0
2398.0	1.0
2400.0	2.0
2405.0	4.0
2406.0	2.0
2407.0	1.0
2408.0	1.0
2409.0	2.0
2410.0	3.0
2411.0	1.0
2412.0	2.0
2413.0	3.0
2414.0	5.0
2416.0	2.0
2417.0	2.0
2418.0	2.0
2419.0	1.0
2421.0	1.0
2422.0	1.0
2425.0	3.0
2426.0	3.0
2427.0	2.0
2428.0	2.0
2430.0	2.0
2431.0	1.0
2432.0	1.0
2433.0	2.0
2435.0	3.0
2437.0	5.0
2438.0	2.0
2439.0	2.0
2440.0	2.0
2441.0	2.0
2442.0	2.0
2445.0	1.0
2448.0	1.0
2449.0	1.0
2451.0	2.0
2452.0	2.0
2453.0	1.0
2454.0	2.0
2455.0	1.0
2456.0	2.0
2459.0	1.0
2460.0	2.0
2463.0	1.0
2464.0	4.0
2465.0	1.0
2466.0	1.0
2467.0	2.0
2469.0	1.0
2471.0	1.0
2474.0	1.0
2479.0	2.0
2480.0	2.0
2482.0	1.0
2485.0	1.0
2486.0	1.0
2488.0	1.0
2489.0	1.0
2494.0	1.0
2496.0	1.0
2498.0	2.0
2501.0	1.0
2504.0	1.0
2507.0	1.0
2508.0	1.0
2510.0	2.0
2513.0	1.0
2515.0	1.0
2516.0	2.0
2519.0	1.0
2520.0	1.0
2521.0	1.0
2522.0	1.0
2523.0	1.0
2524.0	1.0
2525.0	2.0
2526.0	3.0
2528.0	1.0
2529.0	2.0
2532.0	1.0
2534.0	2.0
2535.0	1.0
2536.0	1.0
2538.0	2.0
2539.0	1.0
2540.0	1.0
2546.0	1.0
2549.0	1.0
2554.0	1.0
2557.0	1.0
2558.0	1.0
2560.0	2.0
2561.0	2.0
2563.0	3.0
2564.0	1.0
2566.0	1.0
2568.0	1.0
2569.0	3.0
2573.0	1.0
2575.0	1.0
2577.0	1.0
2578.0	2.0
2579.0	2.0
2580.0	2.0
2583.0	2.0
2584.0	3.0
2586.0	2.0
2587.0	2.0
2589.0	1.0
2590.0	4.0
2591.0	2.0
2593.0	1.0
2594.0	1.0
2595.0	2.0
2597.0	1.0
2599.0	1.0
2600.0	1.0
2602.0	1.0
2603.0	2.0
2604.0	1.0
2605.0	1.0
2606.0	1.0
2607.0	2.0
2608.0	2.0
2610.0	1.0
2612.0	1.0
2613.0	1.0
2615.0	1.0
2619.0	1.0
2620.0	1.0
2625.0	2.0
2630.0	1.0
2634.0	1.0
2636.0	1.0
2638.0	1.0
2651.0	1.0
2654.0	2.0
2655.0	1.0
2656.0	1.0
2662.0	1.0
2663.0	1.0
2669.0	1.0
2675.0	1.0
2681.0	1.0
2688.0	1.0
2689.0	2.0
2691.0	1.0
2692.0	1.0
2699.0	2.0
2706.0	1.0
2707.0	1.0
2712.0	1.0
2714.0	1.0
2720.0	2.0
2729.0	1.0
2731.0	1.0
2732.0	1.0
2734.0	1.0
2735.0	2.0
2738.0	1.0
2740.0	1.0
2743.0	1.0
2748.0	3.0
2749.0	1.0
2752.0	1.0
2756.0	1.0
2757.0	2.0
2759.0	1.0
2760.0	1.0
2762.0	1.0
2764.0	1.0
2768.0	1.0
2769.0	3.0
2771.0	1.0
2772.0	2.0
2773.0	2.0
2774.0	1.0
2775.0	2.0
2776.0	3.0
2778.0	1.0
2779.0	3.0
2780.0	1.0
2781.0	2.0
2783.0	1.0
2785.0	1.0
2786.0	3.0
2788.0	2.0
2789.0	2.0
2790.0	2.0
2793.0	1.0
2795.0	1.0
2797.0	3.0
2798.0	1.0
2801.0	1.0
2812.0	1.0
2813.0	1.0
2815.0	1.0
2816.0	1.0
2820.0	1.0
2821.0	1.0
2823.0	4.0
2824.0	1.0
2826.0	2.0
2827.0	1.0
2829.0	1.0
2830.0	1.0
2832.0	1.0
2833.0	2.0
2834.0	1.0
2841.0	1.0
2845.0	1.0
2852.0	1.0
2853.0	1.0
2854.0	1.0
2857.0	1.0
2858.0	1.0
2863.0	1.0
2865.0	1.0
2870.0	2.0
2871.0	1.0
2873.0	1.0
2876.0	1.0
2877.0	1.0
2878.0	1.0
2881.0	2.0
2882.0	1.0
2883.0	2.0
2888.0	2.0
2889.0	1.0
2890.0	1.0
2891.0	2.0
2897.0	4.0
2899.0	1.0
2900.0	2.0
2903.0	1.0
2904.0	1.0
2905.0	2.0
2908.0	1.0
2910.0	1.0
2911.0	2.0
2916.0	1.0
2917.0	1.0
2918.0	1.0
2923.0	1.0
2925.0	1.0
2927.0	3.0
2933.0	1.0
2934.0	1.0
2935.0	1.0
2946.0	1.0
2950.0	1.0
2951.0	1.0
2954.0	3.0
2957.0	1.0
2960.0	2.0
2962.0	1.0
2966.0	1.0
2971.0	1.0
2972.0	2.0
2973.0	2.0
2974.0	1.0
2980.0	2.0
2981.0	1.0
2986.0	1.0
2987.0	2.0
2993.0	1.0
2996.0	1.0
3002.0	1.0
3003.0	1.0
3007.0	1.0
3009.0	1.0
3010.0	1.0
3014.0	2.0
3015.0	1.0
3018.0	1.0
3019.0	2.0
3025.0	1.0
3029.0	1.0
3033.0	1.0
3034.0	1.0
3036.0	2.0
3037.0	1.0
3038.0	1.0
3045.0	1.0
3046.0	1.0
3049.0	1.0
3051.0	1.0
3052.0	1.0
3054.0	1.0
3055.0	1.0
3056.0	1.0
3061.0	1.0
3063.0	1.0
3064.0	1.0
3068.0	1.0
3069.0	1.0
3071.0	1.0
3074.0	1.0
3076.0	2.0
3078.0	1.0
3082.0	1.0
3085.0	1.0
3089.0	1.0
3093.0	1.0
3100.0	1.0
3103.0	1.0
3117.0	1.0
3118.0	1.0
3122.0	1.0
3130.0	1.0
3136.0	1.0
3148.0	1.0
3150.0	1.0
3163.0	1.0
3169.0	1.0
3175.0	1.0
3182.0	1.0
3183.0	1.0
3188.0	1.0
3189.0	2.0
3190.0	2.0
3191.0	1.0
3193.0	2.0
3194.0	1.0
3196.0	1.0
3198.0	1.0
3199.0	2.0
3202.0	2.0
3203.0	2.0
3205.0	3.0
3211.0	1.0
3213.0	2.0
3220.0	1.0
3221.0	1.0
3222.0	2.0
3228.0	1.0
3229.0	1.0
3231.0	1.0
3232.0	1.0
3233.0	2.0
3234.0	3.0
3237.0	1.0
3238.0	1.0
3243.0	2.0
3245.0	1.0
3246.0	3.0
3247.0	1.0
3249.0	1.0
3252.0	1.0
3253.0	1.0
3254.0	1.0
3256.0	1.0
3258.0	1.0
3259.0	2.0
3264.0	1.0
3265.0	2.0
3270.0	1.0
3271.0	1.0
3275.0	1.0
3276.0	1.0
3278.0	1.0
3279.0	1.0
3285.0	1.0
3286.0	1.0
3287.0	1.0
3289.0	1.0
3291.0	1.0
3294.0	1.0
3296.0	1.0
3299.0	1.0
3306.0	1.0
3309.0	1.0
3310.0	1.0
3311.0	1.0
3312.0	1.0
3314.0	1.0
3317.0	1.0
3320.0	1.0
3331.0	2.0
3339.0	1.0
3360.0	1.0
3361.0	1.0
3375.0	1.0
3379.0	1.0
3400.0	1.0
3411.0	1.0
3412.0	1.0
3415.0	1.0
3417.0	1.0
3421.0	1.0
3434.0	1.0
3435.0	1.0
3444.0	1.0
3450.0	1.0
3465.0	1.0
3471.0	1.0
3475.0	1.0
3486.0	1.0
3499.0	2.0
3511.0	1.0
3513.0	1.0
3517.0	1.0
3522.0	1.0
3526.0	1.0
3529.0	1.0
3530.0	1.0
3533.0	1.0
3541.0	1.0
3542.0	2.0
3546.0	1.0
3547.0	1.0
3550.0	1.0
3555.0	1.0
3556.0	3.0
3557.0	1.0
3558.0	1.0
3559.0	1.0
3561.0	1.0
3562.0	1.0
3564.0	1.0
3568.0	1.0
3569.0	2.0
3570.0	1.0
3571.0	1.0
3574.0	3.0
3579.0	1.0
3584.0	1.0
3595.0	1.0
3609.0	1.0
3620.0	1.0
3627.0	1.0
3628.0	1.0
3632.0	1.0
3637.0	1.0
3639.0	1.0
3642.0	1.0
3644.0	1.0
3648.0	2.0
3649.0	1.0
3654.0	1.0
3655.0	1.0
3657.0	1.0
3672.0	1.0
3673.0	1.0
3682.0	2.0
3685.0	1.0
3694.0	1.0
3695.0	1.0
3703.0	1.0
3707.0	1.0
3714.0	1.0
3716.0	1.0
3728.0	1.0
3732.0	1.0
3733.0	1.0
3800.0	1.0
3805.0	1.0
3814.0	1.0
3815.0	1.0
3818.0	1.0
3829.0	1.0
3833.0	1.0
3836.0	1.0
3839.0	1.0
3846.0	1.0
3848.0	1.0
3850.0	1.0
3858.0	1.0
3871.0	1.0
3882.0	1.0
3890.0	1.0
3892.0	1.0
3894.0	1.0
3898.0	2.0
3900.0	1.0
3901.0	1.0
3912.0	1.0
3917.0	1.0
3919.0	2.0
3923.0	2.0
3924.0	1.0
3928.0	1.0
3942.0	1.0
3961.0	1.0
3964.0	1.0
3967.0	2.0
3977.0	2.0
3978.0	1.0
3980.0	2.0
3981.0	3.0
3982.0	1.0
3987.0	2.0
3988.0	2.0
3994.0	2.0
3998.0	1.0
4001.0	1.0
4002.0	1.0
4013.0	1.0
4015.0	1.0
4019.0	1.0
4035.0	1.0
4062.0	1.0
4069.0	1.0
4077.0	1.0
4084.0	1.0
4114.0	1.0
4120.0	1.0
4144.0	1.0
4160.0	1.0
4179.0	1.0
4196.0	1.0
4220.0	1.0
4239.0	1.0
4240.0	1.0
4271.0	1.0
4274.0	1.0
4278.0	1.0
4291.0	3.0
4294.0	1.0
4297.0	1.0
4298.0	1.0
4304.0	1.0
4308.0	2.0
4311.0	1.0
4343.0	1.0
4360.0	1.0
4362.0	1.0
4370.0	1.0
4376.0	1.0
4377.0	1.0
4435.0	1.0
4496.0	1.0
4507.0	1.0
4544.0	1.0
4618.0	1.0
4660.0	1.0
4679.0	1.0
4703.0	1.0
4739.0	1.0
4780.0	1.0
4862.0	1.0
4872.0	1.0
4874.0	1.0
4934.0	1.0
4974.0	1.0
4989.0	1.0
5004.0	1.0
5098.0	1.0
5112.0	1.0
5237.0	1.0
5365.0	1.0
5389.0	1.0
5423.0	1.0
5436.0	1.0
5442.0	1.0
5466.0	1.0
5483.0	1.0
5505.0	1.0
5506.0	1.0
5524.0	1.0
5531.0	1.0
5557.0	1.0
5558.0	1.0
5561.0	1.0
5568.0	1.0
5593.0	1.0
5605.0	1.0
5614.0	1.0
5620.0	1.0
5626.0	1.0
5640.0	1.0
5641.0	1.0
5654.0	1.0
5661.0	1.0
5663.0	1.0
5692.0	1.0
5697.0	1.0
5702.0	1.0
5706.0	1.0
5707.0	2.0
5713.0	1.0
5730.0	1.0
5734.0	1.0
5737.0	1.0
5741.0	1.0
5821.0	1.0
5835.0	1.0
5841.0	2.0
5845.0	2.0
5852.0	1.0
5857.0	1.0
5862.0	1.0
5866.0	1.0
5868.0	1.0
5875.0	1.0
5877.0	1.0
5881.0	1.0
5887.0	1.0
5900.0	1.0
5905.0	1.0
5906.0	1.0
5907.0	1.0
5909.0	1.0
5913.0	1.0
5916.0	1.0
5918.0	1.0
5922.0	2.0
5927.0	1.0
5929.0	1.0
5930.0	1.0
5934.0	1.0
5936.0	1.0
5952.0	1.0
5962.0	1.0
5967.0	1.0
5970.0	1.0
5976.0	1.0
5984.0	1.0
5994.0	1.0
6001.0	1.0
6012.0	1.0
6028.0	1.0
6029.0	1.0
6032.0	1.0
6040.0	1.0
6047.0	2.0
6051.0	1.0
6065.0	1.0
6077.0	1.0
6097.0	1.0
6098.0	1.0
6106.0	1.0
6109.0	1.0
6111.0	1.0
6113.0	1.0
6114.0	1.0
6118.0	1.0
6124.0	2.0
6125.0	1.0
6132.0	1.0
6134.0	1.0
6136.0	2.0
6138.0	1.0
6148.0	1.0
6150.0	1.0
6151.0	1.0
6157.0	1.0
6158.0	1.0
6162.0	1.0
6163.0	1.0
6165.0	1.0
6168.0	1.0
6170.0	1.0
6190.0	1.0
6209.0	2.0
6219.0	1.0
6220.0	1.0
6239.0	1.0
6245.0	1.0
6277.0	1.0
6286.0	1.0
6296.0	1.0
6309.0	1.0
6313.0	1.0
6343.0	1.0
6355.0	1.0
6375.0	1.0
6391.0	1.0
6443.0	1.0
6452.0	1.0
6461.0	1.0
6479.0	1.0
6482.0	1.0
6545.0	1.0
6554.0	1.0
