#Position (bp)	Coverage
91461.0	10.44192848278765
739353.5	23.92597388360123
1943678.0	38.87016441770818
3239463.0	25.245514495074413
4535248.0	36.035931115115545
5831033.0	34.45332288921387
7126818.0	30.552403369386123
8422603.0	22.056136627604115
9718388.0	34.34069695204065
1.1014173E7	4.366042977808819
1.2309958E7	28.150697839533564
1.3605743E7	42.755358334908955
1.4901528E7	33.69902491539877
1.6197313E7	23.899232511566346
1.7493098E7	42.001924702014605
1.8788883E7	36.82783949497795
2.0084668E7	35.865740844353034
2.1380453E7	39.43786353445981
2.2676238E7	36.97722384500515
2.3972023E7	36.94637304799793
2.5267808E7	41.11262748063915
2.6563593E7	39.505993664072356
2.7859378E7	44.98269851865857
2.9155163E7	40.32039805986333
3.0450948E7	34.41484814224582
3.1746733E7	31.61255455187396
3.3042518E7	37.19241926708521
3.4338303E7	39.03605922278773
3.5634088E7	44.71402817597055
3.6929873E7	23.945657651539413
3.7638876E7	26.40018491094002
3.7748276E7	9.255345364934406
3.7878173E7	77.62349661489446
3.8159524E7	3.8281270729710855
3.8425014E7	6.1757888252606605
3.8642829E7	2.9493550603839718
3.8834224E7	28.590797553812315
3.9521443E7	39.03967093306374
4.0817228E7	37.2172536338976
4.2113013E7	34.97577607396289
4.3408798E7	35.82921240792261
4.4704583E7	37.34367738475133
4.6000368E7	35.98395798685739
4.7296153E7	41.602153906705205
4.8591938E7	43.282015920851066
4.9887723E7	38.42115011363768
5.1183508E7	40.66867883175064
5.2479293E7	46.60061198424121
5.3775078E7	39.45423430584549
5.5070863E7	42.65634653897059
5.6366648E7	44.069915919693464
5.7662433E7	42.4688316348777
5.8958218E7	43.85360611521202
6.0254003E7	26.548626508255612
6.150379E7	11.847869518661494
6.21516825E7	3.68688856037219
6.2845573E7	3.413668934275362
6.4141358E7	7.480750278788533
6.5437143E7	34.16261802691033
6.6732928E7	32.38205334989987
6.8028713E7	39.69109072878602
6.9324498E7	27.863775240491286
7.0620283E7	31.07017599370266
7.1916068E7	30.333510574670953
7.3211853E7	24.98047901465135
7.4507638E7	26.641373375984443
7.5803423E7	22.106788549026266
7.7099208E7	37.635079893655195
7.8394993E7	35.36291977449963
7.9690778E7	33.234930177459994
8.0986563E7	36.40346122234784
8.2282348E7	32.977449962763885
8.3339431E7	28.496707523757273
8.39873235E7	18.475859020871212
8.4873918E7	17.524587798130092
8.6169703E7	35.04488090231018
8.7465488E7	24.73002002647044
8.8761273E7	43.79187905400973
9.0057058E7	39.30368155210934
9.1352843E7	46.25033088050873
9.2648628E7	35.05119213449762
9.3944413E7	41.91866551935699
9.5240198E7	41.58976141875388
9.6535983E7	36.023235336108996
9.7831768E7	39.73666927769653
9.9127553E7	31.738134798596988
9.98465655E7	30.420458380202476
1.00494458E8	39.19566120090677
1.01719123E8	31.092918964180015
1.03014908E8	22.442933048306624
1.04310693E8	22.81065454531423
1.05606478E8	32.58223084848181
1.06902263E8	26.793867038127466
1.08198048E8	24.339315550033376
1.09493833E8	21.048967228359643
1.10789618E8	22.236887292259134
1.12085403E8	31.420659291471964
1.13381188E8	31.603644894793504
1.14676973E8	25.93128489680001
1.153675075E8	9.668941419258008
1.160154E8	5.4447588229997335
1.16692392E8	2.944592739209523
1.173402845E8	20.75038922088133
1.18390011E8	19.163248521091145
1.190379035E8	32.649394493939205
1.19860113E8	41.62481430175531
1.21155898E8	41.40038046435173
1.22451683E8	34.4191652164518
1.23747468E8	33.67613068526028
1.25043253E8	26.329594029873782
1.26339038E8	21.87678511481457
1.27634823E8	38.69862747292182
1.28930608E8	42.56356417152537
1.30226393E8	38.63887913504169
1.310169255E8	30.53684450364554
1.31664818E8	41.775906106352764
1.32817963E8	36.995766272954235
1.34113748E8	38.45393950385288
1.35409533E8	41.13599709828405
1.36705318E8	39.3165378515726
1.38001103E8	40.448667795969236
1.39296888E8	40.68661004719147
1.40592673E8	31.74945843639184
1.41888458E8	38.39564974127652
1.43184243E8	44.27132741928638
1.44480028E8	26.60140841266105
1.45775813E8	15.836972182885278
1.47071598E8	7.1185536180770725
1.48367383E8	14.15163549508599
1.49663168E8	47.26538816238805
1.50958953E8	37.666761075332715
1.52254738E8	25.92157649610082
1.53550523E8	38.077075286409396
1.54846308E8	30.127473307686074
1.56142093E8	25.43279324888002
1.57437878E8	15.02809185165749
1.58733663E8	10.285910857125218
1.60029448E8	9.963319532175477
1.61325233E8	7.474002245742928
1.62621018E8	20.23465544052447
1.63916803E8	31.143823242281705
1.65212588E8	30.374863885598305
1.66508373E8	10.568669956821541
1.67804158E8	18.67966213530794
1.69022331E8	17.78872063835253
1.696702235E8	26.167532082667627
1.70395728E8	42.95825696392534
1.71691513E8	39.883834895449475
1.72987298E8	46.34704445567745
1.74283083E8	42.72243852182268
1.75578868E8	45.09357416546727
1.76874653E8	37.451132711059316
1.78170438E8	44.7737209490772
1.79466223E8	36.17763749387437
1.80762008E8	7.706914341499554
1.82057793E8	6.261037131931609
1.83353578E8	6.769758872035099
1.84649363E8	7.4264580929706705
1.85945148E8	6.528720428157449
1.87240933E8	7.307838105858611
1.88288774E8	5.519779421600531
1.889366665E8	36.39825726777014
1.89832503E8	38.10942556056753
1.90797007E8	45.57865870317408
1.914448995E8	23.510980104503428
1.92424073E8	33.19458706498377
1.93719858E8	36.26233287157977
1.95015643E8	29.329406498763298
1.96311428E8	35.5443850638802
1.97607213E8	36.259027539290855
1.98902998E8	43.12059562350235
2.00198783E8	14.454272120760775
2.01494568E8	30.95362733786855
2.02790353E8	34.34606821347677
2.04086138E8	27.708039528162466
2.048918285E8	19.985538473237938
2.05539721E8	39.24203393427186
2.06677708E8	42.40745185350965
2.07973493E8	39.735111148840275
2.09269278E8	34.532857688582595
2.10565063E8	26.9203502124195
2.11860848E8	27.363963157468252
2.13156633E8	37.31437391233885
2.14452418E8	24.733405618987717
2.15748203E8	27.624581238399887
2.17043988E8	13.434178509552124
2.18339773E8	15.681272742005811
2.19635558E8	30.94723970411758
2.20931343E8	30.83611170062935
2.22227128E8	30.937077524434994
2.23522913E8	18.44017487468986
2.24661752E8	20.28369282600039
2.253096445E8	5.75401093369694
2.26114483E8	32.55260016129219
2.27410268E8	32.469240653349125
2.28706053E8	36.10698225400047
2.30001838E8	29.003077671064258
2.31297623E8	21.988029649980515
2.32593408E8	8.245142519785304
2.33889193E8	27.683060075552657
2.35184978E8	53.12038725560182
2.36480763E8	34.02204069347924
2.37776548E8	5.686277430283574
2.39072333E8	6.038259433470831
2.3993507E8	19.68402961211481
2.405829625E8	33.06678589902274
2.41663903E8	31.241420451695305
2.42959688E8	28.827152652639136
2.44255473E8	31.29621272047446
2.45551258E8	38.41688860420517
2.46847043E8	38.45461322673129
2.48142828E8	40.70186026231203
2.49438613E8	43.53475923860826
2.50734398E8	36.447730140416816
2.52030183E8	46.6573791176777
2.52917981E8	33.903063914749765
2.535658735E8	36.193507391166875
2.54621753E8	41.31554154431483
2.55917538E8	45.47940514823061
2.57213323E8	42.504641587917746
2.58509108E8	45.34474469144187
2.59804893E8	43.70038239368414
2.61100678E8	40.755119097689814
2.62396463E8	39.45809451413622
2.63692248E8	47.7868010511003
2.64988033E8	35.28159609811813
2.6590749E8	26.47958035752096
2.665553825E8	35.24090553984822
2.67579603E8	41.82089467002628
2.68875388E8	42.71966722874551
2.70171173E8	11.083062390751552
2.71466958E8	29.92288998560718
2.72762743E8	40.542464992263376
2.74058528E8	33.56995797914006
2.75354313E8	30.533248185462867
2.76650098E8	32.92373040280602
2.77945883E8	31.079514734311633
2.79241668E8	28.370719679576474
2.80537453E8	36.6968571175002
2.81833238E8	20.016531291842398
2.827405855E8	27.48632325451427
2.83388478E8	21.233598712791633
2.84424808E8	36.009863519025146
2.85720593E8	29.767554802687176
2.87016378E8	37.2229181538604
2.88312163E8	41.35084446879691
2.88994987E8	59.18453258520247
2.896428795E8	38.72245053111046
2.90903733E8	33.85120448222506
2.92199518E8	33.96056753242243
2.93495303E8	37.97690280409173
2.94791088E8	36.40979714999016
2.96086873E8	23.511487631049903
2.97382658E8	33.85559101239789
2.98678443E8	34.589450410369004
2.99974228E8	39.62087306150326
3.01270013E8	33.80039126861323
3.02565798E8	39.028476946407004
3.03861583E8	37.685088961517536
3.05157368E8	25.346041974555963
3.063483E8	5.966484942623879
3.069961925E8	21.242801827320154
3.07748938E8	29.16234251824184
3.09044723E8	35.83309808340118
3.10340508E8	44.36954818893567
3.11636293E8	41.975566162596415
3.12932078E8	37.31931531851349
3.14227863E8	21.446391955455574
3.15523648E8	7.345126699259522
3.16819433E8	17.69834579038961
3.18115218E8	24.435548335564928
3.19411003E8	29.10909680232446
3.20706788E8	34.30443553521611
3.22002573E8	30.755730310198064
3.23298358E8	35.80086202572186
3.24594143E8	35.5377250083926
3.25889928E8	15.93899682431885
3.27185713E8	25.474036973726353
3.27857521E8	3.161338880642261
3.285054135E8	20.100601464477055
3.29777283E8	10.687438116662872
3.31073068E8	12.127525013794727
3.32368853E8	31.671629938608643
3.33664638E8	35.375571564727174
3.34960423E8	39.86283063934218
3.36256208E8	38.02014994771509
3.37381195E8	39.22685338020036
3.380290875E8	46.62522394875818
3.38847778E8	32.38716530905976
3.40143563E8	32.523446405074914
3.41439348E8	38.07408636463611
3.42735133E8	35.92829443156079
3.44030918E8	22.275308789652605
3.45326703E8	25.285332829134465
3.46622488E8	33.436226688841124
3.47918273E8	19.649738189591638
3.49214058E8	7.222898860536278
3.50509843E8	17.479138900357697
3.51805628E8	28.252082714339185
3.53101413E8	41.691940406780446
3.54397198E8	40.27356081448697
3.55692983E8	42.881495772832686
3.56988768E8	28.07614997858441
3.58284553E8	11.926223872015806
3.59580338E8	24.182740963971646
3.60876123E8	35.64291529844843
3.62171908E8	40.87406861477791
3.63467693E8	36.59058640129342
3.64763478E8	36.1036252156029
3.66059263E8	29.219056402103742
3.67355048E8	37.775021319123155
3.68650833E8	39.990521575724365
3.69946618E8	34.40769340592768
3.71242403E8	27.120563210717826
3.72538188E8	34.28202826857851
3.73833973E8	35.55915140243173
3.75129758E8	31.272179412479694
3.76425543E8	34.632723792913175
3.77721328E8	39.920575558445265
3.79017113E8	16.39671164583631
3.80312898E8	27.728221888662084
3.81608683E8	7.292855682076888
3.826133825E8	3.4640604024024193
3.83261275E8	35.71486728126272
3.84200253E8	41.3622244430982
3.85496038E8	41.358141975713565
3.86791823E8	40.27466284916093
3.88087608E8	39.601765725023824
3.89383393E8	38.08314573791177
3.90679178E8	37.61668023630463
3.91974963E8	36.21163464617973
3.93270748E8	37.72665141207839
3.94566533E8	8.031781506962961
3.95282991E8	5.681297445508309
3.959308835E8	39.10578567889983
3.97158103E8	33.73459640295265
3.98453888E8	39.0012687289944
3.99749673E8	29.728927252592058
4.01045458E8	38.357950585938255
4.02341243E8	38.319831607867044
4.03637028E8	29.999760762780863
4.04932813E8	31.276302009978508
4.06228598E8	43.802729619497065
4.07524383E8	35.71002905574613
4.08820168E8	34.56467160833009
4.10115953E8	46.797740365878596
4.11411738E8	43.79993980482873
4.12707523E8	33.87318035013524
4.14003308E8	16.669283870395166
4.15299093E8	16.254760627727595
4.163708735E8	15.500043643603972
4.17018766E8	23.06256124318931
4.17890663E8	26.37457217053755
4.19186448E8	36.67243562782406
4.20482233E8	38.70162334029179
4.21778018E8	39.51938400274737
4.23073803E8	28.027376455198972
4.24369588E8	34.70683716820306
4.25665373E8	27.49533448836034
4.26961158E8	39.7153331764143
4.28256943E8	39.14947309931817
4.29552728E8	34.54187230134629
4.30848513E8	45.13524002824543
4.31516605E8	2.4374860763880295
4.321644975E8	38.33876831508397
4.33440083E8	40.932600701505265
4.34735868E8	38.39839711063178
4.36031653E8	41.96260490744992
4.37327438E8	39.44104461774137
4.38623223E8	38.83959375976725
4.39919008E8	32.89793985885004
4.41214793E8	26.523813749966237
4.42510578E8	38.47958959240923
4.43806363E8	42.02949563392075
4.45102148E8	34.52163051740837
4.46397933E8	25.376955281933345
4.47425501E8	28.787429001871335
4.480733935E8	13.186585861448007
4.483827055E8	6.94002920063268
4.49030598E8	12.608574524450084
4.499319315E8	13.706570673873482
4.50579824E8	35.05545249627501
4.51581073E8	29.559172239221784
4.52876858E8	35.23213341719498
4.53667065E8	12.626060591155504
4.543149575E8	37.32093663094518
4.55468428E8	43.77910841690558
4.56764213E8	35.909976577904516
4.58059998E8	40.10930362675907
4.59355783E8	37.86647784933457
4.60651568E8	26.85708817434991
4.61947353E8	31.0298953915966
4.63243138E8	15.924096975964376
4.64538923E8	36.181050868778385
4.65834708E8	39.97697920565526
4.67130493E8	46.90004900504327
4.68426278E8	28.314177892165752
4.69366408E8	24.641136062278115
4.700143005E8	11.721087851991395
4.71017848E8	16.114645562342517
4.71975054E8	34.940654061332594
4.726229465E8	26.469620088664684
4.73609418E8	27.561086136974883
4.74905203E8	22.557689740196096
4.755987145E8	5.884708126000132
4.76246607E8	15.417468973813392
4.77496773E8	22.409986224566577
4.78792558E8	34.531897652774184
4.80088343E8	38.73629884587335
4.81384128E8	38.439417804651235
4.82679913E8	43.983105221931105
4.83975698E8	39.940974004175075
4.852572955E8	36.01191484996962
4.85905188E8	0.8579735682819384
4.86567268E8	22.360792878448198
4.87863053E8	24.564912389015152
4.89158838E8	35.651266992595225
4.90454623E8	42.084885995747754
4.91700403E8	25.23342183939286
4.923482955E8	0.5281571842815719
4.925441915E8	1.138620614020056
4.929015525E8	1.0362297252565376
4.93403554E8	38.61083393711181
4.93973308E8	31.960497452748257
4.945061635E8	0.8474981567855918
4.947974455E8	0.3279237164333714
4.948641445E8	0.5261101549053356
4.949130395E8	6.6750062988158225
4.949613775E8	4.906503351700418
4.95637763E8	27.05033165224169
4.96933548E8	30.790698302573343
4.98229333E8	26.074885108254843
4.99525118E8	41.605453065130405
5.00820903E8	41.798938095440214
5.02116688E8	36.56211562875014
5.03412473E8	32.83902499257207
5.04708258E8	41.209505434929405
5.06004043E8	33.494656906817106
5.068300475E8	1.1746738007545814
5.07046431E8	2.290202892491802
5.075162115E8	37.009520079534845
5.08595613E8	21.1621495850006
5.09394463E8	65.89353957239621
5.09558625E8	0.8779961376803362
5.09782506E8	3.0050171708757265
5.100195405E8	26.899252598831474
5.10081722E8	1.1227267017460605
5.10135615E8	1.167492182960237
5.10179006E8	2.1778330667614476
5.10233933E8	12.170694634442924
5.102835675E8	40.006690299066356
5.104214435E8	20.585076412636724
5.11187183E8	24.587118233348896
5.118561555E8	87.76361480075902
5.119215395E8	47.20927004333694
5.1209098E8	44.156684900089104
5.12231347E8	0.8190144775286432
5.12310146E8	0.4549894995162698
5.12398605E8	0.9093027460276009
5.124567305E8	8.709477959981946
5.12542629E8	0.7555232751336315
5.127252515E8	0.48620718842096355
5.129500155E8	1.2688149359211012
5.130878405E8	1.6658530915853091
5.132923045E8	2.457037734446619
5.136583155E8	3.6963928688400376
5.138690625E8	21.76836569579288
5.139023725E8	5.831201621820862
5.139981215E8	0.6875500954546117
5.14088033E8	2.8862979922507925
5.141249995E8	20.18620007655991
5.141544165E8	0.37550025467510734
5.141882735E8	2.424555036293129
5.14281314E8	1.3894674775287448
5.143869105E8	3.3858126721763084
5.14423113E8	128.6764331210191
5.14483298E8	7.8572878513746085
5.14615887E8	15.289307513514581
5.147441605E8	9.450169096432735
5.14844255E8	1.0191907030309375
5.14940516E8	5.0412753718803796
5.15012286E8	11.034126318956439
5.15060344E8	6.6718028356493155
5.150996795E8	4.826698294829483
5.151326615E8	2.027985681744224
5.151695615E8	6.118513703824071
5.152081945E8	4.180457091864558
5.15256619E8	17.36816677579769
5.15314079E8	1.0139523736154623
5.1537088E8	0.6988167932015438
5.154238215E8	1.7399297747267921
5.15472866E8	0.7280303829517881
5.155121725E8	0.3992248062015504
5.15560092E8	18.571733646956872
5.156340715E8	0.377318870143272
5.156959805E8	1.8879199604743082
5.157193255E8	0.01610305958132045
5.157506895E8	3.9861990870165256
5.158166715E8	2.1920976592529757
5.15874254E8	0.4050706211133211
5.159119395E8	5.0136878716481545
5.15959596E8	5.626590234826772
5.160150495E8	2.4390586582367404
5.160617535E8	0.9813813386461743
5.1610713E8	13.532670659175567
5.16146481E8	20.695825445850353
5.16178775E8	3.475940482060504
5.16203849E8	1.7243953800012763
5.16227397E8	1.8021957040572791
5.162685295E8	3.3695515342250197
5.16317801E8	5.458566547177327
5.163639385E8	31.99851924975321
5.164137005E8	9.519507934197117
5.16450672E8	23.350429150650307
5.164757385E8	177.54312504013873
5.16505266E8	1.6259449002257014
5.165415295E8	5.615098399605505
5.16580565E8	0.8776638670532325
5.16615245E8	9.802662730133973
5.166519655E8	1.3105652938355798
5.166846265E8	10.90526921969479
5.167171235E8	1.151437785541521
5.16777769E8	0.7497532141625337
5.16832527E8	39.18678985649695
5.1685184E8	0.5961640512470624
5.168787715E8	16.772964201416208
5.16916029E8	1.16526312679136
5.16942193E8	0.7227481741952935
5.169660295E8	8.832396875428259
5.169994195E8	1.27487231325814
5.170345315E8	3.848584211816622
5.170564195E8	7.534906676238334
5.170715845E8	10.232356926925883
5.17090983E8	8.26796185814084
5.1712033E8	25.450272496993577
5.17153328E8	1.011147029316687
5.17182031E8	1.782835404847014
5.172378615E8	49.163204711216245
5.17335604E8	0.9218401462599614
5.174033285E8	18.678875638841568
5.174268315E8	36.080814717477004
5.174568515E8	43.708423578996666
5.17492389E8	159.58847435584818
5.17517305E8	1.1167685521937631
5.175347415E8	1.6128473804100227
5.17562062E8	2.768131901746658
5.175836005E8	0.9674561910263817
5.17594288E8	0.8812448812448812
5.176077215E8	7.507557626905152
5.176190685E8	0.715962441314554
5.176349185E8	2.9740395434817555
5.17652402E8	3.3489040960031735
5.17665036E8	1.6945011524530786
5.17679484E8	0.18824301655604989
5.17702074E8	0.72868537290667
5.17734436E8	2.7613591941061495
5.177716725E8	1.2757775729050416
5.178135525E8	0.3596915988905082
5.178529185E8	0.3555402044763747
5.17884688E8	3.4095579363048008
5.179137355E8	3.610973785207832
5.17949794E8	0.4387856227792415
5.17992536E8	0.4606125178518804
5.18030702E8	0.9023867904031783
5.18067214E8	4.715696605808112
5.18090915E8	0.7082006972866455
5.18109954E8	0.31692131762015185
5.181435165E8	1.1953203905285603
5.181744835E8	0.48425256751616585
5.182098795E8	0.6763965664464519
5.18249436E8	7.572592528386929
5.18281293E8	1.6900319554685084
5.183048805E8	0.4676294820717131
