#Position (bp)	mapping quality
91461.0	3.7060681197540584
739353.5	16.69210708713228
1943678.0	15.888125460417076
3239463.0	7.35017067805256
4535248.0	16.09176504142783
5831033.0	20.872298867539023
7126818.0	19.164157372036406
8422603.0	11.47436209874097
9718388.0	16.865353983175932
1.1014173E7	3.700922482254824
1.2309958E7	16.129172641623335
1.3605743E7	16.704888321943322
1.4901528E7	16.73915827512554
1.6197313E7	18.74869568904195
1.7493098E7	17.622851318272637
1.8788883E7	22.48127887698492
2.0084668E7	22.767112435006805
2.1380453E7	24.91088161726421
2.2676238E7	24.993809873797787
2.3972023E7	24.92582452357365
2.5267808E7	23.94394905604
2.6563593E7	24.121704081832384
2.7859378E7	24.38816863656073
2.9155163E7	24.437361004025394
3.0450948E7	18.7175699626167
3.1746733E7	20.370236447586915
3.3042518E7	21.070853072991625
3.4338303E7	20.133549910897756
3.5634088E7	18.26772646496835
3.6929873E7	6.739912120576927
3.7638876E7	4.287164393364401
3.7748276E7	3.5428763849857696
3.7878173E7	5.732775060758988
3.8159524E7	9.481858539306225
3.8425014E7	4.482258368397915
3.8642829E7	3.9758909619535165
3.8834224E7	18.619969654279352
3.9521443E7	23.555601555497834
4.0817228E7	22.044021656648916
4.2113013E7	22.834970481510528
4.3408798E7	24.050864049755923
4.4704583E7	25.44373263991392
4.6000368E7	20.628594112316573
4.7296153E7	24.944528406251553
4.8591938E7	25.421350781103413
4.9887723E7	24.687558940294924
5.1183508E7	25.478996150584017
5.2479293E7	25.167932650920584
5.3775078E7	21.54359648233161
5.5070863E7	19.58196563941888
5.6366648E7	21.681596222798593
5.7662433E7	18.760891560539864
5.8958218E7	17.098333642617064
6.0254003E7	5.93543237536987
6.150379E7	7.036101451830994
6.21516825E7	3.598082428452233
6.2845573E7	3.803449668929717
6.4141358E7	4.933697455723683
6.5437143E7	17.46136649789841
6.6732928E7	20.18311756963668
6.8028713E7	19.49315750852791
6.9324498E7	14.854849579268643
7.0620283E7	15.972700479788163
7.1916068E7	18.475368234048855
7.3211853E7	14.815168772415122
7.4507638E7	16.505087004930147
7.5803423E7	11.60606367913866
7.7099208E7	18.88662230248784
7.8394993E7	21.323762146834472
7.9690778E7	22.075405957702767
8.0986563E7	24.55484107320974
8.2282348E7	21.22788366524746
8.3339431E7	24.736767512976623
8.39873235E7	7.245399525579707
8.4873918E7	13.470835294087598
8.6169703E7	18.79115441051678
8.7465488E7	17.09132246119642
8.8761273E7	23.69937252466567
9.0057058E7	23.356808062719168
9.1352843E7	24.69623601410868
9.2648628E7	20.240202489677788
9.3944413E7	24.53856513999943
9.5240198E7	25.11080736850186
9.6535983E7	24.384562138076465
9.7831768E7	22.70097591424229
9.9127553E7	17.714615125167537
9.98465655E7	15.1559191274521
1.00494458E8	25.961604025871743
1.01719123E8	17.171178303517387
1.03014908E8	6.735457279365485
1.04310693E8	11.092664234001395
1.05606478E8	18.422385322482945
1.06902263E8	16.36543577710603
1.08198048E8	13.551257573278644
1.09493833E8	14.365587255640124
1.10789618E8	13.869640568156873
1.12085403E8	16.942743036564025
1.13381188E8	15.850990398917705
1.14676973E8	11.255681955825015
1.153675075E8	4.381517961305157
1.160154E8	8.664347555093503
1.16692392E8	4.137226360299078
1.173402845E8	5.181672651779756
1.18390011E8	8.801435663720373
1.190379035E8	19.07250334257573
1.19860113E8	25.394283885161173
1.21155898E8	23.050659087448697
1.22451683E8	22.214364881773786
1.23747468E8	19.736236097671643
1.25043253E8	13.896428234044043
1.26339038E8	11.973621268248012
1.27634823E8	19.433236618667895
1.28930608E8	15.62619301267371
1.30226393E8	14.101624820642778
1.310169255E8	5.6340271669189566
1.31664818E8	27.55118683364838
1.32817963E8	22.691851104660863
1.34113748E8	25.678055937101117
1.35409533E8	23.808300549938572
1.36705318E8	22.97646833555203
1.38001103E8	23.98044501629822
1.39296888E8	24.986145622647207
1.40592673E8	23.58220455030268
1.41888458E8	23.056503665232388
1.43184243E8	23.105994178933692
1.44480028E8	18.82321732015933
1.45775813E8	7.559203698048337
1.47071598E8	4.371694195052859
1.48367383E8	8.34532853129141
1.49663168E8	19.947488235965185
1.50958953E8	20.20969888065946
1.52254738E8	17.007620875893416
1.53550523E8	15.275468034333324
1.54846308E8	11.9169410693914
1.56142093E8	19.57853664306388
1.57437878E8	7.6761545728339335
1.58733663E8	6.6991809700976015
1.60029448E8	6.2780524417675165
1.61325233E8	5.7720249465652005
1.62621018E8	16.808699300600086
1.63916803E8	14.692848784505008
1.65212588E8	12.147866553395662
1.66508373E8	8.891173345297064
1.67804158E8	7.316199050552976
1.69022331E8	5.683626658838498
1.696702235E8	11.068029205562322
1.70395728E8	27.484109389681947
1.71691513E8	26.959015128904067
1.72987298E8	26.877872288948588
1.74283083E8	25.986293092399723
1.75578868E8	22.70807226373507
1.76874653E8	21.254385515548186
1.78170438E8	23.71575560563886
1.79466223E8	21.995215305799427
1.80762008E8	6.246012919035531
1.82057793E8	5.8359667337116745
1.83353578E8	6.531273283910265
1.84649363E8	6.094277380463849
1.85945148E8	5.383911095959748
1.87240933E8	6.337463660530507
1.88288774E8	5.419130944871814
1.889366665E8	22.662450049056872
1.89832503E8	24.441111027094248
1.90797007E8	25.99698941027055
1.914448995E8	12.92270323278178
1.92424073E8	25.78818050745904
1.93719858E8	25.202947136479217
1.95015643E8	18.062512819170202
1.96311428E8	21.605005883792177
1.97607213E8	19.773638308132078
1.98902998E8	14.961329553683747
2.00198783E8	11.73895126272923
2.01494568E8	18.546429768338204
2.02790353E8	15.436713641037256
2.04086138E8	16.934714208260985
2.048918285E8	9.303054877511274
2.05539721E8	26.54249917001628
2.06677708E8	26.209956681359774
2.07973493E8	23.775473278216325
2.09269278E8	15.895771572894716
2.10565063E8	6.517299436464527
2.11860848E8	7.169606512392629
2.13156633E8	9.329623858301039
2.14452418E8	13.059240992654539
2.15748203E8	17.11667941221021
2.17043988E8	9.968206506425537
2.18339773E8	11.648970661664983
2.19635558E8	17.097142739867458
2.20931343E8	16.584684159367335
2.22227128E8	19.522220587754365
2.23522913E8	7.637559133896158
2.24661752E8	5.902669486317217
2.253096445E8	7.58603273946952
2.26114483E8	16.34693162027199
2.27410268E8	15.335005967581942
2.28706053E8	15.96042399573248
2.30001838E8	10.331011195778974
2.31297623E8	9.433371172344957
2.32593408E8	7.445947241146799
2.33889193E8	17.591802542723997
2.35184978E8	16.065452880387305
2.36480763E8	12.11228406326379
2.37776548E8	4.11475825891097
2.39072333E8	4.161172789440468
2.3993507E8	5.116991098734679
2.405829625E8	9.555035088327596
2.41663903E8	17.91714200357471
2.42959688E8	17.752453030739154
2.44255473E8	19.58968226473481
2.45551258E8	22.072711530013603
2.46847043E8	23.561444519628374
2.48142828E8	22.903146592603914
2.49438613E8	26.146883213280198
2.50734398E8	24.49868884037667
2.52030183E8	26.08414156474952
2.52917981E8	26.452650795045177
2.535658735E8	25.033990496245874
2.54621753E8	28.14999126103025
2.55917538E8	26.100736683728783
2.57213323E8	25.762249954731455
2.58509108E8	22.657649568460222
2.59804893E8	27.319642003803885
2.61100678E8	22.58748731676532
2.62396463E8	17.99050053719785
2.63692248E8	23.431747301660717
2.64988033E8	14.935712368187115
2.6590749E8	7.23661018613211
2.665553825E8	25.124348111403894
2.67579603E8	26.40276621781876
2.68875388E8	22.421376598793138
2.70171173E8	14.972024123778503
2.71466958E8	24.665499920151923
2.72762743E8	21.785641816079156
2.74058528E8	15.274552564437139
2.75354313E8	18.661522184330533
2.76650098E8	18.472849399077532
2.77945883E8	16.256186195552587
2.79241668E8	15.692827496651262
2.80537453E8	14.370753572614735
2.81833238E8	5.86057164941321
2.827405855E8	7.8923660695756155
2.83388478E8	14.956451173301021
2.84424808E8	23.61489862602937
2.85720593E8	18.763847347546953
2.87016378E8	23.57154717156852
2.88312163E8	25.917058932916852
2.88994987E8	5.70159322957844
2.896428795E8	25.269069529704048
2.90903733E8	18.311655605136462
2.92199518E8	20.42458358816836
2.93495303E8	19.551443986851346
2.94791088E8	22.90308855781551
2.96086873E8	12.448885576179716
2.97382658E8	18.18605829868346
2.98678443E8	18.907624751366512
2.99974228E8	20.82556899492255
3.01270013E8	18.67341828538446
3.02565798E8	19.547217139586593
3.03861583E8	17.140303670726844
3.05157368E8	17.718936208700168
3.063483E8	3.7283426084331754
3.069961925E8	3.819884334517165
3.07748938E8	12.990017552074427
3.09044723E8	17.0102553862056
3.10340508E8	15.018552913773835
3.11636293E8	14.663497342930283
3.12932078E8	12.24408448695432
3.14227863E8	10.298000645054197
3.15523648E8	5.412447328426338
3.16819433E8	12.728077715627846
3.18115218E8	18.027680541746594
3.19411003E8	12.379402192484234
3.20706788E8	19.93532530626357
3.22002573E8	19.890872900468207
3.23298358E8	23.297014780270498
3.24594143E8	19.169428705800232
3.25889928E8	9.90091240168198
3.27185713E8	20.5978865986799
3.27857521E8	4.3857284571126245
3.285054135E8	12.816793122608246
3.29777283E8	6.587789023341095
3.31073068E8	5.755287942822835
3.32368853E8	15.578500782036912
3.33664638E8	20.07250573118363
3.34960423E8	21.970580825079224
3.36256208E8	24.87258818161188
3.37381195E8	25.805484432844903
3.380290875E8	21.3303127584057
3.38847778E8	20.82510564362027
3.40143563E8	21.31191296552907
3.41439348E8	20.583294433274965
3.42735133E8	18.277830161069584
3.44030918E8	8.002828712890942
3.45326703E8	15.984498367204237
3.46622488E8	18.689384711467973
3.47918273E8	15.342801673846301
3.49214058E8	5.3125113523156156
3.50509843E8	6.59131238419572
3.51805628E8	15.75118144972667
3.53101413E8	20.665970738706584
3.54397198E8	21.204713397931656
3.55692983E8	21.339837782278078
3.56988768E8	17.886119199506417
3.58284553E8	5.958470014731631
3.59580338E8	17.424466804292734
3.60876123E8	20.053994999085752
3.62171908E8	22.887600512838862
3.63467693E8	20.133751159189085
3.64763478E8	23.518169280092042
3.66059263E8	24.063917954899704
3.67355048E8	24.82843112078281
3.68650833E8	24.324885807589393
3.69946618E8	17.940509552400087
3.71242403E8	20.197698883506
3.72538188E8	18.611380433782813
3.73833973E8	21.37805007550945
3.75129758E8	14.700643460009065
3.76425543E8	20.99409662914478
3.77721328E8	19.887190544520703
3.79017113E8	14.27883983202405
3.80312898E8	15.748386256605725
3.81608683E8	7.171293611103439
3.826133825E8	3.407856466135545
3.83261275E8	25.886587877353772
3.84200253E8	25.978422566377873
3.85496038E8	25.208012201989654
3.86791823E8	24.449442856829698
3.88087608E8	24.2119326656374
3.89383393E8	21.287131550492386
3.90679178E8	24.650174578448286
3.91974963E8	19.781935989632945
3.93270748E8	16.13689436214475
3.94566533E8	10.692510239287927
3.95282991E8	4.248252430424525
3.959308835E8	24.6228292714148
3.97158103E8	22.92056385610214
3.98453888E8	20.592169492215636
3.99749673E8	19.44220157894007
4.01045458E8	23.566207975401085
4.02341243E8	23.090787854408394
4.03637028E8	19.734702767250685
4.04932813E8	19.87056656017812
4.06228598E8	26.08439203917199
4.07524383E8	24.61135929056814
4.08820168E8	23.076791787727636
4.10115953E8	23.86790347792976
4.11411738E8	24.240840851793504
4.12707523E8	16.7217296295239
4.14003308E8	11.487137293072236
4.15299093E8	8.64674444247941
4.163708735E8	5.991606829691113
4.17018766E8	5.055721148425293
4.17890663E8	19.015377383541413
4.19186448E8	20.75425822258743
4.20482233E8	21.986009307506794
4.21778018E8	22.22483442974694
4.23073803E8	12.631648352882886
4.24369588E8	19.27701103065002
4.25665373E8	22.317598620771808
4.26961158E8	24.05927127605631
4.28256943E8	22.64393259910939
4.29552728E8	23.10063223264946
4.30848513E8	25.87522301014881
4.31516605E8	2.44912259322447
4.321644975E8	25.472745527094116
4.33440083E8	25.34519728091237
4.34735868E8	23.337748902058518
4.36031653E8	22.452537617163806
4.37327438E8	23.94951348651775
4.38623223E8	23.390885245585025
4.39919008E8	21.84764389832877
4.41214793E8	15.671024924670839
4.42510578E8	19.278045236508692
4.43806363E8	19.485172780837143
4.45102148E8	19.621312335199928
4.46397933E8	15.78110306462187
4.47425501E8	7.1303060330526
4.480733935E8	6.9584382107721625
4.483827055E8	8.998914798536468
4.49030598E8	6.741635620558052
4.499319315E8	7.7795615071641535
4.50579824E8	17.54035856899839
4.51581073E8	12.518866083663
4.52876858E8	16.41651618821609
4.53667065E8	14.311279075882721
4.543149575E8	21.004615964861706
4.55468428E8	23.807170765102263
4.56764213E8	21.092429728789305
4.58059998E8	24.231343373180792
4.59355783E8	21.59604530263571
4.60651568E8	16.57475564216351
4.61947353E8	17.507481644295662
4.63243138E8	12.400105581964239
4.64538923E8	19.78013808585026
4.65834708E8	23.51345797048236
4.67130493E8	19.648753726610675
4.68426278E8	7.996010884653521
4.69366408E8	5.868510125725865
4.700143005E8	6.8073005892656
4.71017848E8	7.513964291946848
4.71975054E8	5.286763334300552
4.726229465E8	14.10485566511931
4.73609418E8	6.9962146813778485
4.74905203E8	7.197068681278455
4.755987145E8	8.64073800215679
4.76246607E8	10.805223943525913
4.77496773E8	13.087166482704149
4.78792558E8	19.75127523931514
4.80088343E8	26.4883609696514
4.81384128E8	25.316225403324417
4.82679913E8	27.545609567044508
4.83975698E8	26.20283140258273
4.852572955E8	25.575436527445714
4.85905188E8	2.5860340932429655
4.86567268E8	10.276294280750363
4.87863053E8	11.315426530461256
4.89158838E8	12.017761955661587
4.90454623E8	14.584455486410018
4.91700403E8	6.219225648205486
4.923482955E8	2.5799208648075576
4.925441915E8	3.709579838003305
4.929015525E8	3.162915874714498
4.93403554E8	27.915741321711067
4.93973308E8	24.84047897320623
4.945061635E8	3.382205918954565
4.947974455E8	3.5880852097845457
4.948641445E8	4.005757843425917
4.949130395E8	3.8433252431765252
4.949613775E8	3.414067138289426
4.95637763E8	22.624837274753023
4.96933548E8	20.175882024531226
4.98229333E8	19.51952969512788
4.99525118E8	24.667505704974513
5.00820903E8	23.20297856981583
5.02116688E8	23.6845487842838
5.03412473E8	21.9171404442475
5.04708258E8	26.13147624175356
5.06004043E8	22.899518854877098
5.068300475E8	3.174875193274178
5.07046431E8	3.652057342027051
5.075162115E8	10.854121064066549
5.08595613E8	9.990593326515349
5.09394463E8	15.034886867802191
5.09558625E8	3.249191357226032
5.09782506E8	4.082981551494148
5.100195405E8	3.965574557781584
5.10081722E8	3.2469418199900546
5.10135615E8	2.7960513841486536
5.10179006E8	3.548743335872049
5.10233933E8	3.60921210203722
5.102835675E8	4.038352340089904
5.104214435E8	6.006072205679607
5.11187183E8	5.233644601964637
5.118561555E8	4.724653618780394
5.119215395E8	18.556206983353807
5.1209098E8	5.707294828646161
5.12231347E8	3.9327400994067663
5.12310146E8	2.544013414929295
5.12398605E8	2.3443865152653207
5.124567305E8	3.840459546154125
5.12542629E8	4.214056825464644
5.127252515E8	4.68240302593888
5.129500155E8	3.0089284229778035
5.130878405E8	4.886325263378218
5.132923045E8	5.158108421524981
5.136583155E8	6.719198979052052
5.138690625E8	4.76176423583107
5.139023725E8	3.659691341051387
5.139981215E8	2.906568600436635
5.14088033E8	3.52264609927347
5.141249995E8	4.357982101685058
5.141544165E8	5.340761554112974
5.141882735E8	5.289834418413903
5.14281314E8	3.4407425317530027
5.143869105E8	3.663891261995489
5.14423113E8	4.762438414298113
5.14483298E8	3.665678951329372
5.14615887E8	4.689939807057006
5.147441605E8	4.861796606708337
5.14844255E8	3.1316411225705716
5.14940516E8	4.411382323291189
5.15012286E8	3.685192939540482
5.15060344E8	3.8492146501898383
5.150996795E8	3.9298712953795967
5.151326615E8	2.8236922336328627
5.151695615E8	4.006617386685552
5.152081945E8	3.1234168208339264
5.15256619E8	3.886768498394678
5.15314079E8	3.2656344971972717
5.1537088E8	3.3181217102704386
5.154238215E8	2.887397396943449
5.15472866E8	2.3850166642515576
5.155121725E8	2.413704565513921
5.15560092E8	4.047034306455
5.156340715E8	3.4783590395929402
5.156959805E8	3.4301846302814596
5.157193255E8	2.0
5.157506895E8	3.8701729311293787
5.158166715E8	4.218248329655047
5.15874254E8	2.5224687674808877
5.159119395E8	3.422936200684763
5.15959596E8	3.336059078668287
5.160150495E8	3.6157354070660523
5.160617535E8	2.741982260676221
5.1610713E8	3.7723148702943887
5.16146481E8	3.625535165251327
5.16178775E8	3.2533461281708944
5.16203849E8	3.683602856825667
5.16227397E8	3.1983437511035775
5.162685295E8	3.2642141639619866
5.16317801E8	3.516237182687507
5.163639385E8	3.9579488135921213
5.164137005E8	3.2699420396240986
5.16450672E8	3.6406117515469685
5.164757385E8	5.323536167528298
5.16505266E8	3.9382615401564394
5.165415295E8	3.769815418023887
5.16580565E8	4.1778708622803435
5.16615245E8	3.7816903209308275
5.166519655E8	3.9292828685258963
5.166846265E8	7.53473689074299
5.167171235E8	3.0159178433889604
5.16777769E8	4.259359137055838
5.16832527E8	4.513968873781498
5.1685184E8	2.946083418107833
5.168787715E8	3.965660593089902
5.16916029E8	3.2042549954356425
5.16942193E8	2.3410179640718565
5.169660295E8	3.827412723041117
5.169994195E8	4.860156494522692
5.170345315E8	4.168703767109653
5.170564195E8	3.4962307518250784
5.170715845E8	4.039843519188255
5.17090983E8	3.851316430558211
5.1712033E8	3.964047480930919
5.17153328E8	3.361849116231213
5.17182031E8	4.159885218159076
5.172378615E8	4.476810929214262
5.17335604E8	3.2654912603670456
5.174033285E8	4.723570006232235
5.174268315E8	4.394462029553695
5.174568515E8	4.573680375962104
5.17492389E8	4.8477416327419665
5.17517305E8	3.5069983370288247
5.175347415E8	2.932772159764985
5.17562062E8	3.6804172698440762
5.175836005E8	2.8988853503184715
5.17594288E8	4.364209004543577
5.176077215E8	2.5106832767081917
5.176190685E8	3.3586065573770494
5.176349185E8	3.1196794854471257
5.17652402E8	3.1088932981905413
5.17665036E8	4.940849558897828
5.17679484E8	2.6788066640836883
5.17702074E8	2.452095416684837
5.17734436E8	3.504437595966416
5.177716725E8	3.0282209755633738
5.178135525E8	2.738857665664619
5.178529185E8	2.36286624698842
5.17884688E8	3.5267137096774195
5.179137355E8	3.4197148338632535
5.17949794E8	2.751831653170275
5.17992536E8	2.644372262414489
5.18030702E8	2.687074361972897
5.18067214E8	4.555767471833035
5.18090915E8	2.5351027397260273
5.18109954E8	3.590458053523103
5.181435165E8	3.463995681359433
5.181744835E8	2.496818788783285
5.182098795E8	3.4089565130726553
5.18249436E8	6.379141151109331
5.18281293E8	3.266097387414862
5.183048805E8	3.023547509170512
