# Position (bp)	A	C	G	T	N
0.0	36.72470099313471	23.30479722244657	9.537520841200395	30.430575681482026	0.002405261736299779
1.0	35.99824343093043	25.303996534367563	7.477267136190887	31.15670778393801	0.0637851145731083
2.0	38.66196374475471	23.65606678525392	7.602624096303197	30.07682948418655	0.0025158895016192053
3.0	33.682535941248005	26.242684542743184	8.113680834700336	31.956618613676795	0.00448006763167766
4.0	47.60946460358303	12.685668719718146	7.495829761483969	32.2034591346602	0.0055777805546536425
5.0	48.270035837400656	12.41488049931692	7.0498985179390985	32.26175497089091	0.003430174452420397
6.0	46.727119672948355	12.347973540579249	7.781730448355348	33.13420621066844	0.008970127448609977
7.0	46.03511231059206	12.71842595789299	7.613329295348527	33.62947529636322	0.0036571398032047677
8.0	44.44118104432211	12.721033918244453	8.361089482788218	34.4564835050576	0.02021204958761823
9.0	43.667801607616994	12.980484577019237	8.546858481222671	34.80182912946398	0.003026204677124945
10.0	42.93532232634175	12.975694037917146	8.831416646632336	35.24806013856649	0.00950685054228874
11.0	42.837084870738096	12.527249759780728	8.94031005408256	35.658823172380075	0.036532143018547236
12.0	42.18130132111249	12.90141213273402	9.154713800546789	35.76030023718879	0.002272508417916468
13.0	42.068472420126966	12.660922359207468	9.452024135523951	35.81627788644041	0.002303198701198631
14.0	41.97491773077016	12.379434649581057	9.62566262105925	36.01781455320672	0.00217044538281532
15.0	41.48559685021198	12.572332358467191	9.926591554553635	36.012924805979594	0.0025544307876014566
16.0	41.44118658284765	12.338969867937283	10.067952426806315	36.146816519754424	0.0050746026543298005
17.0	41.266947852469556	12.007975876466672	10.143497629696638	36.579260454388056	0.002318186979080618
18.0	41.04836523138633	11.944615429766886	10.522044430794168	36.48280945876244	0.0021654492901879907
19.0	40.68769873207449	12.099875431708796	10.555927217265195	36.65435172657681	0.002146892374715055
20.0	40.86581217145701	11.81440063700646	10.745698254306243	36.5717235739711	0.0023653632591993465
21.0	40.83128779655852	12.125261204357987	10.82868959125379	36.212528011934396	0.0022333958953038536
22.0	40.61764347593982	11.9281880834084	10.932127476011031	36.519812463880555	0.002228500760195716
23.0	40.80146093187231	11.735139995858257	11.033212971495425	36.42698306675053	0.0032030340234740205
24.0	40.61823990051511	11.910818807040414	11.152397285859555	36.310230611300696	0.008313395284226704
25.0	40.66683016111433	11.728187979479722	11.221522498765385	36.38127960919777	0.0021797514427930446
26.0	40.66678968094959	11.512606700502593	11.217356712673352	36.60055927085633	0.002687635018136324
27.0	40.21948053552488	11.608594865969172	11.297472903511958	36.86634579658358	0.008105898410405543
28.0	40.25130898353571	11.552821948992504	11.314002959017174	36.87976063607263	0.0021054723819766853
29.0	39.88851611908535	11.47632707057634	11.36484590404538	37.2674043728164	0.002906533476526121
30.0	40.00503546940927	11.552793588835776	11.372863435254674	37.06701482469915	0.0022926818011291083
31.0	39.74924117536613	11.74526457168901	11.36557748529476	37.13776434733564	0.002152420314462891
32.0	39.74627942758855	11.64424068230799	11.369196251825645	37.2383107689622	0.001972869315613993
33.0	39.804696597651215	11.504161780264536	11.350131964676443	37.338454136901476	0.0025555205063288386
34.0	39.6137026739564	11.456085463511128	11.457372992034891	37.46137128311259	0.011467587384990085
35.0	39.774448252270325	11.268479174991828	11.372938796640101	37.58089781346678	0.0032359626309718665
36.0	39.49226561213891	11.490088389045859	11.362428838646409	37.64354763502099	0.011669525147841012
37.0	39.434906928178606	11.411472992350058	11.367664045835765	37.75597613726619	0.029979896369379318
38.0	39.310854372143325	11.355055425694987	11.366322434006422	37.965740466538875	0.0020273016163859306
39.0	39.09801697915247	11.318875870984819	11.409734511864897	38.16242629783541	0.010946340162406153
40.0	39.296242738560764	11.373835618887558	11.335655328040092	37.9925817948808	0.0016845196307929326
41.0	39.297262798542775	11.206980198217634	11.290481283127276	38.203502587939234	0.0017731321730815048
42.0	39.09868216910637	11.23062319455045	11.233309906747559	38.43530961497954	0.0020751146160849086
43.0	39.09223143936272	11.24371198200304	11.28873406082502	38.37329741038181	0.0020251074274103627
44.0	38.98286383917418	11.156610164248349	11.17510969029313	38.68374259804334	0.0016737082409974226
45.0	38.78688867844411	11.231738502442862	11.238908749645155	38.740636104391115	0.0018279650767633344
46.0	38.82365104592419	11.188064351721074	11.186347714507425	38.80015945909659	0.0017774287507263866
47.0	38.77323858129497	11.074061106761862	11.124504813231951	39.02643661013043	0.0017588885807812973
48.0	38.73323003235309	11.145865774705339	11.24125684744803	38.87789445807462	0.0017528874189204212
49.0	38.8699262765927	11.153448681533192	11.251817948157612	38.72257802998828	0.0022290637282258528
50.0	38.76626488112143	11.12230216110791	11.239590756624644	38.86993057309857	0.0019116280474388157
51.0	38.66504366483115	11.194896983586448	11.328029670247233	38.8093578998074	0.002671781527758907
52.0	38.75399740132616	11.255825794639062	11.228187973205115	38.75536425988686	0.006624570942804478
53.0	38.86077863875276	10.915369490204306	11.142764457939332	39.07915869200297	0.001928721100627233
54.0	38.76395414532721	11.038028029956493	11.176645079498131	39.01883810172267	0.002534643495497125
55.0	38.58289029134044	11.0099839413414	11.229574486900654	39.175539823829546	0.002011456587965672
56.0	38.51684559968823	10.890992300241932	11.142431391788172	39.447863204165586	0.001867504116080018
57.0	38.36828446350328	10.9718621201016	11.227189913044501	39.43080423360786	0.0018592697427574423
58.0	38.31300138179903	10.995492343003574	11.243675134872273	39.44560898059387	0.0022221597312490713
59.0	38.40123931380356	10.905891210675607	11.205974749538234	39.48437405007844	0.002520675904155675
60.0	38.525388459306875	10.968310448921185	11.247644875420479	39.23982486831248	0.018831348038981417
61.0	38.391072253830636	11.08086925444029	11.243641377964494	39.28170217564965	0.0027149381149314013
62.0	38.46718660303079	10.986397407101418	11.197945144331998	39.34645838688038	0.0020124586554211552
63.0	38.525832659028374	10.875433218789055	11.201947035934028	39.394682458476986	0.002104627771550802
64.0	38.48675607227845	10.872030939370282	11.222570788125767	39.41593716735517	0.0027050328703351863
65.0	38.39676418875049	10.744182714536835	11.216357638031095	39.64056077206141	0.002134686620167968
66.0	38.24210902331335	10.796980145782745	11.309375311941949	39.648516037328555	0.0030194816334013974
67.0	38.20209605472486	10.835720033255326	11.289182025122654	39.668486172871944	0.00451571402520905
68.0	38.24348696955008	10.812341780701654	11.315121324274127	39.617302417008645	0.01174750846549627
69.0	38.02238172535701	10.804808766188271	11.426712851046402	39.74359973904083	0.002496918367491864
70.0	37.99440367971858	10.91600890105157	11.433404144764376	39.65084793434899	0.005335340116485928
71.0	38.17616046105508	10.795902585994316	11.373215108714911	39.63054814743556	0.024173696800125793
72.0	37.97274659951063	10.930985488229846	11.344874552165322	39.73043931710439	0.020954042989809452
73.0	37.99377556467694	10.811859468341824	11.342097374429182	39.83201220056671	0.0202553919853465
74.0	38.04885406589381	10.69961501724372	11.377701420382072	39.871077460778594	0.0027520357018021874
75.0	38.039550079349844	10.691876513533078	11.391949736438766	39.863170820494744	0.013452850183561706
76.0	37.971815026324954	10.701185119710583	11.418895784007098	39.905709664283926	0.0023944056734414364
77.0	38.01152994398887	10.581042426921709	11.433548504401593	39.96402267929901	0.00985644538881321
78.0	37.81255612970389	10.637069865404591	11.557513635854667	39.98258859111597	0.010271777920876942
79.0	37.63745296070743	10.717094396400904	11.594984872039378	40.00947062441025	0.04099714644204313
80.0	37.734191033208496	10.714793987265491	11.576242050777848	39.96780393533236	0.006968993415799469
81.0	37.65108603477777	10.705152583379261	11.539368740186049	40.101695081513725	0.002697560143200032
82.0	37.64643360161023	10.646218975797888	11.535624823244655	40.163910501985654	0.007812097361571033
83.0	37.77911096469783	10.551895882759348	11.5228962549883	40.14138899885264	0.0047078987018740505
84.0	37.71294627297235	10.660925727045951	11.525881023069227	40.0972547363315	0.0029922405809671877
85.0	37.80856836081929	10.507025906493093	11.558968784493421	40.12375052976946	0.001686418424740718
86.0	37.57141971841259	10.514737404507061	11.619191294882315	40.29230484878498	0.0023467334130541956
87.0	37.499137982775494	10.500076014453532	11.664255025781683	40.33455100622753	0.0019799707617626366
88.0	37.348288294494516	10.48048234666715	11.732748774134643	40.43674176859474	0.0017388161089453161
89.0	37.452566603107684	10.424384831965057	11.79063290315189	40.32972099888612	0.0026946628892488248
90.0	37.40894756034697	10.451882188925833	11.811577808482625	40.31795972123409	0.009632721010484095
91.0	37.38934164191926	10.456039383282551	11.810192446653984	40.342385707261066	0.002040820883146235
92.0	37.55473133080991	10.39091205708191	11.8013136153095	40.25099211113773	0.002050885660954457
93.0	37.507321687487796	10.435763879167855	11.81062877626898	40.24470678591546	0.0015788711599114382
94.0	37.55382059848573	10.348474767041905	11.753082896913513	40.342954056696975	0.001667680861877874
95.0	37.47661621739582	10.323664470815082	11.838141391243456	40.359529745829846	0.00204817471578997
96.0	37.311660631174846	10.291782111540815	11.875539321389844	40.518888682661014	0.002129253233481152
97.0	37.1918126625897	10.358191193777524	11.857213469785576	40.59092143401358	0.0018612398336240248
98.0	36.97573724446791	10.3868716537293	11.998111717202258	40.63480428486798	0.004475099732552774
99.0	36.88178069305041	10.486100159822104	12.045823419915733	40.583723810429845	0.0025719167819064598
100.0	37.01028450812937	10.356245028261789	12.067965860074613	40.5635124953072	0.0019921082270289285
101.0	36.87698531114953	10.329852467962402	12.058449149946837	40.732217999610356	0.0024950713308801867
102.0	36.9971754248671	10.329759392537179	12.078617319690233	40.59259918383669	0.001848679068797446
103.0	37.22283306229713	10.157069787478564	12.130517880633345	40.48770797729294	0.0018712922980232522
104.0	37.25904645662024	10.068183765599537	12.13510124630977	40.53546438022711	0.0022041512433479404
105.0	37.13309696060051	10.086938984118675	12.239589821525037	40.538422790244894	0.0019514435108818526
106.0	36.9409006716381	10.119325443827758	12.236765603597902	40.700936366409834	0.002071914526408522
107.0	36.74715678851207	10.19547390732642	12.24538863912537	40.80975549127123	0.002225173764906147
108.0	36.766018483516945	10.041715821063114	12.291321966929196	40.89838174586335	0.002561982627393949
109.0	36.56919283994785	10.102118185711483	12.368384216746561	40.95841962519084	0.00188513240326034
110.0	36.67721832633194	10.012191714605132	12.478540282285596	40.82950943892211	0.002540237855219143
111.0	36.55270088168446	10.168315727794578	12.45732257180075	40.81469794479292	0.006962873927298052
112.0	36.48687924245008	10.214679703399304	12.477212282489981	40.81771301170183	0.0035157599588083355
113.0	36.43673892409356	10.028204526744979	12.48934832861587	40.996837520498836	0.048870700046755464
114.0	36.34523338811566	10.01141907636386	12.575789480498646	41.038761326926334	0.02879672809550462
115.0	36.19069511492707	10.042737504732537	12.510774035283973	41.252963678398785	0.002829666657637169
116.0	36.19659699072077	10.103689500468477	12.599891425362905	41.06898182189706	0.030840261550792603
117.0	36.05931362571989	9.930154430140828	12.688620355111555	41.31997680507793	0.001934783949801037
118.0	36.03102031758821	10.116209867747472	12.840690295721432	41.009837894495575	0.0022416244473073433
119.0	36.107838084362776	9.94388331946645	12.891712802036626	41.0545786966886	0.001987097445551278
120.0	36.10129114450398	9.883988101363311	12.81900224290616	41.19343433997692	0.002284171249623316
121.0	36.19992350600493	9.928132686858424	12.823849926367165	41.04433156355499	0.0037623172144920975
122.0	36.214399003394234	9.68647377038097	12.812053579459723	41.28482001280839	0.0022536339566899826
123.0	36.178759516149334	9.679718606175651	12.923692542163796	41.196322425108114	0.02150691040310827
124.0	36.06054178288151	9.615732793268748	12.901046060400335	41.41989082842015	0.0027885350292519494
125.0	35.90331726114891	9.562807735769905	13.018267020365288	41.512650343774574	0.002957638941321279
126.0	35.62594364015372	9.54869998039309	13.252749246092483	41.551266351207865	0.021340782152837384
127.0	35.77640237850252	9.542896636441881	13.169305869814757	41.50835975387012	0.0030353613707250772
128.0	36.01782593965749	9.391374298026204	13.192932924239726	41.39603231925192	0.0018345188246556938
129.0	35.65738274347436	9.370281405508106	13.397181850840726	41.57328526915621	0.0018687310206032424
130.0	35.761321749277315	9.450733437715803	13.235759837046343	41.55037455544887	0.001810420511669109
131.0	35.9773388754627	9.156575988147628	13.382410555219968	41.481855245008056	0.0018193361616490296
132.0	35.88180098418723	9.129342412008105	13.328328705846875	41.658637707889305	0.0018901900684782102
133.0	35.769686022781244	9.074826786494805	13.429510704987452	41.7230743614196	0.002902124316901308
134.0	35.56979127460164	8.836403151798496	13.589493708850368	41.993367208480436	0.0109446562690525
135.0	35.32270894972735	8.806903291525657	13.770086267891177	42.09769066970486	0.0026108211509546014
136.0	35.20525565884578	8.674907278696582	13.669235760640225	42.448414269677706	0.002187032139714075
137.0	35.11391657162168	8.546803073938142	13.868264993345395	42.46905259543017	0.001962765664613017
138.0	35.08186437056149	8.456784645932963	14.153375611220657	42.3034749005246	0.004500471760293071
139.0	34.99843709762329	8.39764539116999	13.927982515912754	42.64358852230748	0.03234647298649268
140.0	34.81574966238538	8.234742152658788	14.158083160795757	42.771658781114546	0.019766243045531717
141.0	34.61915075904377	8.108375536769326	14.207913498982833	43.0568945620176	0.0076656431864699365
142.0	34.45044478919152	8.068169876757974	14.03412996092139	43.40911265837518	0.03814271475393504
143.0	33.92836151374172	7.675415449209358	14.058519228256847	44.33541276619587	0.00229104259620947
144.0	33.541911450911115	7.768551730953109	13.89045945055443	44.778871554365516	0.02020581321583016
145.0	33.035493292960076	7.437555758960958	13.851782207521794	45.67320743211328	0.001961308443892438
146.0	33.030648394823785	7.61675755186878	14.420580944455427	44.927010216022126	0.005002892829885611
147.0	32.39743415296993	7.971456603553902	22.5208253978508	37.10767966676255	0.002604178862816835
148.0	31.237810205369126	7.762055382240654	20.496794698081587	40.49824288318913	0.0050968311195034545
149.0	32.497522272103105	7.800940323400719	21.175732528573608	38.47098579809298	0.054819077829586116
150.0	31.811515493119302	9.14131430227724	20.388283393129463	38.658886811474005	0.0
