(di-)nucleotide	count sample	percent sample	count genomic	percent genomic	coverage
A	2243561916	29.93	116613941	30.97	19.239
C	1423624389	18.99	71613560	19.02	19.879
G	1650199535	22.02	71603867	19.01	23.046
T	2178304332	29.06	116748546	31.00	18.658
AA	778562774	10.49	42584672	11.31	18.283
AC	399427662	5.38	20840071	5.53	19.166
AG	501126308	6.75	22410051	5.95	22.362
AT	548846336	7.40	30779082	8.17	17.832
CA	478154893	6.44	24943498	6.62	19.170
CC	267415186	3.60	13853764	3.68	19.303
CG	239043933	3.22	10388885	2.76	23.010
CT	423468460	5.71	22427370	5.96	18.882
GA	516598849	6.96	22896723	6.08	22.562
GC	311838508	4.20	13995432	3.72	22.281
GG	350704150	4.73	13850871	3.68	25.320
GT	447619546	6.03	20860801	5.54	21.457
TA	452557021	6.10	26188985	6.95	17.280
TC	429601935	5.79	22924241	6.09	18.740
TG	541002010	7.29	24954009	6.63	21.680
TT	734749489	9.90	42681247	11.33	17.215
