(di-)nucleotide	count sample	percent sample	count genomic	percent genomic	coverage
A	1956198216	28.75	116613941	30.97	16.775
C	1287567318	18.93	71613560	19.02	17.979
G	1573348489	23.13	71603867	19.01	21.973
T	1986016160	29.19	116748546	31.00	17.011
AA	658456465	9.79	42584672	11.31	15.462
AC	345827378	5.14	20840071	5.53	16.594
AG	460848273	6.85	22410051	5.95	20.564
AT	476203463	7.08	30779082	8.17	15.472
CA	414393283	6.16	24943498	6.62	16.613
CC	240174640	3.57	13853764	3.68	17.336
CG	231362813	3.44	10388885	2.76	22.270
CT	385881306	5.74	22427370	5.96	17.206
GA	478491040	7.11	22896723	6.08	20.898
GC	297462727	4.42	13995432	3.72	21.254
GG	341843772	5.08	13850871	3.68	24.680
GT	431879504	6.42	20860801	5.54	20.703
TA	390526715	5.80	26188985	6.95	14.912
TC	388751997	5.78	22924241	6.09	16.958
TG	518986611	7.71	24954009	6.63	20.798
TT	666459683	9.91	42681247	11.33	15.615
