(di-)nucleotide	count sample	percent sample	count genomic	percent genomic	coverage
A	2578794884	30.33	116613941	30.97	22.114
C	1619338570	19.05	71613560	19.02	22.612
G	1831816171	21.54	71603867	19.01	25.583
T	2472421423	29.08	116748546	31.00	21.177
AA	900298759	10.69	42584672	11.31	21.141
AC	462720023	5.50	20840071	5.53	22.203
AG	562580911	6.68	22410051	5.95	25.104
AT	635515504	7.55	30779082	8.17	20.648
CA	553889223	6.58	24943498	6.62	22.206
CC	304580407	3.62	13853764	3.68	21.985
CG	263526296	3.13	10388885	2.76	25.366
CT	480400270	5.71	22427370	5.96	21.420
GA	576215654	6.84	22896723	6.08	25.166
GC	348102854	4.13	13995432	3.72	24.873
GG	385036388	4.57	13850871	3.68	27.799
GT	496944037	5.90	20860801	5.54	23.822
TA	527603301	6.27	26188985	6.95	20.146
TC	487495050	5.79	22924241	6.09	21.265
TG	600831398	7.14	24954009	6.63	24.078
TT	834443704	9.91	42681247	11.33	19.551
