(di-)nucleotide	count sample	percent sample	count genomic	percent genomic	coverage
A	1909722622	28.69	116613941	30.97	16.376
C	1264869508	19.00	71613560	19.02	17.662
G	1539194041	23.13	71603867	19.01	21.496
T	1942177719	29.18	116748546	31.00	16.636
AA	641652569	9.75	42584672	11.31	15.068
AC	337423561	5.13	20840071	5.53	16.191
AG	452076058	6.87	22410051	5.95	20.173
AT	463827565	7.05	30779082	8.17	15.070
CA	405656913	6.16	24943498	6.62	16.263
CC	237521520	3.61	13853764	3.68	17.145
CG	226515016	3.44	10388885	2.76	21.804
CT	379393689	5.77	22427370	5.96	16.917
GA	467421482	7.10	22896723	6.08	20.414
GC	291924160	4.44	13995432	3.72	20.859
GG	336159004	5.11	13850871	3.68	24.270
GT	420086584	6.38	20860801	5.54	20.138
TA	380415926	5.78	26188985	6.95	14.526
TC	382120611	5.81	22924241	6.09	16.669
TG	505450359	7.68	24954009	6.63	20.255
TT	652963033	9.92	42681247	11.33	15.299
