(di-)nucleotide	count sample	percent sample	count genomic	percent genomic	coverage
A	1578695435	28.86	116613941	30.97	13.538
C	1033021138	18.88	71613560	19.02	14.425
G	1266338329	23.15	71603867	19.01	17.685
T	1592146962	29.11	116748546	31.00	13.637
AA	539077402	9.95	42584672	11.31	12.659
AC	277018864	5.11	20840071	5.53	13.293
AG	371193304	6.85	22410051	5.95	16.564
AT	380853711	7.03	30779082	8.17	12.374
CA	330314506	6.10	24943498	6.62	13.243
CC	192258713	3.55	13853764	3.68	13.878
CG	189354372	3.50	10388885	2.76	18.227
CT	310127968	5.72	22427370	5.96	13.828
GA	388741727	7.18	22896723	6.08	16.978
GC	241259566	4.45	13995432	3.72	17.238
GG	272796135	5.04	13850871	3.68	19.695
GT	346907138	6.40	20860801	5.54	16.630
TA	310280219	5.73	26188985	6.95	11.848
TC	311799837	5.76	22924241	6.09	13.601
TG	418518644	7.73	24954009	6.63	16.772
TT	536768725	9.91	42681247	11.33	12.576
