#Position (bp)	insert size
91461.0	142.877362912045
739353.5	132.83298643619284
1943678.0	130.17401957589897
3239463.0	133.945704533689
4535248.0	130.48890133414287
5831033.0	129.05240166127746
7126818.0	129.93164674323984
8422603.0	139.99880019715678
9718388.0	139.02686633336106
1.1014173E7	134.0017942213698
1.2309958E7	133.73624069665186
1.3605743E7	131.56251966689268
1.4901528E7	131.7555823777912
1.6197313E7	131.67832858082912
1.7493098E7	131.78561721997977
1.8788883E7	129.55916016853976
2.0084668E7	133.13388458312787
2.1380453E7	128.75250976017847
2.2676238E7	130.19641999862836
2.3972023E7	129.418721434545
2.5267808E7	129.1677817752242
2.6563593E7	129.51520561488368
2.7859378E7	129.5897278650824
2.9155163E7	129.3338348758009
3.0450948E7	130.20154420532066
3.1746733E7	129.58934548199738
3.3042518E7	130.15148751726022
3.4338303E7	129.94569934018904
3.5634088E7	131.83344399753872
3.6929873E7	177.8970188197413
3.7638876E7	214.30323213910117
3.7748276E7	141.80026779736667
3.7878173E7	221.35524703213886
3.8159524E7	149.22610966057442
3.8425014E7	154.7617810760668
3.8642829E7	151.54813315339632
3.8834224E7	130.75154832205098
3.9521443E7	129.11672080157464
4.0817228E7	130.23007041016717
4.2113013E7	130.14913843815347
4.3408798E7	129.1157373863786
4.4704583E7	129.21326896338007
4.6000368E7	136.4543374677694
4.7296153E7	128.85436637840644
4.8591938E7	129.35329372447086
4.9887723E7	128.73207708365237
5.1183508E7	129.2722742659518
5.2479293E7	129.11295911295912
5.3775078E7	131.60741003679445
5.5070863E7	129.57415024661785
5.6366648E7	129.41540168364554
5.7662433E7	129.97706777445856
5.8958218E7	132.06338718345927
6.0254003E7	164.0696284699683
6.150379E7	143.68095720949097
6.21516825E7	162.06369756602797
6.2845573E7	160.9422859450727
6.4141358E7	152.5602847397301
6.5437143E7	131.06401471762297
6.6732928E7	129.82163559199915
6.8028713E7	130.71460416894936
6.9324498E7	136.97881917394113
7.0620283E7	130.6184939282397
7.1916068E7	130.43428275777399
7.3211853E7	130.37054667902572
7.4507638E7	131.54639255987067
7.5803423E7	132.3502617465228
7.7099208E7	129.67176478804384
7.8394993E7	129.47444022156094
7.9690778E7	129.9737967176941
8.0986563E7	129.00712830146625
8.2282348E7	130.2422520361378
8.3339431E7	129.41682090535497
8.39873235E7	157.37112161821895
8.4873918E7	136.77629866401256
8.6169703E7	129.91796594545244
8.7465488E7	131.23785786416758
8.8761273E7	129.04512990337125
9.0057058E7	129.47953774261725
9.1352843E7	128.3861567993813
9.2648628E7	132.1714523702734
9.3944413E7	129.09732075134966
9.5240198E7	129.93418503450022
9.6535983E7	130.58024831686632
9.7831768E7	129.5829559557856
9.9127553E7	130.89131966024445
9.98465655E7	142.77910422123932
1.00494458E8	129.52865502488356
1.01719123E8	131.6697738748212
1.03014908E8	140.23346951940653
1.04310693E8	135.7905973842347
1.05606478E8	129.62050668262518
1.06902263E8	131.19350536774022
1.08198048E8	132.63087672966356
1.09493833E8	132.40715730093945
1.10789618E8	130.89569996070128
1.12085403E8	132.83871930847206
1.13381188E8	132.20817089402192
1.14676973E8	158.12373944211097
1.153675075E8	149.55255579553636
1.160154E8	133.04709741888044
1.16692392E8	125.27006280530355
1.173402845E8	150.30101051342248
1.18390011E8	145.60749887992833
1.190379035E8	131.8034645399194
1.19860113E8	128.54919291682825
1.21155898E8	128.82040700425935
1.22451683E8	129.69564688167776
1.23747468E8	129.61871001533913
1.25043253E8	133.559455195789
1.26339038E8	134.3772884743803
1.27634823E8	133.62624699079802
1.28930608E8	132.36947239059344
1.30226393E8	133.07688335586602
1.310169255E8	190.44116383630688
1.31664818E8	129.3311442385173
1.32817963E8	129.46292859588115
1.34113748E8	129.63249791594953
1.35409533E8	128.8431435008677
1.36705318E8	130.05243261763363
1.38001103E8	128.99554740201418
1.39296888E8	128.67581188942884
1.40592673E8	129.5436402961484
1.41888458E8	128.77925293047463
1.43184243E8	128.2179243905999
1.44480028E8	130.35804815852424
1.45775813E8	143.98270562681859
1.47071598E8	143.6851243006287
1.48367383E8	168.29532855253788
1.49663168E8	129.79166792700687
1.50958953E8	130.18641377778602
1.52254738E8	130.3374132798426
1.53550523E8	130.25152373792864
1.54846308E8	133.33616768688555
1.56142093E8	130.35453839666965
1.57437878E8	140.0201049746665
1.58733663E8	137.42401687938488
1.60029448E8	139.02446269968777
1.61325233E8	132.4499122250028
1.62621018E8	130.49753625118487
1.63916803E8	131.0536263907158
1.65212588E8	134.62317454945426
1.66508373E8	136.45785991089554
1.67804158E8	131.4555645324177
1.69022331E8	224.250852151683
1.696702235E8	138.9208954390666
1.70395728E8	128.0604923891654
1.71691513E8	128.4095275088717
1.72987298E8	127.94951342934993
1.74283083E8	128.41707706595
1.75578868E8	132.8636484860089
1.76874653E8	129.14153423470202
1.78170438E8	129.6048104679553
1.79466223E8	129.06873059052938
1.80762008E8	135.6543914090365
1.82057793E8	137.4218860018204
1.83353578E8	137.565294685336
1.84649363E8	135.42164196883786
1.85945148E8	132.5255297679112
1.87240933E8	132.74730218706972
1.88288774E8	147.2416307456794
1.889366665E8	132.36176709169956
1.89832503E8	129.7604841966544
1.90797007E8	130.9595506545502
1.914448995E8	135.48073939202027
1.92424073E8	130.5088194373482
1.93719858E8	129.03489721867746
1.95015643E8	137.20895437897323
1.96311428E8	132.958164537239
1.97607213E8	131.33660353450512
1.98902998E8	131.0785134099617
2.00198783E8	133.16604798312682
2.01494568E8	131.74330635041704
2.02790353E8	129.43566782443952
2.04086138E8	131.46544447231523
2.048918285E8	144.34095760902713
2.05539721E8	130.03442528181907
2.06677708E8	128.87615867158672
2.07973493E8	129.42770812731825
2.09269278E8	131.35484381380155
2.10565063E8	138.3241689939852
2.11860848E8	137.03251646039942
2.13156633E8	138.26495444636967
2.14452418E8	133.35039082855653
2.15748203E8	131.16272351199223
2.17043988E8	133.28331774432007
2.18339773E8	132.78004219908502
2.19635558E8	128.7603227193404
2.20931343E8	130.48412222070658
2.22227128E8	130.2026650402898
2.23522913E8	143.22216653358026
2.24661752E8	161.5871569111384
2.253096445E8	139.94939415538133
2.26114483E8	131.68126476126082
2.27410268E8	133.39858066876485
2.28706053E8	131.46615147301313
2.30001838E8	137.141817710191
2.31297623E8	136.90227206136964
2.32593408E8	132.93885324174397
2.33889193E8	132.66947995963704
2.35184978E8	132.31239288284164
2.36480763E8	139.13080703743205
2.37776548E8	163.2008083102308
2.39072333E8	162.34993706167955
2.3993507E8	217.7753206261451
2.405829625E8	151.92473607786192
2.41663903E8	130.5260026481759
2.42959688E8	132.00210509556956
2.44255473E8	129.78186568464008
2.45551258E8	130.70358722201823
2.46847043E8	128.98870558081725
2.48142828E8	128.9644371190354
2.49438613E8	128.8327008386156
2.50734398E8	129.21308155543318
2.52030183E8	132.16137184597613
2.52917981E8	129.23392707356786
2.535658735E8	128.9917418939385
2.54621753E8	128.56541325390916
2.55917538E8	128.32799381275214
2.57213323E8	129.8168711076287
2.58509108E8	129.8969369342937
2.59804893E8	130.02389984539386
2.61100678E8	130.01004553010046
2.62396463E8	130.8237735764022
2.63692248E8	129.16479325980941
2.64988033E8	134.66207841227322
2.6590749E8	150.33782329243166
2.665553825E8	130.18381717459374
2.67579603E8	129.10226011484366
2.68875388E8	131.6955161020949
2.70171173E8	136.64098004597935
2.71466958E8	129.6847495442014
2.72762743E8	129.4580425307515
2.74058528E8	132.15221905885062
2.75354313E8	129.01639725314428
2.76650098E8	129.51269261921118
2.77945883E8	131.67663968187563
2.79241668E8	131.45520108936248
2.80537453E8	142.6937416925532
2.81833238E8	169.2750983135446
2.827405855E8	153.08601975026525
2.83388478E8	133.44863378552512
2.84424808E8	129.03542422963275
2.85720593E8	132.46781664008245
2.87016378E8	129.7732354345943
2.88312163E8	129.49924679658352
2.88994987E8	141.90449866565
2.896428795E8	128.93141736063282
2.90903733E8	131.91432322796842
2.92199518E8	130.91013907967033
2.93495303E8	133.14232242890202
2.94791088E8	128.91672472174068
2.96086873E8	131.48868293512456
2.97382658E8	131.07642662357338
2.98678443E8	130.25966328920637
2.99974228E8	129.67611612069237
3.01270013E8	130.5797227787844
3.02565798E8	131.08125929199983
3.03861583E8	131.39714984618806
3.05157368E8	129.53694146871604
3.063483E8	133.06107894134198
3.069961925E8	166.0261862917399
3.07748938E8	141.1297110536146
3.09044723E8	131.99559538065546
3.10340508E8	132.0510032409223
3.11636293E8	135.26541438718644
3.12932078E8	134.64729871492264
3.14227863E8	133.09385001427432
3.15523648E8	132.2605662620082
3.16819433E8	131.50377349813752
3.18115218E8	130.02279763697828
3.19411003E8	133.00607732377958
3.20706788E8	131.83714471216274
3.22002573E8	130.65238697919304
3.23298358E8	128.50781428496987
3.24594143E8	130.6294316814506
3.25889928E8	132.83569788822038
3.27185713E8	129.2105027495816
3.27857521E8	141.15715948777648
3.285054135E8	132.68554139453929
3.29777283E8	137.29310461802885
3.31073068E8	138.3637041763654
3.32368853E8	133.5230115215162
3.33664638E8	130.1843709578767
3.34960423E8	128.95037877239847
3.36256208E8	128.57348174943252
3.37381195E8	130.1493718280608
3.380290875E8	132.3885087542765
3.38847778E8	130.80631305004826
3.40143563E8	129.4048835384874
3.41439348E8	129.94189104334566
3.42735133E8	131.40773503965193
3.44030918E8	133.71153771542527
3.45326703E8	130.16472243234995
3.46622488E8	130.4354190017802
3.47918273E8	131.3460715686391
3.49214058E8	146.5027122930092
3.50509843E8	152.54412656928176
3.51805628E8	136.65635772252298
3.53101413E8	131.04350926979052
3.54397198E8	130.90832995008716
3.55692983E8	128.85065258645406
3.56988768E8	130.50178042307593
3.58284553E8	135.9261617288961
3.59580338E8	130.93935148539126
3.60876123E8	129.38546177003633
3.62171908E8	129.82401680476136
3.63467693E8	130.8674960761444
3.64763478E8	129.30660077828614
3.66059263E8	129.60248428092274
3.67355048E8	128.92935718508238
3.68650833E8	129.80474957051354
3.69946618E8	130.6423970651462
3.71242403E8	130.58925788274786
3.72538188E8	132.2569115855467
3.73833973E8	128.73454066005763
3.75129758E8	132.5195065129317
3.76425543E8	130.37433857081845
3.77721328E8	130.94681329035242
3.79017113E8	133.84680150086942
3.80312898E8	131.86024779984848
3.81608683E8	141.0221096331904
3.826133825E8	152.91672664684714
3.83261275E8	132.17394383544772
3.84200253E8	128.99563458497298
3.85496038E8	130.2810548842819
3.86791823E8	130.5732953669188
3.88087608E8	129.39446703334426
3.89383393E8	130.2184521448575
3.90679178E8	129.77882704621499
3.91974963E8	131.43465151515153
3.93270748E8	131.23418440475552
3.94566533E8	141.59036264597077
3.95282991E8	175.33290148448043
3.959308835E8	128.901645869144
3.97158103E8	129.6367395299352
3.98453888E8	130.50132630258992
3.99749673E8	130.35980466316633
4.01045458E8	130.1353798801231
4.02341243E8	129.706744571181
4.03637028E8	136.75913386793223
4.04932813E8	129.8782965041723
4.06228598E8	128.95360427776404
4.07524383E8	128.24312884242366
4.08820168E8	129.77842635501887
4.10115953E8	129.36301568226682
4.11411738E8	129.1271049436253
4.12707523E8	130.7978636098904
4.14003308E8	133.73734229846278
4.15299093E8	139.28203198857827
4.163708735E8	163.012778587424
4.17018766E8	216.67556732411097
4.17890663E8	133.35802962165542
4.19186448E8	129.96992947554617
4.20482233E8	129.63035667434335
4.21778018E8	130.41465070329596
4.23073803E8	132.70553052183803
4.24369588E8	129.96809016791002
4.25665373E8	130.07611178677374
4.26961158E8	130.2224140183623
4.28256943E8	129.31457345971563
4.29552728E8	129.9532190965058
4.30848513E8	129.19674617809767
4.31516605E8	146.26223776223776
4.321644975E8	130.74577112387203
4.33440083E8	128.29971236436492
4.34735868E8	132.50087655639723
4.36031653E8	134.38563729840806
4.37327438E8	130.1139219420225
4.38623223E8	131.13814651460578
4.39919008E8	129.86915482072612
4.41214793E8	132.6339804430983
4.42510578E8	131.72807020892424
4.43806363E8	130.0414569541501
4.45102148E8	129.88623994869934
4.46397933E8	135.13494574083268
4.47425501E8	152.31766438534177
4.480733935E8	134.5278926569249
4.483827055E8	132.80948776179662
4.49030598E8	137.25344526362338
4.499319315E8	138.7416713886555
4.50579824E8	131.38709677419354
4.51581073E8	136.2853664350906
4.52876858E8	130.15317445630197
4.53667065E8	136.1447039652363
4.543149575E8	128.80316028495565
4.55468428E8	129.09780237565795
4.56764213E8	129.27487864598996
4.58059998E8	128.888603988604
4.59355783E8	129.76165017495015
4.60651568E8	130.15896013095468
4.61947353E8	130.31091868966888
4.63243138E8	131.41173027039576
4.64538923E8	129.98021673283097
4.65834708E8	129.63910782104446
4.67130493E8	130.82639339030064
4.68426278E8	144.34878722954028
4.69366408E8	160.59075359202424
4.700143005E8	140.12039562727745
4.71017848E8	140.52349172450613
4.71975054E8	204.4529497245251
4.726229465E8	137.36646276244156
4.73609418E8	173.9443591002097
4.74905203E8	142.95052970028186
4.755987145E8	147.755625
4.76246607E8	135.7147709072764
4.77496773E8	134.75994959757926
4.78792558E8	130.338560868078
4.80088343E8	128.86635081924567
4.81384128E8	130.93696288169684
4.82679913E8	128.16360289195342
4.83975698E8	128.67015701195007
4.852572955E8	128.64872116447665
4.85905188E8	130.12612612612614
4.86567268E8	133.79047447154127
4.87863053E8	137.71530185332813
4.89158838E8	136.0337594490838
4.90454623E8	134.64559135440865
4.91700403E8	163.97683647396997
4.923482955E8	143.44150943396227
4.925441915E8	147.49087698646264
4.929015525E8	143.17730844793712
4.93403554E8	127.74200971844823
4.93973308E8	130.16053311665596
4.945061635E8	149.56506147540983
4.947974455E8	148.7283950617284
4.948641445E8	188.62275449101796
4.949130395E8	163.56112576956903
4.949613775E8	148.79273827534038
4.95637763E8	129.92522598807926
4.96933548E8	129.16774800247404
4.98229333E8	132.98705776561647
4.99525118E8	128.8900467696904
5.00820903E8	129.05464133703998
5.02116688E8	129.2137477590126
5.03412473E8	129.59387174142066
5.04708258E8	128.90692209854632
5.06004043E8	128.8629375172728
5.068300475E8	184.15590200445433
5.07046431E8	176.30165289256198
5.075162115E8	138.37394251383236
5.08595613E8	138.93193430334318
5.09394463E8	143.61433648415496
5.09558625E8	132.98882681564245
5.09782506E8	146.59663191659985
5.100195405E8	134.61247456003832
5.10081722E8	160.07339449541286
5.10135615E8	156.04147465437788
5.10179006E8	161.3278955954323
5.10233933E8	147.11421238370227
5.102835675E8	147.5659116227256
5.104214435E8	148.80613940756672
5.11187183E8	156.0442363629119
5.118561555E8	241.1164990689013
5.119215395E8	129.30702389572772
5.1209098E8	167.67760031164784
5.12231347E8	178.4041095890411
5.12310146E8	129.9419795221843
5.12398605E8	161.84848484848484
5.124567305E8	175.5814343163539
5.12542629E8	161.0737704918033
5.127252515E8	148.33076923076922
5.129500155E8	151.15634218289085
5.130878405E8	138.4224049331963
5.132923045E8	141.09646873150524
5.136583155E8	139.0341827221877
5.138690625E8	262.9090143218197
5.139023725E8	164.4451261077028
5.139981215E8	145.61927330173776
5.14088033E8	160.7511111111111
5.141249995E8	234.96601116775918
5.141544165E8	207.79807692307693
5.141882735E8	193.61352657004832
5.14281314E8	193.08759124087592
5.143869105E8	165.66266025641025
5.14423113E8	243.54023361453602
5.14483298E8	151.15725388601035
5.14615887E8	236.8716915995397
5.147441605E8	211.79611650485438
5.14844255E8	154.5693779904306
5.14940516E8	158.2438176197836
5.15012286E8	140.37655222790357
5.15060344E8	147.44588464031108
5.150996795E8	166.97090352220522
5.151326615E8	163.00462962962962
5.151695615E8	165.6676646706587
5.152081945E8	136.52267002518892
5.15256619E8	150.64423628369337
5.15314079E8	158.06101694915253
5.1537088E8	146.41747572815535
5.154238215E8	155.42962962962963
5.15472866E8	119.55675675675676
5.155121725E8	149.43478260869566
5.15560092E8	137.22077253218885
5.156340715E8	147.8139534883721
5.156959805E8	170.07861060329068
5.157193255E8	0.0
5.157506895E8	165.86259541984734
5.158166715E8	171.71044133476857
5.15874254E8	144.52293577981652
5.159119395E8	150.28247048138056
5.15959596E8	164.45197407189158
5.160150495E8	159.1565934065934
5.160617535E8	161.84444444444443
5.1610713E8	142.19910846953937
5.16146481E8	143.12756933115824
5.16178775E8	145.05181347150258
5.16203849E8	138.07142857142858
5.16227397E8	141.4211956521739
5.162685295E8	139.36036036036037
5.16317801E8	153.63395638629282
5.163639385E8	138.23615199357775
5.164137005E8	183.4400373308446
5.16450672E8	145.23785065191623
5.164757385E8	148.72231270358307
5.16505266E8	149.74264705882354
5.165415295E8	157.1442246330568
5.16580565E8	156.20909090909092
5.16615245E8	158.4491817398794
5.166519655E8	203.8860103626943
5.166846265E8	142.63289630512514
5.167171235E8	160.2196261682243
5.16777769E8	149.8404255319149
5.16832527E8	229.21849036591834
5.1685184E8	152.94117647058823
5.168787715E8	160.6421875
5.16916029E8	146.7298387096774
5.16942193E8	143.51724137931035
5.169660295E8	222.32256461232603
5.169994195E8	191.63297872340425
5.170345315E8	187.06832298136646
5.170564195E8	143.44796380090497
5.170715845E8	250.7217598097503
5.17090983E8	244.4655319148936
5.1712033E8	137.37324083250743
5.17153328E8	158.45
5.17182031E8	173.4090909090909
5.172378615E8	211.9230581636386
5.17335604E8	215.92592592592592
5.174033285E8	258.49081364829397
5.174268315E8	212.84304584304584
5.174568515E8	212.75043202764977
5.17492389E8	264.47200287150037
5.17517305E8	153.04347826086956
5.175347415E8	143.85164835164835
5.17562062E8	175.40616966580976
5.175836005E8	164.69230769230768
5.17594288E8	98.5925925925926
5.176077215E8	148.4647201946472
5.176190685E8	105.94444444444444
5.176349185E8	131.5936507936508
5.17652402E8	147.3450704225352
5.17665036E8	127.46969696969697
5.17679484E8	186.93333333333334
5.17702074E8	129.99074074074073
5.17734436E8	138.096018735363
5.177716725E8	136.96946564885496
5.178135525E8	152.62745098039215
5.178529185E8	153.92105263157896
5.17884688E8	143.9353312302839
5.179137355E8	145.02285714285713
5.17949794E8	120.55555555555556
5.17992536E8	124.97087378640776
5.18030702E8	136.22834645669292
5.18067214E8	149.92153589315527
5.18090915E8	172.41666666666666
5.18109954E8	162.125
5.181435165E8	152.54
5.181744835E8	133.80851063829786
5.182098795E8	126.83673469387755
5.18249436E8	161.97628865979382
5.18281293E8	136.6378600823045
5.183048805E8	157.47727272727272
