# Position (bp)	A	C	G	T	N
0.0	36.00348563412534	22.94983583262996	10.404366758126402	30.63970704664099	0.0026047284773097258
1.0	35.34864362005722	24.69145009260216	8.228936490045067	31.668791287257065	0.062178510038489565
2.0	37.949251304017395	23.09298175979178	8.424238398546185	30.530872322512504	0.0026562151321362815
3.0	33.07174370077217	25.705617470704805	9.037038767503276	32.18079381280775	0.0048062482120018474
4.0	47.22953846208816	12.373664310558768	8.23765138177589	32.15380053829235	0.00534530728482446
5.0	47.90586033635723	12.098976803847668	7.59447078486542	32.397095452945535	0.003596621984149033
6.0	46.393462182388284	12.086440113557973	8.283252429602515	33.22792257513767	0.008922699313556345
7.0	45.78844808441171	12.45328439016061	8.108943429205496	33.64562015868039	0.003703937541799565
8.0	44.19298582785783	12.458186788149698	8.848752691123703	34.47909046926066	0.02098422360810512
9.0	43.426718008249054	12.76673762602925	8.989501077069804	34.81375682723898	0.0032864614129047218
10.0	42.70643397461182	12.809432469303314	9.236128977221572	35.238638970254	0.009365608609293223
11.0	42.57720371163945	12.39040243594654	9.338821281397136	35.65428329081507	0.039289280201801884
12.0	42.020862491787106	12.678666291182145	9.528990652765303	35.76914133323712	0.0023392310283245955
13.0	41.87487239218697	12.505601034675815	9.771389823688727	35.845729283094485	0.0024074663539983437
14.0	41.74327560405601	12.270292134411036	9.915751580289822	36.06832035929596	0.0023603219471692084
15.0	41.34554057519973	12.442473433289319	10.174769774941659	36.034486183221205	0.0027300333480924275
16.0	41.33312732881739	12.239161317875245	10.298136762475226	36.124431508239766	0.005143082592373169
17.0	41.16711326273773	11.931960298801748	10.325258443467114	36.573282239879404	0.002385755114011242
18.0	40.95241453243213	11.876481877423277	10.725762585903468	36.443045195692775	0.002295808548350392
19.0	40.626486018066906	12.022192832509285	10.703674810982875	36.64532695768917	0.0023193807517649595
20.0	40.751076019915615	11.757072446689316	10.859236188511632	36.63020100278818	0.002414342095252917
21.0	40.696877232234094	12.025385781819987	10.913358006448307	36.361979464030995	0.002399515466611062
22.0	40.529895744306714	11.86581948246765	10.98326518494733	36.618619989212355	0.0023995990659554435
23.0	40.67880676712663	11.663247456720322	11.063503822862986	36.59116623193357	0.0032757213564953225
24.0	40.50916945167189	11.809410721209519	11.165519420244316	36.507637976705134	0.008262430169141072
25.0	40.54619623437515	11.674193899285944	11.206762808719276	36.57057605293441	0.002271004685212969
26.0	40.55000114211193	11.477583246974758	11.196284274581975	36.77335564132458	0.0027756950067567665
27.0	40.17061519795817	11.553637587357496	11.253584918676639	37.01396289445602	0.00819940155167158
28.0	40.1635509263579	11.508983680080927	11.268336175179765	37.056981688290215	0.0021475300911947414
29.0	39.88937698152164	11.408586794756609	11.284431225169826	37.41470853600734	0.0028964625445833153
30.0	39.962117098868625	11.475810194347305	11.2986851561251	37.2610071415378	0.0023804091211764213
31.0	39.75852242180151	11.63476288546324	11.283309475714235	37.321054738168854	0.0023504788521580286
32.0	39.744375462172684	11.532405226154282	11.273608087847864	37.447561419302296	0.002049804522876287
33.0	39.75233815302662	11.449529864177462	11.253540731849503	37.541850548284685	0.002740702661733642
34.0	39.60989327318636	11.410833147278556	11.334625325559088	37.63336842730147	0.011279826674536357
35.0	39.736142599123426	11.22688847602898	11.25515851211004	37.778586391246726	0.003224021490823602
36.0	39.48577509476824	11.410333333646454	11.269332853011209	37.82333305104829	0.011225667525812302
37.0	39.426370652244344	11.36911452675364	11.268929160360136	37.90458793805734	0.03099772258454319
38.0	39.31538582162116	11.26896483160925	11.26057277510865	38.15299817678618	0.0020783948747592072
39.0	39.15895041096458	11.265263990316821	11.296478178222317	38.26742508666581	0.011882333830479111
40.0	39.32990915424391	11.300233268161373	11.231682815185179	38.136451207450364	0.001723554959171023
41.0	39.30693367031219	11.134820355685456	11.169190615624697	38.387183466370864	0.001871892006791359
42.0	39.136566360408096	11.177830565051657	11.14616345107388	38.537327607476094	0.0021120159902674506
43.0	39.12403024501434	11.206375931209376	11.17791745061877	38.48961251378141	0.0020638593761065746
44.0	39.035140771990626	11.115227224619908	11.080223166473994	38.767611636078335	0.0017972008371371524
45.0	38.85507748754345	11.188512385613844	11.14572328238052	38.80875520666754	0.0019316377946434818
46.0	38.86998570926157	11.166114198305916	11.106827276924465	38.855231708279106	0.0018411072289387612
47.0	38.841239928488676	11.044057574540345	11.056574134881004	39.05630600833308	0.001822353756898135
48.0	38.75078528467466	11.125348348918902	11.171368582907014	38.95074573132393	0.0017520521754954893
49.0	38.89444345656533	11.1324176879361	11.171419471650635	38.79944014914604	0.002279234701901549
50.0	38.82337429351187	11.062934974972261	11.152911053992435	38.95883363565631	0.0019460418671231842
51.0	38.73152947219237	11.127302799344738	11.231898049166494	38.90646132253377	0.002808356762615511
52.0	38.771599747679254	11.202751456046782	11.143181845669712	38.87627631206874	0.006190638535513505
53.0	38.871203014259514	10.9028417819746	11.076553892175776	39.14736264395368	0.002038667636430375
54.0	38.761074939943846	11.021462887857112	11.11232173967688	39.10249290763764	0.0026475248845239073
55.0	38.63977889788012	11.003737485838604	11.15918613718504	39.19529885449698	0.0019986245992476524
56.0	38.572643151411626	10.886845633380632	11.08546691762115	39.45312326694533	0.0019210306412576973
57.0	38.420657520856274	10.980583776338014	11.178204437633392	39.41860357800038	0.001950687171948492
58.0	38.37918426383744	10.999701264919787	11.1814346416484	39.4374298468136	0.002249982780777174
59.0	38.44163630178027	10.904322474604236	11.152503109336099	39.49912436267988	0.002413751599518163
60.0	38.53552430301441	10.958526183837733	11.195423162840413	39.29021688896883	0.02030946133861312
61.0	38.41211230371675	11.057691902683942	11.195058590130238	39.33251847000152	0.0026187334675585056
62.0	38.46114729677126	10.96607560278291	11.150189483036334	39.420432548788945	0.0021550686205523465
63.0	38.49070122589222	10.889935172345103	11.163924355893792	39.453275493084774	0.002163752784120511
64.0	38.45228792035755	10.898443792681435	11.19652463660703	39.45000822830983	0.0027354220441590505
65.0	38.40462203997133	10.762483765346726	11.17429915432319	39.65637270685942	0.0022223334993356236
66.0	38.25075792963802	10.83137179498479	11.270380201934696	39.64444819051696	0.0030418829255309037
67.0	38.24170999763561	10.864178000413641	11.260045959360172	39.62963697116021	0.004429071430365765
68.0	38.24126507358429	10.833301360259624	11.29183897670272	39.62097986210294	0.012614727350416965
69.0	38.07860481963526	10.823423520127516	11.386758235072861	39.70874858605302	0.0024648391113407716
70.0	38.05952815788383	10.926645698844137	11.384687250132574	39.623942914007685	0.005195979131768224
71.0	38.18269322354072	10.808330938769798	11.332686864482252	39.6512255922216	0.02506338098562974
72.0	38.00712579583555	10.928905117932116	11.322380261409528	39.71872712518555	0.02286169963725509
73.0	38.010910506047594	10.834724075001102	11.326889487027856	39.806199694429154	0.02127623749429923
74.0	38.07044868390918	10.731813671831507	11.34044187360205	39.85456241793265	0.002733352724612121
75.0	38.04270118554554	10.734128338651933	11.369755407670853	39.83911846095366	0.014296607178012
76.0	37.96853521390242	10.745889662158065	11.405304938684537	39.87787410777484	0.0023960774801341997
77.0	37.989213015444705	10.636756725986354	11.40552607677956	39.95882076549061	0.009683416298771699
78.0	37.837413218349944	10.680874108513837	11.513205965271991	39.95838829546158	0.01011841240264345
79.0	37.70135284314758	10.76151099904189	11.548845533553912	39.94443013399011	0.04386049026650358
80.0	37.770081710131706	10.746720755242048	11.528514468266197	39.94797717892588	0.006705887434171934
81.0	37.69283997926751	10.737145551656475	11.51013797169774	40.05719463598149	0.002681861396786139
82.0	37.704524781867335	10.699992534197305	11.504263028145406	40.08362140512618	0.007598250663777455
83.0	37.786379209186144	10.595167362201426	11.508818791302586	40.10455386610886	0.005080771200987211
84.0	37.72558507536062	10.702027765079432	11.516318058780362	40.05301250095039	0.0030565998291980393
85.0	37.82963006230569	10.569152931593747	11.53550037442649	40.06392881928743	0.001787812386639245
86.0	37.62077705238831	10.568459513215938	11.580929135406425	40.22750056324803	0.002333735741287829
87.0	37.53582063579354	10.569602277663034	11.640263502965322	40.25223111502771	0.0020824685503914057
88.0	37.43026194290973	10.55338859342984	11.697927555519872	40.31666743831596	0.0017544698245999055
89.0	37.49804091222793	10.492169496204585	11.742086659555422	40.26499050577419	0.0027124262378682333
90.0	37.45619050185049	10.510648141596542	11.773101982517304	40.2505044521543	0.009554921881363707
91.0	37.44758359850733	10.524016016067486	11.77704775374596	40.24933988051739	0.0020127511618326993
92.0	37.581707801506745	10.456714574959582	11.77329441594106	40.18623832807956	0.0020448795130545597
93.0	37.505139206181006	10.498154382141148	11.785349092813389	40.20956643660117	0.0017908822632868582
94.0	37.57711114025531	10.43054569010429	11.731441729727182	40.259158299506595	0.00174314040661816
95.0	37.50624820089273	10.38775136932513	11.8022726185395	40.30164057675829	0.002087234484347327
96.0	37.335472770081466	10.382456028819423	11.862273258498519	40.41777372554453	0.0020242170560634894
97.0	37.23583855631877	10.430756868568011	11.842773404150694	40.48870791039656	0.001923260565962889
98.0	37.05633684228153	10.43347341192464	11.9573996680368	40.54837717085516	0.004412906901865792
99.0	36.977241692939536	10.519299418541816	12.000041678251696	40.50087304704995	0.0025441632170014245
100.0	37.08012768451154	10.412764465218965	12.025039141105687	40.48003876636124	0.0020299428025715716
101.0	36.95751259994418	10.375579345413344	12.031675485319772	40.6327151867728	0.0025173825499028276
102.0	37.050259079454925	10.380060964063329	12.052491542792115	40.51530560186832	0.001882811821306509
103.0	37.2319165585237	10.261325575667874	12.087476787866274	40.417392584371306	0.0018884935708453057
104.0	37.25398429391369	10.15368593042608	12.09562754411975	40.49453294435318	0.0021692871872947494
105.0	37.15743773830093	10.173256720613084	12.198314920090384	40.46909168040855	0.0018989405870514285
106.0	36.99676427119394	10.199761821415764	12.216180143890437	40.58514668980972	0.0021470736901419442
107.0	36.8164937247809	10.254632006206608	12.204284652788495	40.722415206166865	0.0021744100571395963
108.0	36.82056381003152	10.145268979152291	12.261307514399398	40.77022922514406	0.0026304712727348387
109.0	36.673038289335395	10.17596095743767	12.33011466606567	40.81886035179157	0.0020257353696996627
110.0	36.72428239465942	10.103513858107128	12.419714662845426	40.749904312414834	0.00258477197319441
111.0	36.62192653309028	10.235273576042593	12.43747969103507	40.69856578752261	0.006754412309442356
112.0	36.59266616267221	10.26507526049013	12.446297037860399	40.69240498696717	0.003556552010090962
113.0	36.52063342636377	10.113263303848198	12.4641261154905	40.852260472383485	0.04971668191404423
114.0	36.43314517009949	10.094996383232873	12.529258268134733	40.913074164422916	0.029526014109984906
115.0	36.315715363176956	10.11814850475509	12.481019334641731	41.08232721927665	0.0027895781495693747
116.0	36.30346027917297	10.15381922372538	12.581577709240873	40.929606398258706	0.03153638960207441
117.0	36.19042318145591	10.025656752741707	12.667294726825173	41.11462415172992	0.002001187247283365
118.0	36.153370478850626	10.17320599571319	12.79588594070223	40.875478995833525	0.002058588900432532
119.0	36.209123890025616	10.019192906498896	12.84222959045186	40.92758930743784	0.0018643055857857885
120.0	36.19872889578886	9.984002037647972	12.775384484766155	41.039535222200655	0.0023493595963516396
121.0	36.27454735011924	10.00204485209685	12.792761398382405	40.92700626476158	0.00364013463992624
122.0	36.247253303349595	9.81825842890045	12.793389040740816	41.13889858309398	0.0022006439151577165
123.0	36.203016686630086	9.790825478195275	12.910274636535915	41.0739719440029	0.02191125463582698
124.0	36.092331468961575	9.753837462784928	12.885077452731448	41.26594151598135	0.002812099540697708
125.0	35.95804770115672	9.70345097609317	12.975310626831673	41.36036113700913	0.0028295589093103478
126.0	35.712494368021005	9.703829384331561	13.181659449124163	41.38000438335105	0.02201241517221925
127.0	35.83277224380882	9.690521507577037	13.12221386829761	41.351551636903615	0.002940743412916949
128.0	36.02111624600168	9.559983793349605	13.166879321943098	41.250213684655286	0.0018069540503238347
129.0	35.69762816317556	9.543145522625615	13.349542145215972	41.40797242173224	0.0017117472506156613
130.0	35.771304881629604	9.604149238909535	13.194030997221754	41.42866104743393	0.0018538348051767503
131.0	35.934376491040396	9.3620906228122	13.329288819986626	41.37239035484521	0.00185371131556871
132.0	35.85311977334788	9.331670611334598	13.294790008637916	41.51850065408807	0.0019189525915381674
133.0	35.78076362045978	9.26015731360492	13.382054449946867	41.57430033166899	0.002724284319442806
134.0	35.59190748594588	9.074874406905877	13.537562812778583	41.78415431788889	0.011500976480767332
135.0	35.36964021269446	9.043315489058646	13.690493606317528	41.893953337577315	0.002597354352049891
136.0	35.27963811825915	8.92333464674743	13.618700040931946	42.175956431152464	0.0023707629090069355
137.0	35.2034741910208	8.806437341649822	13.774541039098853	42.21360334942719	0.0019440788033374486
138.0	35.12858940341047	8.754377868374066	14.012656689971617	42.09961995909675	0.004756079147096055
139.0	35.0469266690849	8.677954414899522	13.83534871189766	42.407624951170284	0.032145252947637135
140.0	34.84629597966333	8.531676144141514	14.043401923602847	42.55759347134415	0.021032481248152768
141.0	34.692995613391865	8.417399244534355	14.050053264002333	42.832394971030155	0.00715690704129063
142.0	34.50038603515661	8.368090553084793	13.894329503351202	43.196620296594176	0.04057361181322189
143.0	33.971847289136306	8.009600145334625	13.915765735058756	44.100668070510714	0.0021187599596004347
144.0	33.66007519979094	8.081300536009932	13.753628833154933	44.48422728745104	0.02076814359315654
145.0	33.150590672508805	7.770254230269234	13.692999180113933	45.384168237225275	0.001987679882752029
146.0	33.05315015244958	8.06298845447359	14.248943633557424	44.63022560339698	0.004692156122424462
147.0	32.5732089515555	8.497047941987814	22.123426176385642	36.803659524709175	0.0026574053618684686
148.0	31.477677027500217	8.228715357227737	20.160168170689243	40.1283878056617	0.005051638921101076
149.0	32.85101179019703	8.220894750218122	20.745885740658924	38.129355084142766	0.05285263478316464
150.0	31.99768568914948	9.63234837064521	20.092922939287476	38.277043000917836	0.0
