#Coverage	Number of genomic locations
0.0	6.2125234E7
1.0	3762336.0
2.0	1.9110423E7
3.0	3122379.0
4.0	1.2136871E7
5.0	2940327.0
6.0	9488235.0
7.0	2908928.0
8.0	8115783.0
9.0	2922005.0
10.0	7275396.0
11.0	2966670.0
12.0	6691704.0
13.0	2987455.0
14.0	6234458.0
15.0	3008581.0
16.0	5869640.0
17.0	2995242.0
18.0	5554158.0
19.0	2991414.0
20.0	5268083.0
21.0	2968486.0
22.0	5013719.0
23.0	2941398.0
24.0	4788218.0
25.0	2901464.0
26.0	4562882.0
27.0	2860585.0
28.0	4344896.0
29.0	2801600.0
30.0	4147148.0
31.0	2742816.0
32.0	3958198.0
33.0	2674304.0
34.0	3785150.0
35.0	2614185.0
36.0	3617411.0
37.0	2543337.0
38.0	3446500.0
39.0	2467618.0
40.0	3302096.0
41.0	2400668.0
42.0	3143324.0
43.0	2331603.0
44.0	3006987.0
45.0	2259134.0
46.0	2876638.0
47.0	2190822.0
48.0	2743308.0
49.0	2117054.0
50.0	2625698.0
51.0	2046444.0
52.0	2511611.0
53.0	1972916.0
54.0	2394064.0
55.0	1900070.0
56.0	2289118.0
57.0	1829093.0
58.0	2179996.0
59.0	1761696.0
60.0	2087552.0
61.0	1698622.0
62.0	1994214.0
63.0	1633266.0
64.0	1903615.0
65.0	1570676.0
66.0	1813935.0
67.0	1506561.0
68.0	1738757.0
69.0	1450259.0
70.0	1662845.0
71.0	1396237.0
72.0	1586830.0
73.0	1344341.0
74.0	1513417.0
75.0	1291055.0
76.0	1444638.0
77.0	1234120.0
78.0	1380701.0
79.0	1187617.0
80.0	1312238.0
81.0	1137491.0
82.0	1255197.0
83.0	1090682.0
84.0	1199417.0
85.0	1046421.0
86.0	1146184.0
87.0	1002293.0
88.0	1090703.0
89.0	957436.0
90.0	1041104.0
91.0	920833.0
92.0	994850.0
93.0	879434.0
94.0	948705.0
95.0	840790.0
96.0	901449.0
97.0	803210.0
98.0	860338.0
99.0	768445.0
100.0	817805.0
101.0	736325.0
102.0	782000.0
103.0	701975.0
104.0	745464.0
105.0	671526.0
106.0	712293.0
107.0	639227.0
108.0	680185.0
109.0	611638.0
110.0	647616.0
111.0	583957.0
112.0	615772.0
113.0	559436.0
114.0	586450.0
115.0	535186.0
116.0	557694.0
117.0	511109.0
118.0	530242.0
119.0	487739.0
120.0	505571.0
121.0	465498.0
122.0	479395.0
123.0	440628.0
124.0	456043.0
125.0	422493.0
126.0	434448.0
127.0	402179.0
128.0	414497.0
129.0	383380.0
130.0	394355.0
131.0	365671.0
132.0	376894.0
133.0	347879.0
134.0	357825.0
135.0	333054.0
136.0	340073.0
137.0	316057.0
138.0	322614.0
139.0	301728.0
140.0	306922.0
141.0	287181.0
142.0	292468.0
143.0	272861.0
144.0	277794.0
145.0	259390.0
146.0	264467.0
147.0	246971.0
148.0	252079.0
149.0	235675.0
150.0	240039.0
151.0	224617.0
152.0	228063.0
153.0	214118.0
154.0	217906.0
155.0	204060.0
156.0	206041.0
157.0	194155.0
158.0	195655.0
159.0	184420.0
160.0	185249.0
161.0	174892.0
162.0	176947.0
163.0	166949.0
164.0	168300.0
165.0	158125.0
166.0	160051.0
167.0	149789.0
168.0	151370.0
169.0	143515.0
170.0	143448.0
171.0	135458.0
172.0	136854.0
173.0	128599.0
174.0	129472.0
175.0	123645.0
176.0	124554.0
177.0	117044.0
178.0	117652.0
179.0	111301.0
180.0	112247.0
181.0	106280.0
182.0	106271.0
183.0	100797.0
184.0	100901.0
185.0	96022.0
186.0	96071.0
187.0	91946.0
188.0	91342.0
189.0	86833.0
190.0	87049.0
191.0	83054.0
192.0	82694.0
193.0	78723.0
194.0	79369.0
195.0	74405.0
196.0	74934.0
197.0	71275.0
198.0	71421.0
199.0	67876.0
200.0	67668.0
201.0	64820.0
202.0	63808.0
203.0	61410.0
204.0	60993.0
205.0	58385.0
206.0	57547.0
207.0	55426.0
208.0	55122.0
209.0	53018.0
210.0	52278.0
211.0	50025.0
212.0	50147.0
213.0	47963.0
214.0	47827.0
215.0	46237.0
216.0	45144.0
217.0	43395.0
218.0	42978.0
219.0	41765.0
220.0	41253.0
221.0	39906.0
222.0	39560.0
223.0	37845.0
224.0	37895.0
225.0	36118.0
226.0	36257.0
227.0	34280.0
228.0	34476.0
229.0	32808.0
230.0	32981.0
231.0	31623.0
232.0	31262.0
233.0	30372.0
234.0	30218.0
235.0	28848.0
236.0	28848.0
237.0	27900.0
238.0	27595.0
239.0	26640.0
240.0	26772.0
241.0	25647.0
242.0	25185.0
243.0	24469.0
244.0	23987.0
245.0	23256.0
246.0	22661.0
247.0	22418.0
248.0	21922.0
249.0	21330.0
250.0	20709.0
251.0	20517.0
252.0	19954.0
253.0	19493.0
254.0	19420.0
255.0	18758.0
256.0	18493.0
257.0	18288.0
258.0	17935.0
259.0	17512.0
260.0	17449.0
261.0	16961.0
262.0	16408.0
263.0	16056.0
264.0	15818.0
265.0	15578.0
266.0	15384.0
267.0	15002.0
268.0	14829.0
269.0	14291.0
270.0	14259.0
271.0	13807.0
272.0	13720.0
273.0	13039.0
274.0	13096.0
275.0	12837.0
276.0	12627.0
277.0	12291.0
278.0	12116.0
279.0	11776.0
280.0	11562.0
281.0	11321.0
282.0	11236.0
283.0	11060.0
284.0	11041.0
285.0	10512.0
286.0	10358.0
287.0	10246.0
288.0	10068.0
289.0	9783.0
290.0	9550.0
291.0	9324.0
292.0	9296.0
293.0	9198.0
294.0	9188.0
295.0	9072.0
296.0	8882.0
297.0	8653.0
298.0	8611.0
299.0	8202.0
300.0	8287.0
301.0	7987.0
302.0	7981.0
303.0	7776.0
304.0	7799.0
305.0	7610.0
306.0	7444.0
307.0	7383.0
308.0	7311.0
309.0	6986.0
310.0	7198.0
311.0	6959.0
312.0	6884.0
313.0	6941.0
314.0	6558.0
315.0	6354.0
316.0	6619.0
317.0	6156.0
318.0	6364.0
319.0	6151.0
320.0	6105.0
321.0	6054.0
322.0	5994.0
323.0	5723.0
324.0	5822.0
325.0	5650.0
326.0	5669.0
327.0	5338.0
328.0	5420.0
329.0	5185.0
330.0	5363.0
331.0	5251.0
332.0	5343.0
333.0	5115.0
334.0	5006.0
335.0	4824.0
336.0	4906.0
337.0	4768.0
338.0	4700.0
339.0	4792.0
340.0	4560.0
341.0	4601.0
342.0	4355.0
343.0	4425.0
344.0	4376.0
345.0	4300.0
346.0	4325.0
347.0	4089.0
348.0	4056.0
349.0	4016.0
350.0	4150.0
351.0	4053.0
352.0	3979.0
353.0	3811.0
354.0	3869.0
355.0	3828.0
356.0	3748.0
357.0	3675.0
358.0	3558.0
359.0	3521.0
360.0	3405.0
361.0	3467.0
362.0	3299.0
363.0	3527.0
364.0	3364.0
365.0	3264.0
366.0	3170.0
367.0	3227.0
368.0	3129.0
369.0	3094.0
370.0	3080.0
371.0	3012.0
372.0	3014.0
373.0	2960.0
374.0	3037.0
375.0	2903.0
376.0	2947.0
377.0	2842.0
378.0	2768.0
379.0	2790.0
380.0	2739.0
381.0	2620.0
382.0	2518.0
383.0	2638.0
384.0	2591.0
385.0	2595.0
386.0	2397.0
387.0	2477.0
388.0	2394.0
389.0	2381.0
390.0	2382.0
391.0	2490.0
392.0	2315.0
393.0	2378.0
394.0	2416.0
395.0	2334.0
396.0	2184.0
397.0	2212.0
398.0	2225.0
399.0	2197.0
400.0	2055.0
401.0	2122.0
402.0	2065.0
403.0	2106.0
404.0	2084.0
405.0	2028.0
406.0	2054.0
407.0	2059.0
408.0	1978.0
409.0	1890.0
410.0	1959.0
411.0	1907.0
412.0	1970.0
413.0	1842.0
414.0	1871.0
415.0	1906.0
416.0	1872.0
417.0	1928.0
418.0	1757.0
419.0	1807.0
420.0	1758.0
421.0	1690.0
422.0	1707.0
423.0	1649.0
424.0	1642.0
425.0	1670.0
426.0	1551.0
427.0	1583.0
428.0	1531.0
429.0	1579.0
430.0	1564.0
431.0	1502.0
432.0	1522.0
433.0	1519.0
434.0	1528.0
435.0	1456.0
436.0	1383.0
437.0	1470.0
438.0	1424.0
439.0	1427.0
440.0	1351.0
441.0	1457.0
442.0	1335.0
443.0	1414.0
444.0	1396.0
445.0	1350.0
446.0	1325.0
447.0	1429.0
448.0	1301.0
449.0	1342.0
450.0	1294.0
451.0	1286.0
452.0	1320.0
453.0	1277.0
454.0	1241.0
455.0	1247.0
456.0	1194.0
457.0	1166.0
458.0	1160.0
459.0	1133.0
460.0	1186.0
461.0	1128.0
462.0	1139.0
463.0	1165.0
464.0	1146.0
465.0	1087.0
466.0	1123.0
467.0	1088.0
468.0	1120.0
469.0	1095.0
470.0	1074.0
471.0	995.0
472.0	1024.0
473.0	1039.0
474.0	996.0
475.0	984.0
476.0	1022.0
477.0	962.0
478.0	922.0
479.0	997.0
480.0	1011.0
481.0	942.0
482.0	981.0
483.0	948.0
484.0	950.0
485.0	978.0
486.0	976.0
487.0	966.0
488.0	933.0
489.0	1005.0
490.0	862.0
491.0	941.0
492.0	993.0
493.0	873.0
494.0	833.0
495.0	829.0
496.0	859.0
497.0	779.0
498.0	827.0
499.0	860.0
500.0	784.0
501.0	794.0
502.0	843.0
503.0	767.0
504.0	750.0
505.0	761.0
506.0	830.0
507.0	743.0
508.0	740.0
509.0	736.0
510.0	758.0
511.0	778.0
512.0	769.0
513.0	789.0
514.0	691.0
515.0	754.0
516.0	728.0
517.0	690.0
518.0	664.0
519.0	676.0
520.0	643.0
521.0	649.0
522.0	634.0
523.0	673.0
524.0	633.0
525.0	626.0
526.0	672.0
527.0	612.0
528.0	626.0
529.0	674.0
530.0	655.0
531.0	678.0
532.0	670.0
533.0	654.0
534.0	621.0
535.0	561.0
536.0	606.0
537.0	642.0
538.0	586.0
539.0	611.0
540.0	634.0
541.0	592.0
542.0	564.0
543.0	618.0
544.0	622.0
545.0	604.0
546.0	589.0
547.0	565.0
548.0	606.0
549.0	527.0
550.0	570.0
551.0	559.0
552.0	553.0
553.0	518.0
554.0	523.0
555.0	524.0
556.0	511.0
557.0	461.0
558.0	505.0
559.0	535.0
560.0	505.0
561.0	507.0
562.0	483.0
563.0	477.0
564.0	493.0
565.0	458.0
566.0	482.0
567.0	472.0
568.0	458.0
569.0	467.0
570.0	455.0
571.0	439.0
572.0	423.0
573.0	440.0
574.0	448.0
575.0	448.0
576.0	430.0
577.0	415.0
578.0	502.0
579.0	405.0
580.0	444.0
581.0	395.0
582.0	415.0
583.0	422.0
584.0	443.0
585.0	418.0
586.0	412.0
587.0	389.0
588.0	414.0
589.0	370.0
590.0	408.0
591.0	401.0
592.0	433.0
593.0	430.0
594.0	399.0
595.0	379.0
596.0	404.0
597.0	376.0
598.0	411.0
599.0	419.0
600.0	381.0
601.0	373.0
602.0	409.0
603.0	354.0
604.0	360.0
605.0	390.0
606.0	391.0
607.0	389.0
608.0	372.0
609.0	363.0
610.0	375.0
611.0	352.0
612.0	368.0
613.0	351.0
614.0	367.0
615.0	354.0
616.0	343.0
617.0	335.0
618.0	326.0
619.0	332.0
620.0	325.0
621.0	295.0
622.0	342.0
623.0	277.0
624.0	318.0
625.0	320.0
626.0	327.0
627.0	315.0
628.0	310.0
629.0	315.0
630.0	310.0
631.0	340.0
632.0	303.0
633.0	294.0
634.0	303.0
635.0	336.0
636.0	260.0
637.0	298.0
638.0	285.0
639.0	317.0
640.0	304.0
641.0	309.0
642.0	253.0
643.0	282.0
644.0	283.0
645.0	217.0
646.0	252.0
647.0	254.0
648.0	263.0
649.0	243.0
650.0	267.0
651.0	265.0
652.0	238.0
653.0	259.0
654.0	253.0
655.0	257.0
656.0	241.0
657.0	245.0
658.0	260.0
659.0	260.0
660.0	303.0
661.0	243.0
662.0	284.0
663.0	219.0
664.0	226.0
665.0	267.0
666.0	252.0
667.0	234.0
668.0	254.0
669.0	226.0
670.0	236.0
671.0	211.0
672.0	218.0
673.0	200.0
674.0	228.0
675.0	223.0
676.0	243.0
677.0	221.0
678.0	232.0
679.0	232.0
680.0	205.0
681.0	205.0
682.0	246.0
683.0	214.0
684.0	216.0
685.0	207.0
686.0	214.0
687.0	221.0
688.0	199.0
689.0	224.0
690.0	229.0
691.0	197.0
692.0	188.0
693.0	182.0
694.0	191.0
695.0	212.0
696.0	209.0
697.0	186.0
698.0	189.0
699.0	187.0
700.0	180.0
701.0	210.0
702.0	170.0
703.0	152.0
704.0	176.0
705.0	178.0
706.0	172.0
707.0	176.0
708.0	160.0
709.0	158.0
710.0	131.0
711.0	187.0
712.0	140.0
713.0	185.0
714.0	162.0
715.0	174.0
716.0	172.0
717.0	168.0
718.0	184.0
719.0	157.0
720.0	166.0
721.0	164.0
722.0	179.0
723.0	167.0
724.0	164.0
725.0	162.0
726.0	159.0
727.0	178.0
728.0	160.0
729.0	184.0
730.0	160.0
731.0	160.0
732.0	159.0
733.0	166.0
734.0	163.0
735.0	147.0
736.0	155.0
737.0	142.0
738.0	141.0
739.0	129.0
740.0	153.0
741.0	146.0
742.0	136.0
743.0	148.0
744.0	149.0
745.0	144.0
746.0	146.0
747.0	136.0
748.0	170.0
749.0	122.0
750.0	166.0
751.0	149.0
752.0	124.0
753.0	136.0
754.0	146.0
755.0	142.0
756.0	127.0
757.0	134.0
758.0	157.0
759.0	119.0
760.0	125.0
761.0	127.0
762.0	134.0
763.0	117.0
764.0	130.0
765.0	125.0
766.0	130.0
767.0	158.0
768.0	116.0
769.0	132.0
770.0	134.0
771.0	137.0
772.0	109.0
773.0	127.0
774.0	119.0
775.0	134.0
776.0	133.0
777.0	128.0
778.0	134.0
779.0	115.0
780.0	127.0
781.0	127.0
782.0	112.0
783.0	118.0
784.0	108.0
785.0	127.0
786.0	118.0
787.0	122.0
788.0	121.0
789.0	125.0
790.0	117.0
791.0	119.0
792.0	125.0
793.0	128.0
794.0	111.0
795.0	98.0
796.0	129.0
797.0	102.0
798.0	98.0
799.0	91.0
800.0	98.0
801.0	98.0
802.0	87.0
803.0	109.0
804.0	109.0
805.0	104.0
806.0	101.0
807.0	112.0
808.0	95.0
809.0	108.0
810.0	110.0
811.0	118.0
812.0	123.0
813.0	128.0
814.0	122.0
815.0	121.0
816.0	107.0
817.0	104.0
818.0	129.0
819.0	99.0
820.0	97.0
821.0	103.0
822.0	115.0
823.0	133.0
824.0	89.0
825.0	109.0
826.0	100.0
827.0	97.0
828.0	102.0
829.0	101.0
830.0	79.0
831.0	122.0
832.0	91.0
833.0	94.0
834.0	83.0
835.0	97.0
836.0	96.0
837.0	107.0
838.0	92.0
839.0	104.0
840.0	97.0
841.0	96.0
842.0	98.0
843.0	103.0
844.0	90.0
845.0	78.0
846.0	83.0
847.0	109.0
848.0	112.0
849.0	85.0
850.0	107.0
851.0	91.0
852.0	91.0
853.0	92.0
854.0	118.0
855.0	87.0
856.0	116.0
857.0	85.0
858.0	98.0
859.0	102.0
860.0	86.0
861.0	118.0
862.0	99.0
863.0	97.0
864.0	82.0
865.0	72.0
866.0	89.0
867.0	92.0
868.0	100.0
869.0	96.0
870.0	84.0
871.0	90.0
872.0	68.0
873.0	108.0
874.0	99.0
875.0	94.0
876.0	85.0
877.0	89.0
878.0	67.0
879.0	91.0
880.0	80.0
881.0	65.0
882.0	85.0
883.0	80.0
884.0	72.0
885.0	78.0
886.0	83.0
887.0	71.0
888.0	78.0
889.0	69.0
890.0	93.0
891.0	77.0
892.0	85.0
893.0	53.0
894.0	61.0
895.0	64.0
896.0	80.0
897.0	78.0
898.0	77.0
899.0	83.0
900.0	73.0
901.0	70.0
902.0	70.0
903.0	76.0
904.0	96.0
905.0	67.0
906.0	77.0
907.0	75.0
908.0	61.0
909.0	77.0
910.0	66.0
911.0	70.0
912.0	68.0
913.0	72.0
914.0	72.0
915.0	66.0
916.0	69.0
917.0	76.0
918.0	56.0
919.0	73.0
920.0	54.0
921.0	56.0
922.0	68.0
923.0	81.0
924.0	79.0
925.0	63.0
926.0	78.0
927.0	62.0
928.0	68.0
929.0	77.0
930.0	45.0
931.0	59.0
932.0	62.0
933.0	54.0
934.0	56.0
935.0	64.0
936.0	57.0
937.0	59.0
938.0	65.0
939.0	54.0
940.0	51.0
941.0	65.0
942.0	57.0
943.0	58.0
944.0	67.0
945.0	45.0
946.0	55.0
947.0	47.0
948.0	55.0
949.0	58.0
950.0	54.0
951.0	50.0
952.0	63.0
953.0	50.0
954.0	56.0
955.0	55.0
956.0	55.0
957.0	67.0
958.0	86.0
959.0	49.0
960.0	55.0
961.0	52.0
962.0	63.0
963.0	47.0
964.0	42.0
965.0	45.0
966.0	56.0
967.0	52.0
968.0	53.0
969.0	40.0
970.0	47.0
971.0	51.0
972.0	42.0
973.0	48.0
974.0	50.0
975.0	45.0
976.0	48.0
977.0	50.0
978.0	54.0
979.0	50.0
980.0	46.0
981.0	56.0
982.0	44.0
983.0	63.0
984.0	42.0
985.0	45.0
986.0	57.0
987.0	49.0
988.0	51.0
989.0	38.0
990.0	51.0
991.0	40.0
992.0	45.0
993.0	33.0
994.0	47.0
995.0	62.0
996.0	56.0
997.0	48.0
998.0	55.0
999.0	45.0
1000.0	39.0
1001.0	47.0
1002.0	46.0
1003.0	55.0
1004.0	41.0
1005.0	52.0
1006.0	39.0
1007.0	55.0
1008.0	50.0
1009.0	43.0
1010.0	50.0
1011.0	58.0
1012.0	43.0
1013.0	41.0
1014.0	44.0
1015.0	42.0
1016.0	29.0
1017.0	38.0
1018.0	39.0
1019.0	51.0
1020.0	38.0
1021.0	47.0
1022.0	47.0
1023.0	27.0
1024.0	58.0
1025.0	46.0
1026.0	42.0
1027.0	43.0
1028.0	35.0
1029.0	43.0
1030.0	42.0
1031.0	33.0
1032.0	43.0
1033.0	47.0
1034.0	47.0
1035.0	43.0
1036.0	49.0
1037.0	34.0
1038.0	48.0
1039.0	41.0
1040.0	41.0
1041.0	48.0
1042.0	52.0
1043.0	41.0
1044.0	51.0
1045.0	39.0
1046.0	43.0
1047.0	74.0
1048.0	56.0
1049.0	50.0
1050.0	42.0
1051.0	43.0
1052.0	55.0
1053.0	52.0
1054.0	54.0
1055.0	39.0
1056.0	50.0
1057.0	42.0
1058.0	40.0
1059.0	56.0
1060.0	42.0
1061.0	37.0
1062.0	38.0
1063.0	56.0
1064.0	41.0
1065.0	47.0
1066.0	45.0
1067.0	39.0
1068.0	37.0
1069.0	44.0
1070.0	39.0
1071.0	47.0
1072.0	39.0
1073.0	52.0
1074.0	44.0
1075.0	39.0
1076.0	36.0
1077.0	64.0
1078.0	43.0
1079.0	51.0
1080.0	48.0
1081.0	48.0
1082.0	41.0
1083.0	34.0
1084.0	40.0
1085.0	41.0
1086.0	37.0
1087.0	53.0
1088.0	50.0
1089.0	49.0
1090.0	36.0
1091.0	46.0
1092.0	45.0
1093.0	41.0
1094.0	42.0
1095.0	38.0
1096.0	43.0
1097.0	54.0
1098.0	45.0
1099.0	43.0
1100.0	31.0
1101.0	60.0
1102.0	39.0
1103.0	44.0
1104.0	34.0
1105.0	31.0
1106.0	31.0
1107.0	37.0
1108.0	41.0
1109.0	28.0
1110.0	41.0
1111.0	42.0
1112.0	41.0
1113.0	38.0
1114.0	43.0
1115.0	38.0
1116.0	33.0
1117.0	39.0
1118.0	32.0
1119.0	40.0
1120.0	39.0
1121.0	34.0
1122.0	44.0
1123.0	40.0
1124.0	41.0
1125.0	22.0
1126.0	35.0
1127.0	39.0
1128.0	50.0
1129.0	37.0
1130.0	39.0
1131.0	40.0
1132.0	30.0
1133.0	31.0
1134.0	33.0
1135.0	30.0
1136.0	34.0
1137.0	41.0
1138.0	34.0
1139.0	31.0
1140.0	37.0
1141.0	31.0
1142.0	31.0
1143.0	38.0
1144.0	33.0
1145.0	41.0
1146.0	32.0
1147.0	38.0
1148.0	44.0
1149.0	34.0
1150.0	27.0
1151.0	32.0
1152.0	35.0
1153.0	49.0
1154.0	32.0
1155.0	34.0
1156.0	32.0
1157.0	27.0
1158.0	41.0
1159.0	40.0
1160.0	36.0
1161.0	32.0
1162.0	37.0
1163.0	35.0
1164.0	32.0
1165.0	43.0
1166.0	31.0
1167.0	20.0
1168.0	39.0
1169.0	36.0
1170.0	43.0
1171.0	36.0
1172.0	37.0
1173.0	40.0
1174.0	43.0
1175.0	36.0
1176.0	40.0
1177.0	27.0
1178.0	31.0
1179.0	33.0
1180.0	32.0
1181.0	32.0
1182.0	27.0
1183.0	36.0
1184.0	28.0
1185.0	27.0
1186.0	33.0
1187.0	26.0
1188.0	37.0
1189.0	37.0
1190.0	30.0
1191.0	34.0
1192.0	36.0
1193.0	36.0
1194.0	29.0
1195.0	31.0
1196.0	31.0
1197.0	42.0
1198.0	29.0
1199.0	35.0
1200.0	31.0
1201.0	25.0
1202.0	23.0
1203.0	32.0
1204.0	26.0
1205.0	25.0
1206.0	38.0
1207.0	35.0
1208.0	25.0
1209.0	22.0
1210.0	23.0
1211.0	18.0
1212.0	34.0
1213.0	21.0
1214.0	29.0
1215.0	23.0
1216.0	26.0
1217.0	22.0
1218.0	26.0
1219.0	27.0
1220.0	20.0
1221.0	20.0
1222.0	36.0
1223.0	24.0
1224.0	35.0
1225.0	30.0
1226.0	19.0
1227.0	27.0
1228.0	26.0
1229.0	30.0
1230.0	32.0
1231.0	36.0
1232.0	23.0
1233.0	40.0
1234.0	31.0
1235.0	24.0
1236.0	22.0
1237.0	29.0
1238.0	23.0
1239.0	18.0
1240.0	22.0
1241.0	31.0
1242.0	32.0
1243.0	26.0
1244.0	42.0
1245.0	25.0
1246.0	22.0
1247.0	28.0
1248.0	31.0
1249.0	28.0
1250.0	36.0
1251.0	31.0
1252.0	26.0
1253.0	18.0
1254.0	30.0
1255.0	23.0
1256.0	22.0
1257.0	33.0
1258.0	37.0
1259.0	20.0
1260.0	31.0
1261.0	24.0
1262.0	13.0
1263.0	25.0
1264.0	36.0
1265.0	22.0
1266.0	27.0
1267.0	13.0
1268.0	34.0
1269.0	25.0
1270.0	33.0
1271.0	18.0
1272.0	31.0
1273.0	26.0
1274.0	32.0
1275.0	22.0
1276.0	20.0
1277.0	22.0
1278.0	14.0
1279.0	25.0
1280.0	19.0
1281.0	23.0
1282.0	23.0
1283.0	27.0
1284.0	23.0
1285.0	26.0
1286.0	20.0
1287.0	21.0
1288.0	19.0
1289.0	24.0
1290.0	22.0
1291.0	18.0
1292.0	22.0
1293.0	26.0
1294.0	30.0
1295.0	26.0
1296.0	17.0
1297.0	16.0
1298.0	28.0
1299.0	21.0
1300.0	26.0
1301.0	16.0
1302.0	22.0
1303.0	19.0
1304.0	27.0
1305.0	20.0
1306.0	21.0
1307.0	29.0
1308.0	17.0
1309.0	21.0
1310.0	14.0
1311.0	20.0
1312.0	23.0
1313.0	17.0
1314.0	13.0
1315.0	15.0
1316.0	20.0
1317.0	16.0
1318.0	30.0
1319.0	23.0
1320.0	18.0
1321.0	28.0
1322.0	22.0
1323.0	17.0
1324.0	25.0
1325.0	18.0
1326.0	31.0
1327.0	17.0
1328.0	21.0
1329.0	23.0
1330.0	21.0
1331.0	24.0
1332.0	16.0
1333.0	20.0
1334.0	20.0
1335.0	28.0
1336.0	17.0
1337.0	25.0
1338.0	20.0
1339.0	15.0
1340.0	27.0
1341.0	27.0
1342.0	28.0
1343.0	19.0
1344.0	15.0
1345.0	26.0
1346.0	20.0
1347.0	21.0
1348.0	18.0
1349.0	26.0
1350.0	21.0
1351.0	31.0
1352.0	21.0
1353.0	31.0
1354.0	23.0
1355.0	31.0
1356.0	19.0
1357.0	22.0
1358.0	25.0
1359.0	26.0
1360.0	25.0
1361.0	24.0
1362.0	21.0
1363.0	19.0
1364.0	16.0
1365.0	17.0
1366.0	19.0
1367.0	17.0
1368.0	26.0
1369.0	14.0
1370.0	10.0
1371.0	16.0
1372.0	18.0
1373.0	18.0
1374.0	16.0
1375.0	15.0
1376.0	18.0
1377.0	16.0
1378.0	11.0
1379.0	28.0
1380.0	15.0
1381.0	19.0
1382.0	19.0
1383.0	11.0
1384.0	18.0
1385.0	19.0
1386.0	16.0
1387.0	21.0
1388.0	28.0
1389.0	19.0
1390.0	15.0
1391.0	24.0
1392.0	18.0
1393.0	24.0
1394.0	21.0
1395.0	20.0
1396.0	20.0
1397.0	20.0
1398.0	14.0
1399.0	16.0
1400.0	22.0
1401.0	16.0
1402.0	22.0
1403.0	24.0
1404.0	20.0
1405.0	14.0
1406.0	15.0
1407.0	15.0
1408.0	15.0
1409.0	18.0
1410.0	17.0
1411.0	13.0
1412.0	11.0
1413.0	19.0
1414.0	10.0
1415.0	15.0
1416.0	23.0
1417.0	15.0
1418.0	18.0
1419.0	21.0
1420.0	14.0
1421.0	15.0
1422.0	12.0
1423.0	18.0
1424.0	10.0
1425.0	22.0
1426.0	12.0
1427.0	25.0
1428.0	9.0
1429.0	18.0
1430.0	22.0
1431.0	20.0
1432.0	11.0
1433.0	13.0
1434.0	21.0
1435.0	15.0
1436.0	17.0
1437.0	20.0
1438.0	10.0
1439.0	19.0
1440.0	12.0
1441.0	15.0
1442.0	19.0
1443.0	19.0
1444.0	20.0
1445.0	24.0
1446.0	16.0
1447.0	13.0
1448.0	14.0
1449.0	22.0
1450.0	22.0
1451.0	19.0
1452.0	26.0
1453.0	16.0
1454.0	16.0
1455.0	15.0
1456.0	17.0
1457.0	16.0
1458.0	21.0
1459.0	16.0
1460.0	15.0
1461.0	9.0
1462.0	15.0
1463.0	12.0
1464.0	20.0
1465.0	17.0
1466.0	18.0
1467.0	19.0
1468.0	15.0
1469.0	7.0
1470.0	14.0
1471.0	20.0
1472.0	15.0
1473.0	14.0
1474.0	20.0
1475.0	11.0
1476.0	23.0
1477.0	13.0
1478.0	14.0
1479.0	10.0
1480.0	17.0
1481.0	17.0
1482.0	12.0
1483.0	16.0
1484.0	23.0
1485.0	14.0
1486.0	18.0
1487.0	18.0
1488.0	12.0
1489.0	6.0
1490.0	11.0
1491.0	9.0
1492.0	15.0
1493.0	20.0
1494.0	12.0
1495.0	12.0
1496.0	18.0
1497.0	12.0
1498.0	17.0
1499.0	19.0
1500.0	17.0
1501.0	9.0
1502.0	13.0
1503.0	13.0
1504.0	15.0
1505.0	14.0
1506.0	11.0
1507.0	6.0
1508.0	10.0
1509.0	7.0
1510.0	10.0
1511.0	21.0
1512.0	11.0
1513.0	18.0
1514.0	7.0
1515.0	9.0
1516.0	15.0
1517.0	12.0
1518.0	14.0
1519.0	14.0
1520.0	9.0
1521.0	19.0
1522.0	12.0
1523.0	12.0
1524.0	17.0
1525.0	7.0
1526.0	16.0
1527.0	11.0
1528.0	16.0
1529.0	16.0
1530.0	19.0
1531.0	18.0
1532.0	15.0
1533.0	8.0
1534.0	24.0
1535.0	8.0
1536.0	8.0
1537.0	14.0
1538.0	13.0
1539.0	19.0
1540.0	15.0
1541.0	12.0
1542.0	17.0
1543.0	11.0
1544.0	16.0
1545.0	13.0
1546.0	11.0
1547.0	16.0
1548.0	16.0
1549.0	15.0
1550.0	17.0
1551.0	15.0
1552.0	16.0
1553.0	15.0
1554.0	16.0
1555.0	16.0
1556.0	19.0
1557.0	16.0
1558.0	18.0
1559.0	18.0
1560.0	14.0
1561.0	15.0
1562.0	17.0
1563.0	7.0
1564.0	7.0
1565.0	14.0
1566.0	16.0
1567.0	16.0
1568.0	19.0
1569.0	16.0
1570.0	9.0
1571.0	8.0
1572.0	11.0
1573.0	19.0
1574.0	14.0
1575.0	10.0
1576.0	12.0
1577.0	11.0
1578.0	11.0
1579.0	6.0
1580.0	12.0
1581.0	15.0
1582.0	7.0
1583.0	17.0
1584.0	13.0
1585.0	8.0
1586.0	10.0
1587.0	12.0
1588.0	13.0
1589.0	8.0
1590.0	11.0
1591.0	9.0
1592.0	10.0
1593.0	8.0
1594.0	8.0
1595.0	12.0
1596.0	15.0
1597.0	17.0
1598.0	11.0
1599.0	11.0
1600.0	13.0
1601.0	9.0
1602.0	10.0
1603.0	7.0
1604.0	8.0
1605.0	8.0
1606.0	12.0
1607.0	12.0
1608.0	11.0
1609.0	12.0
1610.0	13.0
1611.0	10.0
1612.0	10.0
1613.0	11.0
1614.0	7.0
1615.0	16.0
1616.0	8.0
1617.0	6.0
1618.0	12.0
1619.0	1.0
1620.0	9.0
1621.0	9.0
1622.0	10.0
1623.0	17.0
1624.0	12.0
1625.0	14.0
1626.0	15.0
1627.0	11.0
1628.0	14.0
1629.0	10.0
1630.0	11.0
1631.0	8.0
1632.0	11.0
1633.0	10.0
1634.0	11.0
1635.0	7.0
1636.0	4.0
1637.0	11.0
1638.0	13.0
1639.0	11.0
1640.0	11.0
1641.0	7.0
1642.0	12.0
1643.0	9.0
1644.0	9.0
1645.0	8.0
1646.0	11.0
1647.0	13.0
1648.0	3.0
1649.0	13.0
1650.0	10.0
1651.0	8.0
1652.0	7.0
1653.0	6.0
1654.0	8.0
1655.0	4.0
1656.0	12.0
1657.0	7.0
1658.0	10.0
1659.0	7.0
1660.0	4.0
1661.0	10.0
1662.0	10.0
1663.0	5.0
1664.0	10.0
1665.0	6.0
1666.0	9.0
1667.0	8.0
1668.0	9.0
1669.0	5.0
1670.0	6.0
1671.0	10.0
1672.0	10.0
1673.0	13.0
1674.0	14.0
1675.0	5.0
1676.0	6.0
1677.0	14.0
1678.0	11.0
1679.0	9.0
1680.0	11.0
1681.0	11.0
1682.0	8.0
1683.0	9.0
1684.0	7.0
1685.0	10.0
1686.0	13.0
1687.0	8.0
1688.0	20.0
1689.0	14.0
1690.0	14.0
1691.0	10.0
1692.0	7.0
1693.0	16.0
1694.0	12.0
1695.0	9.0
1696.0	7.0
1697.0	7.0
1698.0	5.0
1699.0	17.0
1700.0	11.0
1701.0	8.0
1702.0	9.0
1703.0	8.0
1704.0	8.0
1705.0	10.0
1706.0	9.0
1707.0	10.0
1708.0	10.0
1709.0	7.0
1710.0	9.0
1711.0	6.0
1712.0	7.0
1713.0	7.0
1714.0	5.0
1715.0	12.0
1716.0	6.0
1717.0	7.0
1718.0	8.0
1719.0	13.0
1720.0	8.0
1721.0	6.0
1722.0	6.0
1723.0	7.0
1724.0	11.0
1725.0	16.0
1726.0	10.0
1727.0	5.0
1728.0	10.0
1729.0	7.0
1730.0	7.0
1731.0	8.0
1732.0	7.0
1733.0	8.0
1734.0	11.0
1735.0	12.0
1736.0	10.0
1737.0	11.0
1738.0	8.0
1739.0	13.0
1740.0	9.0
1741.0	5.0
1742.0	8.0
1743.0	8.0
1744.0	10.0
1745.0	10.0
1746.0	10.0
1747.0	5.0
1748.0	12.0
1749.0	9.0
1750.0	4.0
1751.0	12.0
1752.0	7.0
1753.0	7.0
1754.0	7.0
1755.0	7.0
1756.0	11.0
1757.0	11.0
1758.0	4.0
1759.0	2.0
1760.0	5.0
1761.0	5.0
1762.0	7.0
1763.0	12.0
1764.0	5.0
1765.0	7.0
1766.0	6.0
1767.0	8.0
1768.0	8.0
1769.0	5.0
1770.0	8.0
1771.0	9.0
1772.0	11.0
1773.0	12.0
1774.0	5.0
1775.0	7.0
1776.0	9.0
1777.0	8.0
1778.0	9.0
1779.0	5.0
1780.0	7.0
1781.0	7.0
1782.0	7.0
1783.0	8.0
1784.0	9.0
1785.0	11.0
1786.0	6.0
1787.0	7.0
1788.0	11.0
1789.0	9.0
1790.0	9.0
1791.0	3.0
1792.0	3.0
1793.0	11.0
1794.0	6.0
1795.0	7.0
1796.0	5.0
1797.0	10.0
1798.0	6.0
1799.0	7.0
1800.0	9.0
1801.0	6.0
1802.0	3.0
1803.0	7.0
1804.0	5.0
1805.0	7.0
1806.0	4.0
1807.0	9.0
1808.0	8.0
1809.0	11.0
1810.0	5.0
1811.0	7.0
1812.0	10.0
1813.0	8.0
1814.0	10.0
1815.0	8.0
1816.0	7.0
1817.0	9.0
1818.0	7.0
1819.0	9.0
1820.0	6.0
1821.0	5.0
1822.0	6.0
1823.0	5.0
1824.0	8.0
1825.0	9.0
1826.0	8.0
1827.0	8.0
1828.0	11.0
1829.0	11.0
1830.0	5.0
1831.0	12.0
1832.0	14.0
1833.0	4.0
1834.0	5.0
1835.0	6.0
1836.0	8.0
1837.0	11.0
1838.0	13.0
1839.0	8.0
1840.0	6.0
1841.0	8.0
1842.0	6.0
1843.0	7.0
1844.0	13.0
1845.0	6.0
1846.0	14.0
1847.0	9.0
1848.0	9.0
1849.0	6.0
1850.0	11.0
1851.0	8.0
1852.0	7.0
1853.0	16.0
1854.0	3.0
1855.0	5.0
1856.0	10.0
1857.0	8.0
1858.0	7.0
1859.0	9.0
1860.0	10.0
1861.0	11.0
1862.0	7.0
1863.0	7.0
1864.0	3.0
1865.0	4.0
1866.0	5.0
1867.0	4.0
1868.0	12.0
1869.0	5.0
1870.0	7.0
1871.0	8.0
1872.0	5.0
1873.0	8.0
1874.0	6.0
1875.0	8.0
1876.0	3.0
1877.0	2.0
1878.0	6.0
1879.0	5.0
1880.0	9.0
1881.0	7.0
1882.0	5.0
1883.0	4.0
1884.0	6.0
1885.0	5.0
1886.0	6.0
1887.0	8.0
1888.0	9.0
1889.0	9.0
1890.0	11.0
1891.0	11.0
1892.0	6.0
1893.0	5.0
1894.0	4.0
1895.0	7.0
1896.0	6.0
1897.0	7.0
1898.0	9.0
1899.0	4.0
1900.0	4.0
1901.0	4.0
1902.0	5.0
1903.0	3.0
1904.0	5.0
1905.0	13.0
1906.0	7.0
1907.0	6.0
1908.0	12.0
1909.0	5.0
1910.0	10.0
1911.0	3.0
1912.0	9.0
1913.0	9.0
1914.0	9.0
1915.0	5.0
1916.0	2.0
1917.0	5.0
1918.0	8.0
1919.0	6.0
1920.0	10.0
1921.0	7.0
1922.0	8.0
1923.0	4.0
1924.0	6.0
1925.0	7.0
1926.0	7.0
1927.0	7.0
1928.0	7.0
1929.0	8.0
1930.0	10.0
1931.0	6.0
1932.0	7.0
1933.0	7.0
1934.0	8.0
1935.0	7.0
1936.0	7.0
1937.0	6.0
1938.0	10.0
1939.0	6.0
1940.0	8.0
1941.0	1.0
1942.0	5.0
1943.0	6.0
1944.0	9.0
1945.0	1.0
1946.0	5.0
1947.0	5.0
1948.0	4.0
1949.0	5.0
1950.0	5.0
1951.0	5.0
1952.0	4.0
1953.0	15.0
1954.0	9.0
1955.0	8.0
1956.0	12.0
1957.0	3.0
1958.0	6.0
1959.0	9.0
1960.0	6.0
1961.0	7.0
1962.0	6.0
1963.0	3.0
1964.0	7.0
1965.0	7.0
1966.0	4.0
1967.0	11.0
1968.0	8.0
1969.0	12.0
1970.0	7.0
1971.0	2.0
1972.0	2.0
1973.0	4.0
1974.0	5.0
1975.0	10.0
1976.0	8.0
1977.0	8.0
1978.0	4.0
1979.0	10.0
1980.0	7.0
1981.0	6.0
1982.0	4.0
1983.0	4.0
1984.0	7.0
1985.0	2.0
1986.0	4.0
1987.0	2.0
1988.0	6.0
1989.0	3.0
1990.0	4.0
1991.0	5.0
1992.0	8.0
1993.0	4.0
1994.0	6.0
1995.0	4.0
1996.0	2.0
1997.0	6.0
1998.0	7.0
1999.0	4.0
2000.0	6.0
2001.0	6.0
2002.0	6.0
2003.0	5.0
2004.0	9.0
2005.0	9.0
2006.0	7.0
2007.0	8.0
2008.0	4.0
2009.0	6.0
2010.0	2.0
2011.0	7.0
2012.0	6.0
2013.0	11.0
2014.0	5.0
2015.0	10.0
2016.0	3.0
2017.0	3.0
2018.0	3.0
2019.0	2.0
2020.0	3.0
2021.0	1.0
2022.0	5.0
2023.0	2.0
2024.0	3.0
2025.0	3.0
2026.0	4.0
2027.0	5.0
2028.0	3.0
2029.0	8.0
2030.0	4.0
2032.0	5.0
2033.0	2.0
2034.0	5.0
2035.0	3.0
2036.0	1.0
2037.0	8.0
2038.0	3.0
2039.0	4.0
2040.0	6.0
2041.0	6.0
2042.0	4.0
2043.0	2.0
2044.0	2.0
2045.0	5.0
2046.0	3.0
2047.0	4.0
2048.0	4.0
2049.0	5.0
2050.0	9.0
2051.0	6.0
2052.0	5.0
2053.0	2.0
2054.0	8.0
2055.0	1.0
2056.0	6.0
2057.0	5.0
2058.0	4.0
2059.0	7.0
2060.0	8.0
2061.0	1.0
2062.0	6.0
2063.0	4.0
2064.0	3.0
2065.0	7.0
2066.0	8.0
2067.0	4.0
2068.0	7.0
2069.0	3.0
2070.0	3.0
2071.0	4.0
2072.0	5.0
2073.0	6.0
2074.0	1.0
2075.0	5.0
2076.0	2.0
2077.0	6.0
2078.0	2.0
2079.0	4.0
2080.0	6.0
2081.0	4.0
2082.0	4.0
2083.0	6.0
2084.0	3.0
2085.0	6.0
2086.0	6.0
2087.0	5.0
2088.0	3.0
2089.0	5.0
2090.0	10.0
2091.0	3.0
2092.0	7.0
2093.0	6.0
2094.0	2.0
2095.0	7.0
2096.0	4.0
2097.0	8.0
2098.0	8.0
2099.0	3.0
2100.0	5.0
2101.0	7.0
2102.0	8.0
2103.0	7.0
2104.0	4.0
2105.0	11.0
2106.0	7.0
2107.0	7.0
2108.0	7.0
2109.0	7.0
2110.0	4.0
2111.0	11.0
2112.0	10.0
2113.0	7.0
2114.0	6.0
2115.0	8.0
2116.0	8.0
2117.0	2.0
2118.0	5.0
2119.0	3.0
2120.0	5.0
2121.0	2.0
2122.0	6.0
2123.0	8.0
2124.0	3.0
2125.0	8.0
2126.0	6.0
2127.0	5.0
2128.0	2.0
2129.0	6.0
2130.0	5.0
2131.0	6.0
2132.0	3.0
2133.0	2.0
2134.0	6.0
2135.0	8.0
2136.0	3.0
2137.0	6.0
2138.0	3.0
2139.0	5.0
2140.0	6.0
2141.0	6.0
2142.0	10.0
2143.0	6.0
2144.0	4.0
2145.0	4.0
2146.0	6.0
2147.0	3.0
2148.0	5.0
2149.0	6.0
2150.0	7.0
2151.0	6.0
2152.0	6.0
2153.0	2.0
2154.0	5.0
2155.0	3.0
2156.0	2.0
2157.0	6.0
2158.0	5.0
2159.0	7.0
2160.0	5.0
2161.0	8.0
2162.0	3.0
2163.0	3.0
2164.0	8.0
2165.0	7.0
2166.0	3.0
2167.0	3.0
2168.0	7.0
2169.0	7.0
2170.0	5.0
2171.0	2.0
2172.0	2.0
2173.0	7.0
2174.0	5.0
2175.0	4.0
2176.0	2.0
2177.0	1.0
2178.0	4.0
2179.0	4.0
2180.0	5.0
2181.0	5.0
2182.0	5.0
2183.0	3.0
2184.0	4.0
2185.0	9.0
2186.0	8.0
2187.0	8.0
2188.0	7.0
2189.0	5.0
2190.0	4.0
2191.0	5.0
2192.0	4.0
2193.0	4.0
2194.0	6.0
2195.0	7.0
2196.0	4.0
2197.0	4.0
2198.0	5.0
2199.0	6.0
2200.0	3.0
2201.0	7.0
2202.0	5.0
2203.0	2.0
2204.0	7.0
2205.0	6.0
2206.0	3.0
2207.0	8.0
2208.0	7.0
2209.0	7.0
2210.0	6.0
2211.0	7.0
2212.0	6.0
2213.0	2.0
2214.0	9.0
2215.0	8.0
2216.0	5.0
2217.0	5.0
2218.0	2.0
2219.0	3.0
2220.0	6.0
2221.0	6.0
2222.0	7.0
2223.0	5.0
2224.0	5.0
2225.0	5.0
2226.0	9.0
2227.0	10.0
2228.0	3.0
2229.0	8.0
2230.0	6.0
2231.0	8.0
2232.0	7.0
2233.0	4.0
2234.0	6.0
2235.0	4.0
2236.0	4.0
2237.0	6.0
2238.0	8.0
2239.0	3.0
2240.0	2.0
2241.0	5.0
2242.0	2.0
2243.0	1.0
2244.0	2.0
2245.0	4.0
2246.0	6.0
2247.0	3.0
2248.0	6.0
2249.0	4.0
2250.0	5.0
2251.0	11.0
2252.0	6.0
2253.0	4.0
2254.0	2.0
2255.0	5.0
2256.0	6.0
2257.0	8.0
2258.0	8.0
2259.0	2.0
2260.0	6.0
2261.0	7.0
2262.0	8.0
2263.0	1.0
2264.0	7.0
2265.0	8.0
2266.0	3.0
2267.0	9.0
2268.0	7.0
2269.0	5.0
2270.0	6.0
2271.0	5.0
2272.0	5.0
2273.0	3.0
2274.0	5.0
2275.0	5.0
2276.0	2.0
2277.0	2.0
2278.0	10.0
2279.0	5.0
2280.0	4.0
2281.0	4.0
2282.0	7.0
2283.0	4.0
2284.0	6.0
2285.0	6.0
2286.0	7.0
2287.0	3.0
2288.0	7.0
2289.0	2.0
2290.0	3.0
2291.0	4.0
2292.0	10.0
2293.0	2.0
2294.0	2.0
2295.0	1.0
2296.0	3.0
2297.0	4.0
2298.0	4.0
2299.0	7.0
2300.0	7.0
2301.0	3.0
2302.0	4.0
2303.0	8.0
2304.0	3.0
2305.0	4.0
2306.0	6.0
2307.0	7.0
2308.0	6.0
2309.0	10.0
2310.0	6.0
2311.0	2.0
2312.0	1.0
2313.0	6.0
2314.0	5.0
2315.0	2.0
2316.0	10.0
2317.0	6.0
2318.0	7.0
2319.0	5.0
2320.0	5.0
2321.0	2.0
2322.0	6.0
2323.0	4.0
2324.0	3.0
2325.0	9.0
2326.0	5.0
2327.0	9.0
2328.0	5.0
2329.0	5.0
2330.0	4.0
2331.0	3.0
2332.0	4.0
2333.0	12.0
2334.0	3.0
2335.0	3.0
2336.0	3.0
2337.0	3.0
2338.0	6.0
2339.0	6.0
2340.0	5.0
2341.0	2.0
2342.0	3.0
2343.0	6.0
2344.0	5.0
2345.0	4.0
2346.0	6.0
2347.0	5.0
2348.0	10.0
2349.0	5.0
2350.0	3.0
2351.0	5.0
2352.0	3.0
2353.0	2.0
2354.0	7.0
2355.0	3.0
2356.0	9.0
2357.0	6.0
2358.0	2.0
2359.0	6.0
2360.0	10.0
2361.0	6.0
2362.0	8.0
2363.0	2.0
2364.0	6.0
2365.0	5.0
2366.0	6.0
2367.0	9.0
2368.0	8.0
2369.0	5.0
2370.0	5.0
2371.0	5.0
2372.0	6.0
2373.0	6.0
2374.0	4.0
2375.0	2.0
2376.0	3.0
2377.0	5.0
2378.0	5.0
2379.0	2.0
2380.0	4.0
2381.0	6.0
2382.0	5.0
2383.0	5.0
2384.0	6.0
2385.0	3.0
2386.0	6.0
2387.0	6.0
2388.0	2.0
2389.0	6.0
2390.0	5.0
2391.0	4.0
2392.0	7.0
2393.0	5.0
2394.0	8.0
2395.0	1.0
2396.0	5.0
2397.0	8.0
2398.0	9.0
2399.0	10.0
2400.0	6.0
2401.0	6.0
2402.0	5.0
2403.0	6.0
2404.0	7.0
2405.0	4.0
2406.0	3.0
2407.0	7.0
2408.0	3.0
2409.0	5.0
2410.0	8.0
2411.0	8.0
2412.0	3.0
2413.0	8.0
2414.0	2.0
2415.0	7.0
2416.0	8.0
2417.0	2.0
2418.0	2.0
2419.0	3.0
2420.0	2.0
2421.0	5.0
2422.0	6.0
2423.0	6.0
2424.0	3.0
2425.0	5.0
2426.0	6.0
2427.0	4.0
2428.0	4.0
2429.0	5.0
2430.0	4.0
2431.0	3.0
2432.0	6.0
2433.0	5.0
2434.0	5.0
2435.0	6.0
2436.0	6.0
2437.0	11.0
2438.0	6.0
2439.0	3.0
2440.0	6.0
2441.0	4.0
2442.0	6.0
2443.0	5.0
2444.0	6.0
2445.0	5.0
2446.0	4.0
2447.0	2.0
2448.0	5.0
2449.0	5.0
2450.0	8.0
2451.0	5.0
2452.0	7.0
2453.0	10.0
2454.0	9.0
2455.0	3.0
2456.0	3.0
2457.0	5.0
2458.0	6.0
2459.0	3.0
2460.0	7.0
2461.0	7.0
2462.0	4.0
2463.0	6.0
2464.0	8.0
2465.0	7.0
2466.0	6.0
2467.0	6.0
2468.0	5.0
2469.0	7.0
2470.0	7.0
2471.0	8.0
2472.0	6.0
2473.0	7.0
2474.0	2.0
2475.0	7.0
2476.0	3.0
2477.0	5.0
2478.0	8.0
2479.0	1.0
2480.0	7.0
2481.0	7.0
2482.0	5.0
2483.0	4.0
2484.0	7.0
2485.0	5.0
2486.0	6.0
2487.0	6.0
2488.0	4.0
2489.0	5.0
2490.0	4.0
2491.0	2.0
2492.0	2.0
2493.0	9.0
2494.0	6.0
2495.0	4.0
2496.0	3.0
2497.0	2.0
2498.0	5.0
2499.0	3.0
2500.0	6.0
2501.0	5.0
2502.0	11.0
2503.0	1.0
2504.0	7.0
2505.0	6.0
2506.0	7.0
2507.0	5.0
2508.0	6.0
2509.0	6.0
2510.0	13.0
2511.0	8.0
2512.0	8.0
2513.0	5.0
2514.0	2.0
2515.0	8.0
2516.0	2.0
2517.0	7.0
2518.0	7.0
2519.0	1.0
2520.0	6.0
2521.0	1.0
2522.0	9.0
2523.0	8.0
2524.0	6.0
2525.0	7.0
2526.0	4.0
2527.0	6.0
2528.0	5.0
2529.0	5.0
2530.0	2.0
2531.0	4.0
2532.0	6.0
2533.0	3.0
2534.0	5.0
2535.0	5.0
2536.0	4.0
2537.0	9.0
2538.0	4.0
2539.0	7.0
2540.0	4.0
2541.0	9.0
2542.0	3.0
2543.0	4.0
2544.0	10.0
2545.0	2.0
2546.0	6.0
2547.0	2.0
2548.0	6.0
2549.0	4.0
2550.0	9.0
2551.0	3.0
2552.0	5.0
2553.0	6.0
2554.0	4.0
2555.0	5.0
2556.0	6.0
2557.0	6.0
2558.0	5.0
2559.0	3.0
2560.0	11.0
2561.0	6.0
2562.0	6.0
2563.0	5.0
2564.0	1.0
2565.0	1.0
2566.0	7.0
2567.0	7.0
2568.0	4.0
2569.0	4.0
2570.0	5.0
2571.0	3.0
2572.0	3.0
2573.0	4.0
2574.0	3.0
2575.0	2.0
2576.0	6.0
2577.0	2.0
2578.0	6.0
2579.0	7.0
2580.0	6.0
2581.0	7.0
2582.0	5.0
2583.0	7.0
2584.0	12.0
2585.0	10.0
2586.0	5.0
2587.0	3.0
2588.0	3.0
2589.0	4.0
2590.0	7.0
2591.0	5.0
2592.0	8.0
2593.0	4.0
2594.0	6.0
2595.0	5.0
2596.0	6.0
2597.0	4.0
2598.0	4.0
2599.0	2.0
2600.0	11.0
2601.0	5.0
2602.0	3.0
2603.0	5.0
2604.0	4.0
2605.0	5.0
2606.0	11.0
2607.0	2.0
2608.0	5.0
2609.0	4.0
2610.0	8.0
2611.0	8.0
2612.0	8.0
2613.0	8.0
2614.0	7.0
2615.0	3.0
2616.0	6.0
2617.0	4.0
2618.0	7.0
2619.0	8.0
2620.0	7.0
2621.0	8.0
2622.0	5.0
2623.0	3.0
2624.0	4.0
2625.0	5.0
2626.0	2.0
2627.0	7.0
2628.0	5.0
2629.0	4.0
2630.0	10.0
2631.0	3.0
2632.0	4.0
2633.0	4.0
2634.0	9.0
2635.0	4.0
2636.0	1.0
2637.0	4.0
2638.0	5.0
2639.0	3.0
2640.0	6.0
2641.0	3.0
2642.0	2.0
2643.0	4.0
2644.0	5.0
2645.0	3.0
2646.0	8.0
2648.0	2.0
2649.0	3.0
2650.0	2.0
2651.0	4.0
2652.0	6.0
2653.0	4.0
2654.0	1.0
2655.0	7.0
2656.0	4.0
2657.0	6.0
2658.0	4.0
2659.0	1.0
2660.0	9.0
2661.0	8.0
2662.0	4.0
2663.0	4.0
2664.0	7.0
2665.0	5.0
2666.0	4.0
2667.0	7.0
2668.0	4.0
2669.0	3.0
2670.0	6.0
2671.0	4.0
2672.0	3.0
2673.0	1.0
2674.0	1.0
2675.0	3.0
2676.0	2.0
2677.0	5.0
2678.0	3.0
2679.0	4.0
2680.0	3.0
2681.0	1.0
2682.0	3.0
2683.0	7.0
2684.0	9.0
2685.0	3.0
2687.0	5.0
2688.0	6.0
2689.0	4.0
2690.0	3.0
2691.0	1.0
2692.0	4.0
2693.0	4.0
2694.0	3.0
2695.0	3.0
2696.0	8.0
2697.0	4.0
2698.0	1.0
2699.0	6.0
2700.0	5.0
2701.0	3.0
2702.0	2.0
2703.0	6.0
2704.0	6.0
2705.0	5.0
2706.0	5.0
2707.0	3.0
2708.0	6.0
2709.0	4.0
2710.0	5.0
2711.0	5.0
2712.0	4.0
2713.0	3.0
2714.0	7.0
2715.0	6.0
2716.0	4.0
2717.0	5.0
2718.0	7.0
2719.0	5.0
2720.0	6.0
2721.0	3.0
2722.0	1.0
2723.0	2.0
2724.0	4.0
2725.0	3.0
2726.0	3.0
2727.0	6.0
2728.0	2.0
2729.0	4.0
2730.0	1.0
2731.0	5.0
2732.0	5.0
2733.0	3.0
2734.0	6.0
2735.0	3.0
2736.0	3.0
2737.0	4.0
2738.0	3.0
2739.0	6.0
2740.0	6.0
2741.0	2.0
2742.0	2.0
2743.0	3.0
2744.0	3.0
2745.0	7.0
2746.0	5.0
2747.0	5.0
2748.0	2.0
2749.0	1.0
2750.0	6.0
2751.0	3.0
2752.0	3.0
2753.0	4.0
2755.0	7.0
2757.0	3.0
2758.0	4.0
2759.0	3.0
2760.0	2.0
2761.0	1.0
2762.0	4.0
2763.0	6.0
2764.0	5.0
2765.0	1.0
2766.0	6.0
2767.0	3.0
2768.0	4.0
2769.0	1.0
2770.0	4.0
2771.0	1.0
2772.0	3.0
2773.0	2.0
2774.0	2.0
2775.0	4.0
2776.0	2.0
2777.0	2.0
2778.0	3.0
2779.0	6.0
2780.0	2.0
2781.0	2.0
2782.0	8.0
2783.0	2.0
2784.0	4.0
2785.0	4.0
2787.0	4.0
2788.0	1.0
2789.0	5.0
2790.0	5.0
2791.0	2.0
2792.0	6.0
2793.0	5.0
2794.0	2.0
2795.0	4.0
2796.0	3.0
2797.0	1.0
2798.0	1.0
2799.0	2.0
2800.0	3.0
2801.0	3.0
2802.0	4.0
2803.0	5.0
2804.0	2.0
2805.0	3.0
2806.0	2.0
2807.0	5.0
2808.0	3.0
2809.0	10.0
2810.0	4.0
2811.0	6.0
2812.0	4.0
2813.0	3.0
2814.0	4.0
2815.0	5.0
2816.0	3.0
2817.0	6.0
2818.0	1.0
2819.0	5.0
2820.0	7.0
2821.0	1.0
2822.0	1.0
2823.0	5.0
2824.0	4.0
2825.0	5.0
2826.0	4.0
2827.0	3.0
2828.0	3.0
2829.0	4.0
2830.0	5.0
2831.0	1.0
2832.0	3.0
2833.0	5.0
2834.0	5.0
2835.0	2.0
2836.0	1.0
2837.0	6.0
2838.0	2.0
2839.0	3.0
2840.0	3.0
2841.0	3.0
2843.0	3.0
2844.0	3.0
2845.0	5.0
2847.0	4.0
2849.0	2.0
2850.0	3.0
2851.0	6.0
2852.0	5.0
2853.0	3.0
2854.0	2.0
2855.0	8.0
2856.0	1.0
2857.0	3.0
2858.0	4.0
2859.0	5.0
2860.0	3.0
2861.0	3.0
2862.0	4.0
2863.0	1.0
2864.0	2.0
2865.0	1.0
2866.0	1.0
2867.0	1.0
2868.0	8.0
2869.0	1.0
2870.0	5.0
2871.0	4.0
2872.0	5.0
2873.0	1.0
2874.0	3.0
2875.0	8.0
2876.0	3.0
2878.0	5.0
2879.0	1.0
2880.0	6.0
2881.0	2.0
2882.0	2.0
2883.0	4.0
2884.0	3.0
2885.0	1.0
2886.0	4.0
2887.0	4.0
2888.0	4.0
2889.0	3.0
2890.0	3.0
2891.0	5.0
2892.0	5.0
2893.0	4.0
2894.0	1.0
2895.0	1.0
2896.0	2.0
2897.0	3.0
2898.0	2.0
2899.0	1.0
2900.0	5.0
2902.0	7.0
2903.0	2.0
2904.0	6.0
2906.0	2.0
2907.0	1.0
2908.0	1.0
2909.0	2.0
2910.0	2.0
2911.0	1.0
2913.0	1.0
2914.0	3.0
2915.0	3.0
2916.0	3.0
2917.0	3.0
2918.0	2.0
2919.0	1.0
2920.0	3.0
2921.0	1.0
2922.0	2.0
2923.0	3.0
2924.0	2.0
2925.0	3.0
2926.0	3.0
2927.0	3.0
2928.0	4.0
2930.0	2.0
2931.0	3.0
2932.0	1.0
2933.0	6.0
2934.0	2.0
2935.0	2.0
2936.0	4.0
2937.0	1.0
2938.0	4.0
2939.0	3.0
2940.0	3.0
2941.0	6.0
2942.0	3.0
2943.0	5.0
2944.0	5.0
2945.0	2.0
2946.0	5.0
2947.0	3.0
2948.0	3.0
2949.0	1.0
2950.0	2.0
2952.0	6.0
2953.0	1.0
2954.0	2.0
2955.0	4.0
2956.0	5.0
2957.0	3.0
2958.0	1.0
2959.0	4.0
2960.0	2.0
2961.0	4.0
2962.0	3.0
2963.0	6.0
2964.0	3.0
2965.0	2.0
2966.0	6.0
2967.0	5.0
2968.0	7.0
2969.0	3.0
2970.0	2.0
2971.0	4.0
2972.0	2.0
2973.0	4.0
2974.0	2.0
2976.0	2.0
2977.0	2.0
2978.0	1.0
2979.0	1.0
2980.0	2.0
2981.0	2.0
2983.0	1.0
2984.0	2.0
2985.0	5.0
2986.0	2.0
2987.0	4.0
2988.0	2.0
2989.0	2.0
2990.0	3.0
2991.0	4.0
2992.0	3.0
2993.0	1.0
2994.0	1.0
2995.0	5.0
2996.0	8.0
2998.0	2.0
2999.0	3.0
3000.0	3.0
3002.0	3.0
3003.0	4.0
3004.0	3.0
3005.0	1.0
3006.0	3.0
3007.0	3.0
3008.0	3.0
3009.0	6.0
3010.0	3.0
3011.0	3.0
3012.0	3.0
3013.0	3.0
3014.0	1.0
3015.0	4.0
3016.0	3.0
3017.0	3.0
3018.0	1.0
3019.0	3.0
3020.0	6.0
3022.0	2.0
3023.0	2.0
3024.0	2.0
3025.0	3.0
3026.0	1.0
3027.0	3.0
3028.0	4.0
3029.0	4.0
3030.0	3.0
3031.0	2.0
3032.0	2.0
3033.0	2.0
3034.0	3.0
3035.0	3.0
3036.0	3.0
3038.0	2.0
3039.0	1.0
3040.0	5.0
3042.0	4.0
3043.0	2.0
3044.0	7.0
3045.0	2.0
3046.0	5.0
3047.0	4.0
3048.0	2.0
3049.0	2.0
3050.0	2.0
3051.0	4.0
3052.0	3.0
3053.0	3.0
3054.0	1.0
3055.0	7.0
3056.0	7.0
3057.0	2.0
3058.0	2.0
3059.0	7.0
3060.0	4.0
3061.0	6.0
3062.0	3.0
3063.0	6.0
3064.0	4.0
3065.0	1.0
3066.0	2.0
3067.0	6.0
3068.0	2.0
3069.0	2.0
3070.0	1.0
3071.0	5.0
3072.0	7.0
3073.0	7.0
3074.0	8.0
3075.0	2.0
3076.0	3.0
3077.0	6.0
3078.0	4.0
3079.0	3.0
3080.0	3.0
3081.0	6.0
3082.0	1.0
3083.0	6.0
3084.0	7.0
3085.0	4.0
3086.0	3.0
3087.0	1.0
3088.0	1.0
3089.0	3.0
3090.0	5.0
3091.0	2.0
3092.0	6.0
3093.0	4.0
3094.0	3.0
3095.0	2.0
3096.0	1.0
3097.0	4.0
3098.0	8.0
3099.0	5.0
3100.0	3.0
3101.0	4.0
3102.0	3.0
3103.0	4.0
3104.0	2.0
3105.0	3.0
3106.0	4.0
3107.0	5.0
3108.0	3.0
3109.0	2.0
3110.0	1.0
3111.0	1.0
3112.0	4.0
3113.0	4.0
3114.0	2.0
3115.0	4.0
3116.0	4.0
3117.0	2.0
3119.0	4.0
3120.0	2.0
3121.0	3.0
3122.0	8.0
3123.0	2.0
3124.0	3.0
3125.0	3.0
3126.0	6.0
3127.0	2.0
3129.0	4.0
3130.0	2.0
3132.0	4.0
3133.0	5.0
3134.0	2.0
3135.0	4.0
3136.0	3.0
3137.0	6.0
3138.0	2.0
3139.0	4.0
3140.0	1.0
3142.0	5.0
3144.0	4.0
3145.0	4.0
3146.0	1.0
3147.0	3.0
3148.0	2.0
3149.0	6.0
3150.0	2.0
3151.0	3.0
3152.0	2.0
3153.0	2.0
3154.0	4.0
3155.0	3.0
3156.0	4.0
3157.0	2.0
3158.0	4.0
3159.0	1.0
3160.0	3.0
3162.0	1.0
3163.0	3.0
3164.0	5.0
3165.0	2.0
3166.0	4.0
3167.0	2.0
3168.0	3.0
3170.0	4.0
3172.0	2.0
3173.0	2.0
3174.0	2.0
3175.0	3.0
3176.0	3.0
3177.0	4.0
3178.0	6.0
3179.0	2.0
3180.0	3.0
3181.0	2.0
3182.0	4.0
3183.0	1.0
3184.0	2.0
3185.0	1.0
3186.0	5.0
3187.0	2.0
3188.0	3.0
3189.0	2.0
3190.0	6.0
3191.0	6.0
3192.0	3.0
3193.0	5.0
3194.0	3.0
3195.0	7.0
3197.0	2.0
3198.0	2.0
3199.0	2.0
3201.0	2.0
3202.0	1.0
3203.0	2.0
3204.0	2.0
3205.0	3.0
3206.0	2.0
3207.0	5.0
3208.0	3.0
3209.0	3.0
3210.0	2.0
3211.0	4.0
3212.0	3.0
3213.0	2.0
3214.0	4.0
3215.0	1.0
3216.0	3.0
3217.0	2.0
3218.0	7.0
3219.0	5.0
3220.0	1.0
3221.0	4.0
3222.0	4.0
3223.0	1.0
3224.0	4.0
3225.0	1.0
3226.0	1.0
3227.0	2.0
3228.0	3.0
3229.0	4.0
3230.0	3.0
3231.0	3.0
3232.0	3.0
3233.0	5.0
3234.0	4.0
3235.0	3.0
3236.0	2.0
3237.0	3.0
3238.0	4.0
3239.0	2.0
3240.0	3.0
3241.0	4.0
3242.0	4.0
3243.0	3.0
3244.0	1.0
3245.0	1.0
3246.0	5.0
3247.0	2.0
3248.0	2.0
3249.0	5.0
3250.0	1.0
3252.0	1.0
3253.0	3.0
3254.0	1.0
3255.0	4.0
3256.0	5.0
3257.0	1.0
3259.0	4.0
3260.0	3.0
3261.0	3.0
3262.0	3.0
3263.0	1.0
3264.0	4.0
3265.0	1.0
3266.0	1.0
3267.0	1.0
3268.0	2.0
3269.0	4.0
3270.0	1.0
3271.0	1.0
3272.0	2.0
3273.0	2.0
3274.0	4.0
3275.0	2.0
3276.0	3.0
3277.0	4.0
3278.0	6.0
3279.0	3.0
3280.0	2.0
3281.0	3.0
3282.0	2.0
3283.0	2.0
3284.0	2.0
3285.0	4.0
3286.0	6.0
3287.0	3.0
3288.0	1.0
3289.0	4.0
3290.0	2.0
3291.0	1.0
3292.0	1.0
3293.0	4.0
3294.0	2.0
3295.0	3.0
3296.0	1.0
3297.0	1.0
3298.0	6.0
3299.0	1.0
3300.0	1.0
3301.0	3.0
3302.0	3.0
3303.0	2.0
3304.0	4.0
3307.0	3.0
3308.0	3.0
3309.0	3.0
3310.0	6.0
3311.0	2.0
3312.0	5.0
3313.0	4.0
3314.0	5.0
3315.0	4.0
3316.0	3.0
3317.0	6.0
3318.0	3.0
3319.0	5.0
3320.0	5.0
3321.0	5.0
3322.0	3.0
3323.0	4.0
3324.0	4.0
3325.0	1.0
3326.0	5.0
3327.0	2.0
3328.0	4.0
3329.0	2.0
3330.0	3.0
3331.0	7.0
3332.0	2.0
3333.0	3.0
3334.0	3.0
3335.0	7.0
3336.0	5.0
3337.0	2.0
3338.0	1.0
3339.0	6.0
3340.0	1.0
3341.0	7.0
3342.0	2.0
3343.0	2.0
3344.0	4.0
3345.0	2.0
3346.0	2.0
3347.0	5.0
3348.0	2.0
3349.0	2.0
3350.0	2.0
3351.0	4.0
3352.0	2.0
3353.0	3.0
3354.0	5.0
3355.0	5.0
3356.0	1.0
3357.0	2.0
3358.0	5.0
3359.0	4.0
3360.0	2.0
3362.0	3.0
3363.0	4.0
3364.0	4.0
3365.0	2.0
3366.0	3.0
3367.0	5.0
3368.0	1.0
3369.0	2.0
3370.0	5.0
3371.0	2.0
3372.0	2.0
3373.0	5.0
3374.0	2.0
3375.0	3.0
3376.0	4.0
3378.0	4.0
3379.0	3.0
3380.0	4.0
3381.0	1.0
3382.0	2.0
3383.0	2.0
3384.0	2.0
3385.0	4.0
3386.0	3.0
3387.0	4.0
3388.0	2.0
3389.0	3.0
3390.0	8.0
3391.0	3.0
3392.0	3.0
3393.0	3.0
3394.0	3.0
3395.0	1.0
3396.0	3.0
3397.0	1.0
3398.0	1.0
3399.0	1.0
3400.0	4.0
3401.0	2.0
3403.0	4.0
3404.0	2.0
3405.0	5.0
3406.0	3.0
3407.0	2.0
3408.0	1.0
3409.0	2.0
3410.0	1.0
3411.0	1.0
3412.0	1.0
3413.0	4.0
3414.0	5.0
3415.0	3.0
3416.0	3.0
3417.0	5.0
3418.0	5.0
3419.0	4.0
3420.0	2.0
3421.0	2.0
3422.0	1.0
3423.0	4.0
3424.0	4.0
3425.0	1.0
3426.0	7.0
3427.0	1.0
3428.0	2.0
3429.0	2.0
3430.0	3.0
3431.0	5.0
3432.0	4.0
3433.0	6.0
3435.0	7.0
3436.0	4.0
3437.0	2.0
3438.0	3.0
3439.0	2.0
3441.0	4.0
3442.0	2.0
3443.0	1.0
3444.0	3.0
3445.0	5.0
3448.0	2.0
3450.0	2.0
3451.0	2.0
3452.0	5.0
3453.0	3.0
3454.0	5.0
3455.0	3.0
3456.0	6.0
3457.0	3.0
3458.0	4.0
3459.0	1.0
3460.0	1.0
3461.0	2.0
3463.0	2.0
3464.0	1.0
3465.0	2.0
3466.0	3.0
3467.0	3.0
3468.0	3.0
3470.0	1.0
3471.0	2.0
3472.0	2.0
3473.0	3.0
3474.0	3.0
3475.0	5.0
3476.0	3.0
3477.0	2.0
3478.0	2.0
3479.0	3.0
3480.0	4.0
3481.0	1.0
3482.0	2.0
3484.0	2.0
3486.0	1.0
3487.0	3.0
3489.0	3.0
3490.0	3.0
3491.0	1.0
3492.0	3.0
3493.0	1.0
3494.0	5.0
3495.0	6.0
3496.0	4.0
3497.0	1.0
3498.0	2.0
3499.0	4.0
3500.0	1.0
3501.0	3.0
3502.0	5.0
3503.0	1.0
3504.0	4.0
3505.0	6.0
3506.0	3.0
3507.0	5.0
3508.0	4.0
3509.0	1.0
3510.0	1.0
3511.0	1.0
3512.0	3.0
3513.0	3.0
3514.0	2.0
3515.0	2.0
3516.0	4.0
3517.0	3.0
3519.0	4.0
3520.0	1.0
3521.0	5.0
3522.0	1.0
3523.0	3.0
3524.0	2.0
3526.0	5.0
3527.0	7.0
3528.0	2.0
3530.0	3.0
3531.0	2.0
3532.0	4.0
3533.0	2.0
3534.0	1.0
3535.0	1.0
3536.0	1.0
3537.0	2.0
3538.0	2.0
3539.0	5.0
3540.0	2.0
3541.0	1.0
3542.0	2.0
3543.0	4.0
3544.0	1.0
3545.0	2.0
3546.0	2.0
3547.0	3.0
3548.0	3.0
3549.0	2.0
3550.0	4.0
3551.0	1.0
3552.0	2.0
3553.0	4.0
3554.0	2.0
3555.0	3.0
3556.0	2.0
3557.0	6.0
3558.0	4.0
3559.0	2.0
3560.0	5.0
3561.0	1.0
3562.0	1.0
3563.0	1.0
3564.0	4.0
3565.0	3.0
3566.0	6.0
3568.0	2.0
3569.0	4.0
3570.0	3.0
3571.0	3.0
3572.0	4.0
3573.0	6.0
3574.0	4.0
3575.0	4.0
3576.0	2.0
3577.0	4.0
3578.0	1.0
3579.0	3.0
3580.0	2.0
3581.0	3.0
3582.0	1.0
3583.0	3.0
3584.0	5.0
3585.0	1.0
3586.0	5.0
3587.0	3.0
3588.0	3.0
3589.0	2.0
3592.0	4.0
3593.0	1.0
3594.0	5.0
3596.0	1.0
3597.0	5.0
3598.0	1.0
3599.0	4.0
3600.0	5.0
3602.0	4.0
3603.0	2.0
3604.0	3.0
3605.0	3.0
3606.0	5.0
3607.0	1.0
3608.0	4.0
3609.0	1.0
3610.0	2.0
3611.0	2.0
3612.0	1.0
3613.0	3.0
3614.0	3.0
3616.0	2.0
3617.0	2.0
3618.0	3.0
3619.0	5.0
3620.0	3.0
3621.0	4.0
3622.0	4.0
3623.0	2.0
3624.0	2.0
3625.0	6.0
3626.0	2.0
3627.0	2.0
3628.0	4.0
3629.0	3.0
3630.0	3.0
3631.0	3.0
3632.0	2.0
3633.0	2.0
3634.0	1.0
3635.0	1.0
3636.0	1.0
3637.0	1.0
3638.0	3.0
3639.0	2.0
3640.0	5.0
3641.0	3.0
3642.0	3.0
3643.0	3.0
3644.0	3.0
3645.0	1.0
3646.0	3.0
3647.0	5.0
3648.0	1.0
3649.0	3.0
3650.0	1.0
3651.0	1.0
3653.0	4.0
3654.0	4.0
3656.0	2.0
3657.0	3.0
3658.0	5.0
3660.0	2.0
3661.0	2.0
3662.0	1.0
3663.0	2.0
3664.0	4.0
3665.0	2.0
3666.0	2.0
3667.0	2.0
3669.0	3.0
3671.0	2.0
3672.0	1.0
3673.0	1.0
3674.0	3.0
3675.0	4.0
3676.0	1.0
3677.0	3.0
3678.0	3.0
3679.0	3.0
3680.0	6.0
3681.0	7.0
3682.0	2.0
3683.0	4.0
3684.0	3.0
3685.0	3.0
3686.0	4.0
3687.0	2.0
3688.0	2.0
3689.0	2.0
3690.0	2.0
3691.0	1.0
3692.0	6.0
3693.0	5.0
3696.0	1.0
3697.0	4.0
3699.0	3.0
3700.0	1.0
3701.0	3.0
3702.0	4.0
3703.0	4.0
3704.0	5.0
3705.0	3.0
3706.0	3.0
3708.0	3.0
3709.0	2.0
3710.0	1.0
3713.0	4.0
3714.0	6.0
3715.0	5.0
3716.0	4.0
3717.0	4.0
3718.0	2.0
3719.0	4.0
3720.0	1.0
3721.0	1.0
3722.0	4.0
3723.0	4.0
3724.0	1.0
3725.0	2.0
3726.0	2.0
3727.0	4.0
3728.0	3.0
3729.0	3.0
3730.0	2.0
3731.0	1.0
3732.0	1.0
3733.0	4.0
3734.0	1.0
3735.0	1.0
3736.0	6.0
3737.0	1.0
3739.0	1.0
3740.0	1.0
3741.0	1.0
3744.0	2.0
3745.0	1.0
3747.0	3.0
3748.0	1.0
3750.0	2.0
3751.0	2.0
3752.0	1.0
3753.0	3.0
3754.0	4.0
3756.0	2.0
3757.0	5.0
3758.0	2.0
3759.0	1.0
3760.0	4.0
3761.0	2.0
3762.0	4.0
3763.0	4.0
3764.0	2.0
3765.0	3.0
3766.0	2.0
3767.0	2.0
3768.0	4.0
3769.0	1.0
3770.0	2.0
3771.0	1.0
3773.0	2.0
3774.0	2.0
3775.0	4.0
3776.0	1.0
3777.0	3.0
3778.0	2.0
3780.0	2.0
3781.0	2.0
3783.0	1.0
3784.0	3.0
3785.0	2.0
3786.0	1.0
3787.0	2.0
3788.0	4.0
3789.0	1.0
3790.0	1.0
3791.0	3.0
3792.0	2.0
3793.0	3.0
3794.0	3.0
3795.0	1.0
3798.0	1.0
3799.0	4.0
3800.0	3.0
3801.0	1.0
3802.0	1.0
3803.0	4.0
3804.0	1.0
3806.0	4.0
3807.0	2.0
3808.0	4.0
3809.0	1.0
3811.0	2.0
3812.0	1.0
3815.0	2.0
3816.0	2.0
3818.0	1.0
3819.0	2.0
3820.0	1.0
3821.0	2.0
3822.0	2.0
3823.0	2.0
3824.0	4.0
3825.0	1.0
3826.0	2.0
3827.0	4.0
3828.0	3.0
3829.0	1.0
3830.0	2.0
3832.0	3.0
3838.0	2.0
3839.0	2.0
3840.0	1.0
3841.0	3.0
3842.0	2.0
3843.0	3.0
3845.0	4.0
3846.0	4.0
3847.0	2.0
3848.0	3.0
3849.0	4.0
3850.0	2.0
3851.0	1.0
3852.0	1.0
3853.0	1.0
3854.0	3.0
3855.0	2.0
3857.0	2.0
3858.0	2.0
3859.0	1.0
3862.0	2.0
3863.0	3.0
3864.0	6.0
3865.0	2.0
3866.0	1.0
3867.0	1.0
3868.0	3.0
3869.0	3.0
3871.0	2.0
3872.0	1.0
3873.0	3.0
3874.0	3.0
3876.0	1.0
3877.0	2.0
3878.0	4.0
3879.0	1.0
3880.0	3.0
3881.0	1.0
3883.0	4.0
3884.0	1.0
3885.0	1.0
3886.0	2.0
3887.0	5.0
3888.0	1.0
3889.0	2.0
3891.0	1.0
3892.0	1.0
3895.0	4.0
3896.0	2.0
3897.0	4.0
3898.0	2.0
3899.0	2.0
3901.0	6.0
3902.0	2.0
3903.0	2.0
3905.0	1.0
3907.0	4.0
3909.0	1.0
3910.0	3.0
3911.0	4.0
3912.0	3.0
3914.0	1.0
3916.0	3.0
3917.0	1.0
3918.0	2.0
3919.0	2.0
3920.0	5.0
3921.0	3.0
3923.0	1.0
3924.0	2.0
3926.0	3.0
3927.0	4.0
3928.0	1.0
3929.0	2.0
3930.0	3.0
3931.0	1.0
3932.0	1.0
3935.0	3.0
3936.0	1.0
3937.0	2.0
3938.0	1.0
3939.0	2.0
3941.0	2.0
3942.0	2.0
3943.0	1.0
3944.0	5.0
3945.0	1.0
3946.0	1.0
3947.0	2.0
3948.0	2.0
3949.0	1.0
3950.0	3.0
3951.0	3.0
3952.0	2.0
3953.0	3.0
3955.0	2.0
3956.0	2.0
3957.0	1.0
3958.0	4.0
3961.0	3.0
3964.0	1.0
3965.0	1.0
3966.0	1.0
3967.0	3.0
3969.0	2.0
3970.0	2.0
3971.0	1.0
3972.0	2.0
3974.0	3.0
3975.0	2.0
3977.0	2.0
3978.0	2.0
3979.0	3.0
3980.0	3.0
3981.0	4.0
3982.0	2.0
3984.0	1.0
3985.0	2.0
3986.0	3.0
3987.0	3.0
3988.0	4.0
3989.0	3.0
3991.0	3.0
3992.0	3.0
3993.0	2.0
3995.0	2.0
3996.0	1.0
3997.0	3.0
3998.0	1.0
3999.0	1.0
4000.0	4.0
4002.0	2.0
4003.0	2.0
4004.0	2.0
4006.0	4.0
4007.0	3.0
4008.0	1.0
4009.0	1.0
4011.0	2.0
4012.0	1.0
4013.0	1.0
4014.0	1.0
4015.0	1.0
4016.0	1.0
4017.0	1.0
4018.0	1.0
4019.0	1.0
4020.0	3.0
4021.0	1.0
4022.0	3.0
4023.0	1.0
4024.0	1.0
4025.0	6.0
4027.0	3.0
4028.0	1.0
4029.0	2.0
4030.0	2.0
4032.0	1.0
4034.0	1.0
4036.0	1.0
4039.0	3.0
4040.0	1.0
4041.0	3.0
4043.0	2.0
4045.0	1.0
4046.0	3.0
4047.0	1.0
4048.0	1.0
4050.0	1.0
4053.0	1.0
4054.0	2.0
4055.0	1.0
4056.0	2.0
4057.0	2.0
4058.0	1.0
4059.0	2.0
4060.0	3.0
4061.0	2.0
4064.0	2.0
4066.0	1.0
4067.0	2.0
4068.0	2.0
4069.0	1.0
4072.0	2.0
4073.0	3.0
4076.0	1.0
4077.0	2.0
4078.0	2.0
4080.0	3.0
4081.0	3.0
4082.0	1.0
4083.0	2.0
4084.0	2.0
4085.0	2.0
4089.0	2.0
4090.0	2.0
4091.0	1.0
4092.0	3.0
4093.0	2.0
4094.0	1.0
4095.0	1.0
4096.0	1.0
4098.0	3.0
4099.0	4.0
4100.0	1.0
4101.0	2.0
4102.0	3.0
4104.0	1.0
4105.0	1.0
4106.0	3.0
4108.0	1.0
4109.0	3.0
4111.0	2.0
4113.0	2.0
4114.0	1.0
4115.0	1.0
4116.0	1.0
4117.0	2.0
4119.0	2.0
4120.0	3.0
4121.0	1.0
4122.0	1.0
4123.0	1.0
4124.0	3.0
4125.0	1.0
4126.0	1.0
4127.0	1.0
4128.0	2.0
4130.0	2.0
4132.0	1.0
4133.0	3.0
4134.0	2.0
4137.0	1.0
4138.0	1.0
4139.0	3.0
4141.0	3.0
4142.0	2.0
4143.0	2.0
4144.0	1.0
4145.0	1.0
4146.0	1.0
4147.0	2.0
4148.0	1.0
4149.0	1.0
4150.0	1.0
4151.0	2.0
4155.0	4.0
4156.0	4.0
4157.0	1.0
4158.0	1.0
4160.0	2.0
4161.0	2.0
4163.0	3.0
4164.0	1.0
4165.0	3.0
4167.0	1.0
4170.0	1.0
4173.0	1.0
4174.0	2.0
4175.0	1.0
4177.0	1.0
4178.0	1.0
4179.0	1.0
4180.0	2.0
4182.0	3.0
4183.0	1.0
4184.0	1.0
4185.0	5.0
4186.0	1.0
4187.0	1.0
4188.0	1.0
4189.0	2.0
4191.0	1.0
4194.0	2.0
4195.0	1.0
4196.0	2.0
4197.0	1.0
4198.0	2.0
4201.0	1.0
4204.0	1.0
4205.0	2.0
4208.0	2.0
4209.0	1.0
4210.0	2.0
4215.0	1.0
4216.0	2.0
4217.0	1.0
4218.0	1.0
4220.0	2.0
4221.0	1.0
4222.0	1.0
4227.0	1.0
4229.0	2.0
4232.0	1.0
4234.0	1.0
4235.0	1.0
4238.0	1.0
4239.0	2.0
4240.0	1.0
4243.0	2.0
4245.0	1.0
4246.0	1.0
4247.0	2.0
4250.0	1.0
4251.0	1.0
4253.0	1.0
4255.0	1.0
4256.0	6.0
4257.0	2.0
4260.0	1.0
4261.0	3.0
4262.0	1.0
4263.0	1.0
4265.0	3.0
4267.0	2.0
4268.0	3.0
4269.0	1.0
4270.0	2.0
4271.0	1.0
4272.0	2.0
4273.0	3.0
4275.0	1.0
4277.0	1.0
4278.0	1.0
4279.0	1.0
4280.0	1.0
4281.0	1.0
4282.0	2.0
4285.0	2.0
4286.0	1.0
4287.0	5.0
4288.0	1.0
4292.0	2.0
4293.0	3.0
4298.0	2.0
4299.0	3.0
4301.0	3.0
4304.0	1.0
4305.0	2.0
4306.0	1.0
4307.0	1.0
4308.0	3.0
4311.0	2.0
4312.0	4.0
4314.0	1.0
4315.0	2.0
4317.0	3.0
4318.0	2.0
4320.0	2.0
4321.0	1.0
4325.0	2.0
4326.0	1.0
4327.0	2.0
4329.0	4.0
4331.0	2.0
4333.0	2.0
4334.0	3.0
4335.0	1.0
4336.0	1.0
4338.0	2.0
4339.0	1.0
4340.0	2.0
4342.0	1.0
4343.0	1.0
4344.0	2.0
4345.0	4.0
4346.0	1.0
4351.0	4.0
4352.0	4.0
4353.0	2.0
4354.0	1.0
4355.0	1.0
4357.0	1.0
4358.0	1.0
4359.0	2.0
4363.0	1.0
4364.0	1.0
4365.0	1.0
4366.0	1.0
4368.0	2.0
4369.0	1.0
4370.0	2.0
4371.0	1.0
4373.0	1.0
4374.0	2.0
4375.0	1.0
4377.0	1.0
4379.0	1.0
4382.0	1.0
4383.0	1.0
4384.0	1.0
4389.0	1.0
4390.0	1.0
4395.0	1.0
4396.0	1.0
4397.0	1.0
4398.0	2.0
4399.0	1.0
4404.0	1.0
4405.0	1.0
4406.0	1.0
4407.0	1.0
4410.0	1.0
4411.0	1.0
4413.0	1.0
4414.0	1.0
4415.0	1.0
4416.0	1.0
4418.0	2.0
4419.0	1.0
4420.0	2.0
4422.0	1.0
4425.0	1.0
4427.0	1.0
4428.0	1.0
4430.0	3.0
4432.0	1.0
4433.0	1.0
4435.0	1.0
4436.0	2.0
4437.0	1.0
4438.0	1.0
4439.0	1.0
4444.0	2.0
4446.0	3.0
4449.0	1.0
4450.0	1.0
4451.0	2.0
4452.0	1.0
4456.0	1.0
4459.0	1.0
4460.0	1.0
4462.0	2.0
4464.0	1.0
4465.0	1.0
4469.0	2.0
4472.0	2.0
4473.0	1.0
4475.0	1.0
4478.0	1.0
4482.0	1.0
4484.0	1.0
4490.0	1.0
4491.0	2.0
4492.0	1.0
4493.0	1.0
4495.0	1.0
4496.0	1.0
4497.0	1.0
4498.0	1.0
4500.0	1.0
4501.0	2.0
4507.0	1.0
4508.0	1.0
4510.0	1.0
4511.0	1.0
4513.0	2.0
4514.0	1.0
4515.0	1.0
4516.0	1.0
4517.0	1.0
4518.0	1.0
4519.0	1.0
4520.0	1.0
4521.0	3.0
4522.0	1.0
4523.0	1.0
4527.0	1.0
4530.0	1.0
4531.0	1.0
4534.0	1.0
4535.0	1.0
4536.0	1.0
4539.0	2.0
4540.0	2.0
4541.0	1.0
4542.0	1.0
4544.0	1.0
4545.0	1.0
4550.0	2.0
4551.0	1.0
4556.0	1.0
4557.0	1.0
4565.0	1.0
4571.0	1.0
4575.0	1.0
4579.0	1.0
4582.0	1.0
4583.0	1.0
4586.0	1.0
4591.0	1.0
4595.0	3.0
4596.0	1.0
4599.0	1.0
4602.0	1.0
4603.0	1.0
4605.0	1.0
4613.0	1.0
4615.0	1.0
4617.0	1.0
4618.0	3.0
4620.0	2.0
4625.0	2.0
4626.0	2.0
4627.0	1.0
4629.0	1.0
4632.0	2.0
4633.0	1.0
4634.0	1.0
4636.0	1.0
4637.0	1.0
4639.0	1.0
4641.0	3.0
4643.0	1.0
4646.0	2.0
4647.0	1.0
4652.0	2.0
4654.0	2.0
4660.0	1.0
4668.0	1.0
4671.0	2.0
4673.0	1.0
4675.0	1.0
4676.0	2.0
4677.0	1.0
4680.0	1.0
4683.0	1.0
4690.0	1.0
4694.0	1.0
4695.0	1.0
4698.0	1.0
4699.0	1.0
4702.0	1.0
4703.0	2.0
4704.0	1.0
4707.0	1.0
4709.0	1.0
4713.0	1.0
4721.0	1.0
4724.0	1.0
4726.0	1.0
4729.0	1.0
4730.0	1.0
4733.0	1.0
4734.0	1.0
4735.0	1.0
4737.0	1.0
4740.0	1.0
4743.0	1.0
4747.0	1.0
4750.0	1.0
4753.0	1.0
4759.0	2.0
4762.0	1.0
4763.0	1.0
4765.0	2.0
4770.0	1.0
4771.0	1.0
4772.0	1.0
4773.0	1.0
4778.0	1.0
4791.0	1.0
4793.0	1.0
4795.0	1.0
4796.0	1.0
4802.0	1.0
4807.0	1.0
4810.0	1.0
4812.0	1.0
4817.0	1.0
4821.0	1.0
4824.0	1.0
4827.0	1.0
4831.0	3.0
4834.0	1.0
4835.0	1.0
4837.0	1.0
4838.0	1.0
4843.0	1.0
4847.0	1.0
4848.0	1.0
4850.0	2.0
4851.0	2.0
4860.0	1.0
4862.0	1.0
4865.0	1.0
4878.0	1.0
4879.0	1.0
4880.0	1.0
4881.0	1.0
4882.0	2.0
4883.0	2.0
4887.0	1.0
4888.0	1.0
4890.0	1.0
4892.0	1.0
4896.0	1.0
4898.0	1.0
4903.0	1.0
4906.0	1.0
4909.0	1.0
4911.0	1.0
4912.0	1.0
4913.0	1.0
4918.0	2.0
4930.0	1.0
4934.0	1.0
4935.0	1.0
4938.0	1.0
4940.0	1.0
4941.0	1.0
4948.0	2.0
4960.0	1.0
4962.0	1.0
4966.0	1.0
4978.0	1.0
4979.0	1.0
4982.0	1.0
4986.0	1.0
4987.0	1.0
4989.0	2.0
4990.0	1.0
4991.0	1.0
4997.0	1.0
4998.0	1.0
4999.0	1.0
5003.0	3.0
5004.0	1.0
5007.0	1.0
5012.0	1.0
5015.0	1.0
5016.0	1.0
5023.0	1.0
5024.0	1.0
5026.0	1.0
5038.0	2.0
5043.0	1.0
5044.0	1.0
5053.0	1.0
5058.0	1.0
5060.0	3.0
5070.0	1.0
5077.0	1.0
5081.0	1.0
5082.0	1.0
5087.0	1.0
5096.0	1.0
5109.0	1.0
5127.0	2.0
5129.0	1.0
5134.0	1.0
5139.0	1.0
5141.0	1.0
5148.0	1.0
5151.0	1.0
5155.0	1.0
5164.0	1.0
5173.0	1.0
5176.0	1.0
5183.0	1.0
5208.0	1.0
5211.0	1.0
5233.0	1.0
5235.0	1.0
5267.0	2.0
5292.0	1.0
5296.0	1.0
5303.0	1.0
5316.0	1.0
5344.0	1.0
5349.0	1.0
5350.0	1.0
5352.0	1.0
5363.0	1.0
5377.0	1.0
5379.0	1.0
5392.0	1.0
5399.0	2.0
5405.0	1.0
5416.0	1.0
5425.0	1.0
5439.0	1.0
5476.0	1.0
5484.0	1.0
5499.0	2.0
5500.0	1.0
5507.0	1.0
5514.0	1.0
5517.0	1.0
5518.0	1.0
5522.0	1.0
5524.0	1.0
5525.0	1.0
5529.0	1.0
5530.0	3.0
5533.0	1.0
5537.0	1.0
5539.0	1.0
5540.0	2.0
5541.0	3.0
5542.0	1.0
5543.0	2.0
5544.0	1.0
5545.0	2.0
5549.0	1.0
5566.0	1.0
5578.0	1.0
5581.0	1.0
5588.0	1.0
5593.0	1.0
5594.0	1.0
5595.0	1.0
5617.0	1.0
5636.0	1.0
5664.0	1.0
5666.0	1.0
5670.0	1.0
5673.0	1.0
5679.0	1.0
5687.0	1.0
5699.0	1.0
5713.0	1.0
5718.0	1.0
5724.0	1.0
5738.0	2.0
5739.0	1.0
5759.0	1.0
5767.0	1.0
5777.0	1.0
5812.0	1.0
5831.0	1.0
5837.0	2.0
5850.0	1.0
5859.0	1.0
5860.0	1.0
5863.0	1.0
5864.0	1.0
5866.0	1.0
5878.0	1.0
5889.0	1.0
5890.0	1.0
5892.0	1.0
5894.0	1.0
5900.0	1.0
5906.0	1.0
5907.0	1.0
5954.0	1.0
5965.0	1.0
5981.0	1.0
5987.0	1.0
5991.0	1.0
6001.0	1.0
6050.0	1.0
6061.0	1.0
6064.0	1.0
6082.0	3.0
6084.0	1.0
6090.0	1.0
6092.0	1.0
6094.0	1.0
6108.0	1.0
6109.0	1.0
6113.0	1.0
6116.0	1.0
6120.0	1.0
6126.0	1.0
6130.0	1.0
6150.0	1.0
6157.0	1.0
6178.0	1.0
6184.0	1.0
6190.0	1.0
6197.0	1.0
6205.0	1.0
6208.0	1.0
6210.0	1.0
6214.0	1.0
6237.0	1.0
6240.0	1.0
6242.0	1.0
6243.0	1.0
6244.0	1.0
6245.0	1.0
6246.0	1.0
6252.0	1.0
6253.0	1.0
6254.0	1.0
6260.0	1.0
6261.0	1.0
6265.0	1.0
6268.0	1.0
6270.0	1.0
6271.0	1.0
6272.0	1.0
6274.0	1.0
6275.0	1.0
6276.0	3.0
6281.0	1.0
6283.0	1.0
6284.0	1.0
6287.0	1.0
6293.0	1.0
6294.0	1.0
6295.0	1.0
6300.0	1.0
6302.0	1.0
6321.0	2.0
6322.0	1.0
6323.0	1.0
6325.0	1.0
6329.0	1.0
6338.0	1.0
6341.0	1.0
6343.0	1.0
6344.0	1.0
6359.0	1.0
6371.0	1.0
6377.0	1.0
6404.0	1.0
6421.0	1.0
6422.0	1.0
6437.0	1.0
6447.0	1.0
6450.0	1.0
6452.0	1.0
6465.0	1.0
6466.0	1.0
6472.0	1.0
6476.0	1.0
6483.0	1.0
6500.0	1.0
6503.0	1.0
6532.0	1.0
6545.0	1.0
6586.0	1.0
6602.0	1.0
6607.0	1.0
6613.0	2.0
6651.0	1.0
6668.0	2.0
6681.0	1.0
6692.0	1.0
6695.0	1.0
6764.0	1.0
6829.0	1.0
6838.0	1.0
6860.0	1.0
6868.0	1.0
6887.0	1.0
6938.0	1.0
6980.0	1.0
6985.0	1.0
7024.0	1.0
7040.0	1.0
7042.0	1.0
7044.0	1.0
7060.0	1.0
7067.0	1.0
7069.0	1.0
7074.0	1.0
7220.0	1.0
7231.0	1.0
7245.0	1.0
7345.0	1.0
7382.0	1.0
7393.0	1.0
7408.0	1.0
7462.0	1.0
7471.0	1.0
7516.0	1.0
7583.0	1.0
7622.0	1.0
7647.0	1.0
7694.0	1.0
7776.0	1.0
7785.0	1.0
7825.0	1.0
7832.0	2.0
7897.0	1.0
7906.0	1.0
7980.0	1.0
8007.0	1.0
8025.0	1.0
8065.0	1.0
8118.0	1.0
8147.0	1.0
8158.0	1.0
8185.0	1.0
8200.0	1.0
8289.0	1.0
8342.0	1.0
8358.0	1.0
8363.0	1.0
8367.0	1.0
8425.0	1.0
8429.0	1.0
8483.0	1.0
8503.0	1.0
8539.0	1.0
8618.0	1.0
8640.0	1.0
8650.0	1.0
8675.0	2.0
8710.0	1.0
8778.0	1.0
8781.0	1.0
8812.0	1.0
8839.0	1.0
8867.0	1.0
8876.0	1.0
8919.0	1.0
8921.0	1.0
8924.0	1.0
9007.0	1.0
9018.0	1.0
9020.0	1.0
9030.0	1.0
9033.0	1.0
9072.0	1.0
9073.0	1.0
9093.0	1.0
9131.0	1.0
9133.0	1.0
9173.0	1.0
9187.0	1.0
9213.0	1.0
9217.0	1.0
9225.0	1.0
9230.0	1.0
9233.0	1.0
9281.0	1.0
9282.0	1.0
9292.0	1.0
9329.0	1.0
9340.0	1.0
9348.0	1.0
9361.0	2.0
9362.0	1.0
9369.0	1.0
9379.0	1.0
9398.0	1.0
9412.0	1.0
9420.0	1.0
9426.0	1.0
9434.0	1.0
9439.0	1.0
9454.0	1.0
9462.0	1.0
9477.0	1.0
9479.0	1.0
9483.0	1.0
9490.0	1.0
9493.0	1.0
9509.0	1.0
9519.0	1.0
9531.0	1.0
9563.0	1.0
9650.0	1.0
9814.0	1.0
9864.0	1.0
9910.0	1.0
9988.0	1.0
10136.0	1.0
10147.0	1.0
10314.0	1.0
10371.0	1.0
10499.0	1.0
10578.0	1.0
10741.0	1.0
10862.0	1.0
11001.0	1.0
11073.0	1.0
11215.0	1.0
11236.0	1.0
11556.0	1.0
11616.0	1.0
11642.0	1.0
11663.0	1.0
11822.0	1.0
12051.0	1.0
12071.0	1.0
12099.0	1.0
12163.0	1.0
12227.0	1.0
12233.0	1.0
12309.0	1.0
12319.0	1.0
12359.0	1.0
12365.0	1.0
12474.0	1.0
12569.0	1.0
12573.0	1.0
12581.0	1.0
12715.0	1.0
12866.0	1.0
13040.0	1.0
13050.0	1.0
13053.0	1.0
13087.0	1.0
13215.0	1.0
13217.0	1.0
13268.0	1.0
13310.0	1.0
13338.0	1.0
13352.0	1.0
13390.0	1.0
13402.0	1.0
13416.0	1.0
13437.0	1.0
13483.0	1.0
13592.0	1.0
13686.0	1.0
13764.0	1.0
13812.0	1.0
13818.0	1.0
13855.0	1.0
13884.0	1.0
13889.0	1.0
13959.0	1.0
13967.0	1.0
14074.0	1.0
14138.0	1.0
14181.0	1.0
14221.0	1.0
14265.0	1.0
14293.0	1.0
14308.0	1.0
14333.0	1.0
14417.0	1.0
14422.0	1.0
14458.0	1.0
14565.0	1.0
14696.0	1.0
14752.0	1.0
14877.0	1.0
14920.0	1.0
14984.0	1.0
15061.0	1.0
15079.0	1.0
15128.0	1.0
15174.0	1.0
15217.0	1.0
15307.0	1.0
15404.0	1.0
15424.0	1.0
15507.0	1.0
15570.0	1.0
15600.0	1.0
15774.0	1.0
15872.0	1.0
15892.0	1.0
16003.0	1.0
16030.0	1.0
16080.0	1.0
16086.0	1.0
16113.0	1.0
16119.0	1.0
16158.0	1.0
16168.0	1.0
16234.0	1.0
16245.0	1.0
16355.0	1.0
16455.0	1.0
16495.0	1.0
16646.0	1.0
16719.0	1.0
16893.0	1.0
16943.0	1.0
17001.0	1.0
17004.0	1.0
17027.0	1.0
17032.0	1.0
17060.0	1.0
17114.0	1.0
17185.0	1.0
17196.0	1.0
17275.0	1.0
17282.0	1.0
17324.0	1.0
