(di-)nucleotide	count sample	percent sample	count genomic	percent genomic	coverage
A	2083253409	29.63	158272347	30.54	13.162
C	1370148924	19.49	101422742	19.57	13.509
G	1560678366	22.20	100986991	19.48	15.454
T	2016362470	28.68	157631836	30.41	12.792
AA	730003485	10.48	58077729	11.21	12.569
AC	377818088	5.42	28964398	5.59	13.044
AG	458001823	6.57	30164497	5.82	15.183
AT	504014002	7.24	41065624	7.92	12.273
CA	460248489	6.61	35119143	6.78	13.105
CC	265328161	3.81	19974002	3.85	13.284
CG	241353849	3.46	16010751	3.09	15.074
CT	389802573	5.60	30318833	5.85	12.857
GA	474239482	6.81	30955994	5.97	15.320
GC	315727071	4.53	21382650	4.13	14.766
GG	334261483	4.80	19929739	3.85	16.772
GT	416196733	5.97	28718592	5.54	14.492
TA	403780789	5.80	34119440	6.58	11.834
TC	398000213	5.71	31101682	6.00	12.797
TG	510908651	7.33	34881987	6.73	14.647
TT	686214488	9.85	57528681	11.10	11.928
