(di-)nucleotide	count sample	percent sample	count genomic	percent genomic	coverage
A	2215979340	29.91	158272347	30.54	14.001
C	1443474061	19.48	101422742	19.57	14.232
G	1619653681	21.86	100986991	19.48	16.038
T	2130825031	28.76	157631836	30.41	13.518
AA	782115087	10.65	58077729	11.21	13.467
AC	402498894	5.48	28964398	5.59	13.896
AG	479627596	6.53	30164497	5.82	15.900
AT	537751797	7.32	41065624	7.92	13.095
CA	490037107	6.67	35119143	6.78	13.954
CC	279915683	3.81	19974002	3.85	14.014
CG	248794870	3.39	16010751	3.09	15.539
CT	410855297	5.59	30318833	5.85	13.551
GA	494097473	6.73	30955994	5.97	15.961
GC	326892058	4.45	21382650	4.13	15.288
GG	345993205	4.71	19929739	3.85	17.361
GT	432357363	5.89	28718592	5.54	15.055
TA	433362910	5.90	34119440	6.58	12.701
TC	420508677	5.73	31101682	6.00	13.520
TG	529746942	7.21	34881987	6.73	15.187
TT	728964068	9.93	57528681	11.10	12.671
