(di-)nucleotide	count sample	percent sample	count genomic	percent genomic	coverage
A	2572895189	29.85	158272347	30.54	16.256
C	1681999059	19.51	101422742	19.57	16.584
G	1875178524	21.75	100986991	19.48	18.569
T	2490459596	28.89	157631836	30.41	15.799
AA	908829439	10.64	58077729	11.21	15.649
AC	467028722	5.47	28964398	5.59	16.124
AG	552684843	6.47	30164497	5.82	18.322
AT	627801849	7.35	41065624	7.92	15.288
CA	571130098	6.69	35119143	6.78	16.263
CC	326149103	3.82	19974002	3.85	16.329
CG	289507070	3.39	16010751	3.09	18.082
CT	479265828	5.61	30318833	5.85	15.808
GA	569333973	6.66	30955994	5.97	18.392
GC	382148840	4.47	21382650	4.13	17.872
GG	397952360	4.66	19929739	3.85	19.968
GT	501901993	5.87	28718592	5.54	17.477
TA	505122980	5.91	34119440	6.58	14.805
TC	490729604	5.74	31101682	6.00	15.778
TG	616235061	7.21	34881987	6.73	17.666
TT	857457964	10.04	57528681	11.10	14.905
