(di-)nucleotide	count sample	percent sample	count genomic	percent genomic	coverage
A	1910471498	30.19	158272347	30.54	12.071
C	1235209439	19.52	101422742	19.57	12.179
G	1358928432	21.47	100986991	19.48	13.456
T	1824584651	28.83	157631836	30.41	11.575
AA	680073976	10.84	58077729	11.21	11.710
AC	348978975	5.56	28964398	5.59	12.049
AG	404011976	6.44	30164497	5.82	13.394
AT	465603563	7.42	41065624	7.92	11.338
CA	424505497	6.77	35119143	6.78	12.088
CC	238841080	3.81	19974002	3.85	11.958
CG	210201051	3.35	16010751	3.09	13.129
CT	350479508	5.59	30318833	5.85	11.560
GA	415061277	6.61	30955994	5.97	13.408
GC	276568677	4.41	21382650	4.13	12.934
GG	287626796	4.58	19929739	3.85	14.432
GT	363087232	5.79	28718592	5.54	12.643
TA	376911068	6.01	34119440	6.58	11.047
TC	359842676	5.73	31101682	6.00	11.570
TG	444390226	7.08	34881987	6.73	12.740
TT	628748151	10.02	57528681	11.10	10.929
