(di-)nucleotide	count sample	percent sample	count genomic	percent genomic	coverage
A	2527860556	29.58	158272347	30.54	15.972
C	1672640076	19.57	101422742	19.57	16.492
G	1878753279	21.99	100986991	19.48	18.604
T	2465976996	28.86	157631836	30.41	15.644
AA	885622802	10.46	58077729	11.21	15.249
AC	461110655	5.45	28964398	5.59	15.920
AG	549896658	6.49	30164497	5.82	18.230
AT	615486691	7.27	41065624	7.92	14.988
CA	562262930	6.64	35119143	6.78	16.010
CC	325120418	3.84	19974002	3.85	16.277
CG	291872568	3.45	16010751	3.09	18.230
CT	477125957	5.63	30318833	5.85	15.737
GA	567943591	6.71	30955994	5.97	18.347
GC	381338898	4.50	21382650	4.13	17.834
GG	402152190	4.75	19929739	3.85	20.178
GT	503471561	5.95	28718592	5.54	17.531
TA	494210248	5.84	34119440	6.58	14.485
TC	489106572	5.78	31101682	6.00	15.726
TG	615897275	7.27	34881987	6.73	17.657
TT	845337338	9.98	57528681	11.10	14.694
