# Position (bp)	A	C	G	T	N
0.0	32.92460417138924	23.547424893142104	11.56629001767861	31.9587864455377	0.0028944722523446113
1.0	32.19716039474284	25.971588290593576	9.922976541296263	31.844779500710345	0.06349527265697169
2.0	33.82789666761288	25.265063406777504	10.150091864776682	30.754057672972284	0.002890387860643278
3.0	29.03557913611031	24.554147801882493	11.292812083264408	35.112475297939355	0.004985680803427078
4.0	43.79834541292179	11.745429395503221	12.949833458928378	31.500650439378436	0.005741293268173671
5.0	44.03462815357585	12.124842155279042	11.099140439766455	32.73773712446571	0.0036521269129418713
6.0	42.228892033870494	12.033070638873742	11.054801644920685	34.67620576348513	0.007029918849944214
7.0	42.132821014467595	13.303070033022307	9.80196009957747	34.75853416627695	0.003614686655679653
8.0	41.105703376498546	12.130155948882477	10.78700918375474	35.95995253936843	0.017178951495806352
9.0	40.52558565071507	12.87985285298164	11.1139899265286	35.477291803238515	0.0032797665361703515
10.0	40.05625977275806	14.18820332374182	11.096251413369712	34.65185530089373	0.007430189236674842
11.0	39.624656655822605	13.485132473841174	11.370457050238699	35.47960356894147	0.040150251156053036
12.0	39.84665423650126	12.502003053763527	11.793704182485175	35.854965292881516	0.00267323436852241
13.0	40.1703763154294	12.620771718582688	11.143874739875304	36.06229650369263	0.002680722419974854
14.0	39.53788851925144	12.558275760428645	11.025670401842877	36.875524759242126	0.0026405592349117465
15.0	39.71225188171329	13.124043656701431	11.384671414091288	35.776240685034175	0.0027923624598112876
16.0	40.36851424125276	12.435537747607738	11.203108630523886	35.9885194556595	0.004319924956109808
17.0	40.90461788133072	12.039330649887987	11.019040753379663	36.034342926888705	0.002667788512920633
18.0	40.35043127772706	12.121551497031668	11.526872234100995	35.99857658949209	0.0025684016481881977
19.0	39.411521524403895	12.629267934053413	11.538578100717015	36.418206312155085	0.002426128670591767
20.0	39.170336622433396	12.117036453558807	11.617923377028767	37.0920654134568	0.0026381335222350403
21.0	39.42348232912506	11.986231539862473	11.766014696923854	36.821711319412906	0.0025601146757069037
22.0	39.446508439310115	12.06051129621885	11.580649258725208	36.90969703146673	0.002633974279104971
23.0	39.74891293711353	11.608306993337106	11.657375747428949	36.98219786391584	0.0032064582045664763
24.0	39.905882402946816	11.625395626630228	11.709549664594281	36.75294916839716	0.006223137431519092
25.0	39.80275257187318	11.707536845464354	11.599897357731436	36.88743826841826	0.0023749565127817247
26.0	39.730168037852756	11.572996952808246	11.452066261705465	37.24198176095065	0.0027869866828781615
27.0	39.669547799949534	11.632249890193739	11.36781517362026	37.32418201406352	0.006205122172953086
28.0	39.41718526946826	11.709722888423308	11.334139106168127	37.536636703787586	0.0023160321527169103
29.0	39.30431765055284	11.432420728184656	11.250148640674848	38.010307094788644	0.0028058857990157096
30.0	39.11389956422423	11.672136737087476	11.25510270695422	37.95635263128887	0.002508360445200134
31.0	39.02333547848817	11.736789160519743	11.350862018924653	37.88661006223498	0.0024032798324553463
32.0	39.19279101803558	11.47033830485413	11.397588591204116	37.93711495977621	0.002167126129972324
33.0	39.12381649432364	11.472732361378283	11.3819875902741	38.01880790301229	0.0026556510116837228
34.0	39.115465613618674	11.53445849211492	11.369071083154969	37.97296908045612	0.008035730655311234
35.0	39.11057690562061	11.258095719881176	11.354121036195695	38.27404059325062	0.003165745051898009
36.0	39.033030905854474	11.432865871459583	11.407156496101654	38.11837716342974	0.00856956315454934
37.0	38.86289649707073	11.57145239703415	11.39095334544641	38.14742434455049	0.027273415898225642
38.0	38.92467985971411	11.383061270021784	11.335939558468771	38.35406107401665	0.002258237778680935
39.0	38.783208267672265	11.414063815102576	11.358120661719317	38.43240136383804	0.01220589166780911
40.0	38.85486085282267	11.492857294723848	11.391912186805985	38.25836985727567	0.001999808371831543
41.0	38.85443995385196	11.312952700195417	11.314910294618999	38.515569291458384	0.0021277598752424383
42.0	38.76762439835784	11.3713272976051	11.305121492654386	38.55354803100771	0.0023787803749662282
43.0	38.71859097137055	11.423696627066777	11.324258866712041	38.53109434350579	0.002359191344834574
44.0	38.81745617169901	11.170025434885474	11.311790655015306	38.698691586874936	0.002036151525279992
45.0	38.62514755737521	11.285231966133628	11.314245077670137	38.77311554495093	0.002259853870101488
46.0	38.47783520910953	11.484462939505217	11.32661283205403	38.708935309313866	0.0021537100173556756
47.0	38.59449797232722	11.25689379878113	11.315834238190261	38.83061176871167	0.0021622219897201866
48.0	38.54267335908779	11.357883070567071	11.412969915982188	38.6843737144406	0.0020999399223515583
49.0	38.44316057388068	11.424733876817509	11.417511395139872	38.712073099236726	0.0025210549252129627
50.0	38.4948328998186	11.325620421324418	11.36382756104259	38.81348262666297	0.0022364911514229273
51.0	38.42832814628037	11.36648202627681	11.403731247036966	38.798355553131266	0.0031030272745854294
52.0	38.45768321078683	11.37077914611599	11.430086125456747	38.73492784349909	0.006523674141339209
53.0	38.402131158356	11.154820486124871	11.37018569636259	39.07052731009444	0.0023353490620986322
54.0	38.371058160278174	11.261433245749265	11.392385830108953	38.97217633799244	0.0029464258711705887
55.0	38.26507114064657	11.300101816046448	11.434551173177109	38.99794962497825	0.0023262451516307785
56.0	38.33517425001532	11.214975842599628	11.434373700581935	39.013164902653514	0.002311304149609996
57.0	38.152366637438476	11.335560186188856	11.476639623450879	39.03310333414123	0.0023302187805565506
58.0	38.092726945882845	11.401284688638738	11.519146106980145	38.98415251071495	0.0026897477833283116
59.0	38.16292632743472	11.216561766089344	11.513815743348792	39.103850112808864	0.002846050318289936
60.0	38.193126727027796	11.26866295783887	11.567445144819198	38.950299246236824	0.020465924077308476
61.0	38.02616856673595	11.404097001091158	11.556259489299595	39.010570959099326	0.0029039837739773
62.0	38.05597678702876	11.215948767933353	11.516154461376095	39.209510331602615	0.0024096520591762507
63.0	38.08333665365649	11.207064223269066	11.556470653524377	39.15059358527231	0.0025348842777579766
64.0	38.114296239772685	11.235702016795281	11.60673192209011	39.040133836682365	0.003135984659552524
65.0	38.0538404315166	11.133341721251961	11.5619933959486	39.24829369098609	0.0025307602967464247
66.0	37.89815621199943	11.288288607345732	11.587863278967445	39.22256602999064	0.003125871696753235
67.0	37.95337420043043	11.228631994154513	11.65873134724364	39.15513537723707	0.004127080934345022
68.0	37.965003076120354	11.13723513148894	11.684769012528385	39.20026176132803	0.012731018534291327
69.0	37.80994790486723	11.229052112708871	11.712711362672398	39.245463126041074	0.002825493710427982
70.0	37.77028431140728	11.384491439304082	11.722033097346667	39.11825163140648	0.004939520535489557
71.0	37.7242989046014	11.192034527122562	11.746185540266746	39.31615395807578	0.021327069933511102
72.0	37.85829470076434	11.152678882111774	11.788059627975185	39.17779629540726	0.023170493741439292
73.0	37.78536908839258	11.23635373670143	11.78267439008876	39.17357927107868	0.022023513738555787
74.0	37.786844284180425	11.141585261273033	11.758963175144565	39.30946301904052	0.003144260361457735
75.0	37.69402081414142	11.177138136602652	11.796511812652636	39.318395758996324	0.01393347760697325
76.0	37.72155758745491	11.192084907453648	11.839809316118123	39.24371805936899	0.0028301296043367393
77.0	37.70963205839184	11.030653415136046	11.82435283683318	39.42740219255712	0.007959497081821625
78.0	37.576186921471276	11.191696936636617	11.843251914172402	39.3804473694566	0.008416858263105688
79.0	37.50570088392012	11.244788287654238	11.917319594056028	39.28837850617735	0.043812728192257615
80.0	37.58847893086101	11.092254168344706	11.959643495166777	39.3524803540265	0.007143051601014239
81.0	37.549724421836586	11.165088435119594	11.956095010093321	39.32591452066889	0.0031776122816056535
82.0	37.50647304805542	11.181012611081982	11.985775022187932	39.31979491577463	0.0069444029000335986
83.0	37.578870904089506	10.99362720403639	11.988624044184588	39.43340028190331	0.005477565786206115
84.0	37.53438838740168	11.065305815382898	12.028824962475243	39.36792279060102	0.0035580441391656692
85.0	37.476316057270736	11.09666328252801	12.000159105853307	39.424532782932104	0.002328771415845781
86.0	37.45063203638479	11.046031290195893	11.980213366490288	39.520361226910225	0.0027620800188074956
87.0	37.41040189339685	11.039829602003433	12.045281376241194	39.501794543174704	0.0026925851838233094
88.0	37.362370104306095	11.127540492650615	12.117839603615325	39.39004085514606	0.0022089442819033414
89.0	37.32636453000543	11.024190770167401	12.127912684183112	39.518383769246185	0.00314824639787339
90.0	37.305217935664935	11.095425068572697	12.163889803597158	39.427378787862	0.008088404303213632
91.0	37.32594740678977	11.061640247557902	12.220554876846133	39.38937589781014	0.002481570996051708
92.0	37.37594271423635	10.922642540312758	12.261835360049114	39.43693347303691	0.0026459123648700364
93.0	37.23845496259297	10.999945474052282	12.258855462973393	39.50049080191484	0.0022532984665124284
94.0	37.21192243746261	11.021741080967956	12.251530110166541	39.5124882464636	0.0023181249392882383
95.0	37.23454674084635	10.87749512083423	12.256156544489224	39.62927409009041	0.0025275037397868706
96.0	37.21568523340575	10.93940191788315	12.30517208921382	39.53719491492574	0.002545844571542681
97.0	37.136876220431134	11.006709369355134	12.313826861892133	39.54013121982077	0.002456328500824654
98.0	37.041456089819256	10.960282446505575	12.332580413498157	39.66102381408314	0.0046572360938769986
99.0	37.071150640049595	10.962602659375687	12.415962202232599	39.54722978706432	0.003054711277801228
100.0	37.06833450772572	10.972600891486849	12.475302596601514	39.48116050611023	0.002601498075679951
101.0	37.08393521915694	10.84300059197136	12.477560687110538	39.59259537542156	0.0029081263396021745
102.0	37.02987074779821	10.901141245994179	12.503428857701914	39.56315330527012	0.002405843235573425
103.0	37.02507517400548	10.855896436517936	12.528089148149746	39.58866343211652	0.0022758092103188
104.0	37.05612754707511	10.763783383583112	12.56682955512695	39.61042277953527	0.0028367346795588324
105.0	36.96697558031472	10.815866708416637	12.54490113924398	39.669826805545114	0.0024297664795550414
106.0	36.909834815273385	10.877823450052718	12.553238469360195	39.65660946651727	0.0024937987964348115
107.0	36.88624847260386	10.757432396181892	12.61504956455371	39.73871552727446	0.002554039386075142
108.0	36.86254703083426	10.829527897422214	12.674560098864681	39.63031863269132	0.0030463401875297446
109.0	36.751530308062144	10.84165855190156	12.71194478412129	39.692257621664886	0.002608734250124687
110.0	36.76222622837871	10.783047744195654	12.753069120018228	39.69857452732453	0.00308238008287199
111.0	36.75669757151644	10.761437273270474	12.80217380830318	39.67322402427298	0.006467322636920504
112.0	36.785711270669076	10.740414323644693	12.866997162649039	39.60304802184249	0.0038292211947074553
113.0	36.72712955069583	10.66853802673295	12.8928283550659	39.663061035671504	0.04844303183381842
114.0	36.66411552146617	10.704106314778365	12.891786528388344	39.70920286464771	0.030788770719410868
115.0	36.646355238102	10.71271022900198	12.906206579981497	39.731611791050625	0.003116161863901867
116.0	36.56714300174445	10.624414624771244	12.991206207581863	39.78462333929871	0.032612826603733686
117.0	36.553129699128576	10.67627644683095	13.004048199671237	39.763977137607775	0.002568516761464091
118.0	36.43378475748327	10.77188827025017	13.045620874262193	39.74604670104665	0.0026593969577177494
119.0	36.4643201949146	10.618833726989942	13.133491990485668	39.78104519066691	0.0023088969428765966
120.0	36.49360051257844	10.603322096819555	13.183248982420912	39.71693172947947	0.002896678701623934
121.0	36.49331812282389	10.569810711184605	13.155442679960633	39.777300615274285	0.004127870756593833
122.0	36.388598327369884	10.516024769256903	13.241298481812738	39.85144038647098	0.0026380350894973682
123.0	36.28115925797332	10.50643745612813	13.295402654464683	39.89431730992511	0.02268332150876234
124.0	36.215644605795895	10.570605853153326	13.305520298991292	39.90502275032007	0.0032064917394162918
125.0	36.11168231791528	10.503153044479205	13.332000969123822	40.049753165900476	0.0034105025812114142
126.0	36.04121772646718	10.571697786553559	13.37596414993045	39.98837067614506	0.02274966090374685
127.0	36.06479789259826	10.599005407014449	13.421671428609223	39.91091743782428	0.0036078339537840526
128.0	36.06323348045396	10.496641845830053	13.580830218754633	39.85708033044056	0.002214124520795528
129.0	35.98221315740119	10.56217648371424	13.569128637881747	39.8843065135288	0.002175207474021768
130.0	36.10443614515572	10.475888547342905	13.74305879262237	39.67424659265282	0.002369922226182928
131.0	35.87957035369864	10.371301190587893	13.981548599777302	39.76521151963407	0.002368336302088032
132.0	35.74012728304497	10.382651235703156	13.77534617242889	40.09950256516277	0.0023727436602132765
133.0	35.70542640184563	10.25530214590906	13.741855237039191	40.29419803071716	0.0032181844889635214
134.0	35.839921182739666	10.231173258916483	13.904866510678687	40.01175155854571	0.012287489119451782
135.0	35.60226080190853	10.355924427312111	14.386931524212972	39.65181509947348	0.003068147092906738
136.0	36.130958565009195	10.204569944911473	14.079683099391914	39.58202991914263	0.0027584715447864436
137.0	35.59549282884446	10.227785633339465	14.005955125078357	40.16843117246642	0.0023352402712971945
138.0	35.39281141408528	10.771818337883182	13.959533456695194	39.87113753868104	0.0046992526553056085
139.0	35.23502606123029	10.283899342639401	14.738626318315799	39.71076046023268	0.03168781758182451
140.0	34.95595118431061	10.089991860916182	15.045602610240463	39.8871155660314	0.021338778501351435
141.0	35.60814741192276	10.071815984252003	14.154672901941595	40.157565794131514	0.007797907752124365
142.0	35.67222935914976	9.938258213716775	13.82332671862555	40.52502510215408	0.04116060635383106
143.0	34.89407612473818	9.449691934022555	14.650623984450178	41.0030934859647	0.0025144708243889694
144.0	35.03263393429769	10.056237804666976	14.014187902620368	40.87501691877809	0.02192343963688288
145.0	33.78676509263551	10.047754691662854	14.061798378701013	42.101296958652675	0.0023848783479485693
146.0	33.42677010470657	11.093579600990925	14.037179795648203	41.437335662063205	0.005134836591094781
147.0	34.338059061670556	10.479214915289967	20.758796103385162	34.42128824489561	0.0026416747587122533
148.0	32.394268195887776	9.726693238555098	20.555523017034133	37.318418856954246	0.005096691568749392
149.0	33.8511927848688	9.512500266158423	20.69358003110249	35.88845648234746	0.05427043552283332
150.0	33.781610672173045	10.47043171038376	19.867452057360246	35.880505560082945	0.0
