# Position (bp)	A	C	G	T	N
0.0	38.266102222954245	22.243718681880384	9.525227509476824	29.963428980952635	0.0015226047359125517
1.0	36.82257212158005	24.908537689716375	7.278088876593721	30.91149376771462	0.07930754439522592
2.0	39.365544511611326	23.622409460117037	7.506917596562166	29.503383345916262	0.0017450857932148423
3.0	35.35232691199699	24.80718018678258	7.401517195665207	32.4354368662375	0.0035388393177145606
4.0	47.131941070051845	13.22140612616887	6.757643110766296	32.881907680511915	0.007102012501071559
5.0	47.87283080100064	12.829898561847683	6.6321776995138855	32.662186778826786	0.0029061588110111717
6.0	46.330606016847234	13.068172297951916	6.908082020700888	33.68468190805595	0.008457756444007394
7.0	45.55886442053036	13.23599601675477	6.799768508459877	34.40143244428744	0.003938609967554615
8.0	44.7859826087948	13.06712594172929	7.242898630608234	34.884025143974796	0.019967674892880587
9.0	43.64341028141976	13.226457141422934	7.422951855029675	35.70393736546414	0.0032433566634849555
10.0	42.93862853081784	13.450836240245334	7.67163005682931	35.92653661582813	0.012368556279399222
11.0	42.72613131096198	13.08150725632397	7.731293219118047	36.4369290188787	0.024139194717298536
12.0	42.482305977224755	12.920340587907583	7.904689393153021	36.69116577084437	0.0014982708702701135
13.0	42.103514595835	12.89525237243023	8.101772847257646	36.897652525886535	0.0018076585905811115
14.0	42.07655267270318	12.585371022273343	8.218137392759784	37.1182494467348	0.0016894655288892696
15.0	41.749206559548064	12.510221092636453	8.62958829810821	37.108828764464654	0.0021552852426159406
16.0	41.7863191809193	12.483877944945254	8.688771735617138	37.0364007515132	0.004630387005103924
17.0	41.86251894304534	12.034831217179265	8.739994522794472	37.36085461092339	0.0018007060575404147
18.0	41.61246761597016	12.03428544333557	9.108537870482234	37.24327337213913	0.0014356980729038442
19.0	41.194408327966556	12.206384969958451	9.370060877074557	37.227602362665394	0.0015434623350346413
20.0	41.134897932024764	12.00163129097261	9.491903131547465	37.36986070685753	0.0017069385976293092
21.0	41.06823701460523	11.936857099468657	9.685804789643724	37.30755399085059	0.0015471054317933016
22.0	41.03579738394679	11.979644644584956	9.81071931015173	37.172061985070286	0.0017766762462314734
23.0	41.175383470388894	11.570526794829672	10.026046914070566	37.22484037402769	0.0032024466831745086
24.0	41.119367407936664	11.58733665508663	10.142415353348172	37.142002467024476	0.008878116604063714
25.0	41.06601761280725	11.617295927110053	10.229394139226727	37.085532493900516	0.0017598269554503284
26.0	40.964045004942875	11.47192797940289	10.338724531608941	37.222599916898666	0.0027025671466198676
27.0	40.818068321980824	11.457712969679312	10.524032081386215	37.19066605042065	0.00952057653299979
28.0	40.633358474309084	11.520352066891206	10.623838160438943	37.22082671891203	0.0016245794487360129
29.0	40.55352536046096	11.260946501967416	10.666997454002104	37.514783755085446	0.0037469284840772766
30.0	40.370087249639184	11.44639693366717	10.775340877618081	37.40579502388962	0.0023799151859465314
31.0	40.274301384236125	11.456255624049726	10.882766538851534	37.384689472767185	0.0019869800954355936
32.0	40.37714775579844	11.263258508053111	10.970569703780095	37.3874230995396	0.0016009328287564287
33.0	40.18641584825362	11.229766915619805	10.960515745895567	37.62058990344315	0.0027115867878682145
34.0	40.221398565532034	11.281783404347438	10.973445972729833	37.510215537839144	0.013156519551548942
35.0	40.179030954374426	11.017925938657875	11.044125998189536	37.75526776502628	0.0036493437518847396
36.0	40.05805599661477	11.137331818396975	11.044912852091306	37.74187313746648	0.017826195430482243
37.0	39.80636641231746	11.23850346300596	11.04519737104551	37.8801515469034	0.029781206727667972
38.0	39.857635544051355	11.080248719587335	11.082144607528368	37.97740261888342	0.002568509949525817
39.0	39.74870923201331	11.073395667649404	11.155094190894733	38.01598165914521	0.0068192502973398825
40.0	39.79126521225218	11.118050181031599	11.16060420364407	37.92877598503616	0.0013044180359858943
41.0	39.81103955878361	10.941117098185323	11.134762347527833	38.11146542410267	0.001615571400561877
42.0	39.6975182461365	11.018990645200144	11.131244752217379	38.150099238733304	0.002147117712673755
43.0	39.60961950951564	11.064622077647465	11.142062526874733	38.18187236040746	0.0018235255547019765
44.0	39.71567409840228	10.831893558655972	11.110835336852741	38.34017074823445	0.0014262578545558172
45.0	39.460311676379135	10.909918682258391	11.125693399166678	38.502477496340205	0.0015987458555924584
46.0	39.38249832700894	11.03839726739017	11.082257590659694	38.49546381600358	0.0013829989376117275
47.0	39.463857034149534	10.858284742575695	11.098552380559884	38.57794962597505	0.0013562167398357863
48.0	39.42480350495115	10.933941397778566	11.169486738476337	38.4705089831545	0.001259375639444473
49.0	39.29257308003013	10.960577825119255	11.162394069474418	38.58228118203557	0.0021738433406275903
50.0	39.352135855330324	10.865186725272874	11.146693278106765	38.634328075611954	0.0016560656780880466
51.0	39.25167259919283	10.886263254887622	11.213169768003931	38.64615534106026	0.002739036855360371
52.0	39.38567334039438	10.873284818861494	11.132265893676669	38.59873540662267	0.010040540444781136
53.0	39.2062503188659	10.732119633365562	11.092522393874809	38.96744469651646	0.001662957377272598
54.0	39.143038050557614	10.81679826763069	11.102486435143035	38.93475978794142	0.0029174587272418327
55.0	39.10622668478389	10.840569697235477	11.131509658992067	38.92039393383467	0.0013000251538926916
56.0	39.15143830602076	10.748903540289993	11.104614623555635	38.99381922849124	0.001224301642374038
57.0	38.95760838311341	10.896790910730008	11.099665862014811	39.044608631680475	0.001326212461298507
58.0	38.95007708101826	10.91720533122036	11.113176739097053	39.01741029867959	0.0021305499847334335
59.0	38.994788298968906	10.743709058762581	11.111752194809151	39.146769170237356	0.00298127722200661
60.0	39.05711408707413	10.762889457781949	11.128386091725316	39.03877430571224	0.012836057706363603
61.0	38.85637703931689	10.87411608408976	11.10080230090922	39.1658637344594	0.0028408412247383037
62.0	38.87088077118159	10.753473141821704	11.093369695982433	39.28078045924745	0.0014959317668122862
63.0	38.92600206846738	10.691905439472164	11.118084278760989	39.262241586693165	0.0017666266063052418
64.0	39.03220179577518	10.700322674115412	11.12153612473286	39.14307255675718	0.0028668486193665567
65.0	38.90785860236092	10.616816142514153	11.071666288827341	39.401994853868274	0.0016641124293209938
66.0	38.79930617441282	10.775761834887298	11.055428047776818	39.36597307016804	0.0035308727550185572
67.0	38.8244054485195	10.699626918410264	11.080324427971654	39.38905222467474	0.006590980423839799
68.0	38.873827787432155	10.618593660321125	11.09314641988479	39.406675132529436	0.007756999832492711
69.0	38.63712191929019	10.688854912222206	11.099715945163368	39.57150268609692	0.002804537227313359
70.0	38.59594757970724	10.832502709005997	11.08277106809958	39.47993125557727	0.008847387609907704
71.0	38.5804814855078	10.6645122182604	11.166820922836441	39.56537130542489	0.022814067970471676
72.0	38.695952834262535	10.630105701468661	11.145109136803491	39.51250892222491	0.01632340524040666
73.0	38.609846581181436	10.71190618689039	11.090135604015659	39.57561817812956	0.012493449782960289
74.0	38.666504462308446	10.629594546553891	11.097395105927136	39.60317107526423	0.0033348099463024567
75.0	38.51623008122642	10.637686771169513	11.141563645074477	39.69523710574493	0.009282396784664835
76.0	38.549040587464575	10.640602690504542	11.111408008348633	39.69675527541689	0.002193438265359674
77.0	38.54958750953477	10.515389318448847	11.062207653284341	39.86180240082186	0.011013117910187078
78.0	38.421906756312275	10.63628679936242	11.090447792484841	39.838899848936066	0.012458802904398566
79.0	38.37069223254333	10.680420892093837	11.151726466252622	39.76967165579332	0.02748875331689734
80.0	38.413786412681276	10.540590701637463	11.220152204106581	39.81459183822159	0.0108788433530919
81.0	38.31476833524299	10.621679571847874	11.12276906348406	39.938286731208045	0.0024962982170305555
82.0	38.359034567925704	10.60827760491888	11.094609692594675	39.92673684999343	0.011341284567306383
83.0	38.39716556021236	10.443109143216892	11.153796098600182	40.00208634334257	0.0038428546279988367
84.0	38.407785197373975	10.52458723675183	11.15203850226309	39.91227432409021	0.003314739520888801
85.0	38.316352104082554	10.509646660554674	11.076764050385485	40.09585827404115	0.0013789109361426347
86.0	38.22675976199962	10.49714502995142	11.057817634913672	40.21568735067229	0.002590222462993579
87.0	38.224686697031466	10.47331630600312	11.175379133017541	40.124990568632946	0.0016272953149255012
88.0	38.20050546738456	10.548640113502529	11.207085975859645	40.0420287818991	0.0017396613541691564
89.0	38.14796503625495	10.4496965107583	11.246171733405737	40.1531980603583	0.002968659222713549
90.0	38.08935335831279	10.489635968606278	11.249060365955641	40.16247025988158	0.009480047243714587
91.0	38.146064646576924	10.452768639122029	11.260202766255713	40.13927629148831	0.001687656557022406
92.0	38.20082687914997	10.331480786416918	11.276374781756791	40.18940395281185	0.0019135998644730636
93.0	37.986476564837346	10.42816413786254	11.271298117627456	40.31272328216628	0.0013378975063806629
94.0	37.975433932804506	10.411448042764992	11.253023325589826	40.358893397918465	0.0012013009222069308
95.0	38.038074672876306	10.299045070523489	11.293122540195213	40.36771456241809	0.002043153986909778
96.0	38.01374759095465	10.3328482864392	11.295910774767368	40.35542114060803	0.002072207230749884
97.0	37.891360622118974	10.383314041548438	11.258150984036558	40.465728361664446	0.0014459906315780226
98.0	37.793513517812094	10.304883088655368	11.344212070572766	40.549988845524	0.00740247743576828
99.0	37.8228691965448	10.278751622104243	11.420865407193501	40.474580747459505	0.0029330266979500147
100.0	37.841690316511915	10.300696132741544	11.4229930734608	40.432739685872704	0.0018807914130347326
101.0	37.818604085761464	10.21837952295626	11.415691341106442	40.544491926222	0.00283312395383017
102.0	37.703988241068515	10.24822964084805	11.426149802411825	40.620304123109044	0.0013281925625730614
103.0	37.75562601156963	10.173171370917881	11.44429401101839	40.6255191387817	0.001389467712396962
104.0	37.8083278469103	10.035119705634763	11.53923759108353	40.61509345438171	0.0022214019896987652
105.0	37.75182453821206	10.109014353429576	11.484825202711214	40.65287439726066	0.0014615083864894267
106.0	37.63465976777698	10.139143484187235	11.500432696805696	40.72399366442331	0.001770386806774276
107.0	37.59107282363998	10.026899942889987	11.618306652883154	40.76151143473202	0.002209145854858848
108.0	37.60814166526499	10.035955283780876	11.647811846072319	40.705636008818814	0.002455196063004943
109.0	37.4696221728721	10.062856737966902	11.643892631434763	40.82198001320213	0.0016484445241040841
110.0	37.38565923755947	10.005440473822983	11.756803390027027	40.849702759882376	0.0023941387081410992
111.0	37.37387867258117	9.962903453813183	11.778717023110733	40.8779130952194	0.006587755275516927
112.0	37.448642060835724	9.894557674491573	11.818847189162566	40.832238170437364	0.005714905072774058
113.0	37.409633377035355	9.827445703837203	11.855878695454582	40.86266505061553	0.04437717305733123
114.0	37.34476184735805	9.831807532300585	11.861743989942736	40.93435546658468	0.02733116381395479
115.0	37.279270259101594	9.81166860707033	11.872248321919274	41.03207265236817	0.004740159540634756
116.0	37.21287511655546	9.671110178576848	11.973954100678506	41.12193685150104	0.020123752688141622
117.0	37.164003976448974	9.716152352725866	12.004659031482669	41.113310049771314	0.0018745895711750739
118.0	36.96854141608563	9.79986752087111	12.072046212490251	41.15733946155598	0.0022053889970270577
119.0	37.02031157485209	9.60108873196952	12.19901936406639	41.177926899368835	0.0016534297431698632
120.0	37.026342044061444	9.55400752963255	12.210987946812327	41.20633345187804	0.0023290276156414133
121.0	37.11353982223695	9.472614696789773	12.132521067774498	41.27672395639285	0.004600456805922279
122.0	37.04787758154144	9.350598830286415	12.298604067557948	41.3001559745404	0.002763546073789896
123.0	36.93048430075808	9.273343730104019	12.339714060104411	41.44077664788731	0.015681261146180656
124.0	36.91602210029375	9.224771669185877	12.3458420778136	41.51002506105713	0.003339091649641469
125.0	36.8162440962983	9.070984841988183	12.426967155050198	41.68145433895888	0.004349567704444352
126.0	36.81331994499704	9.066790440794314	12.484137504489606	41.6227107810583	0.013041328660735464
127.0	36.871724945636274	9.02921019780333	12.547970646806542	41.547886879502585	0.003207330251261624
128.0	36.85082824831542	8.829008594957516	12.762534521887847	41.5562885168508	0.0013401179884195869
129.0	36.826767424308734	8.800780635846838	12.764178221419762	41.607087228553866	0.001186489870808279
130.0	36.88141447458443	8.653363727907957	12.884739690558733	41.57918352983524	0.0012985771136408443
131.0	36.79702024228392	8.514207376112687	13.012009198627242	41.67522610946669	0.0015370735094581438
132.0	36.7963464378965	8.412892521793854	12.884540626788018	41.90452810039544	0.0016923131261865638
133.0	36.68806578216842	8.260494682267764	12.94809198883037	42.0999611751117	0.003386371621743281
134.0	36.52290307124703	8.17378763655964	13.25794829016404	42.03908993159368	0.00627107043561888
135.0	36.537923144358125	8.17217977917962	13.334181745882844	41.95324406284933	0.0024712677300851127
136.0	36.49787198554844	7.981296654119556	13.410689120481944	42.108146387039966	0.001995852810095736
137.0	36.29548139952695	7.892071518658722	13.615487969497444	42.19504220532846	0.0019169069884210261
138.0	36.20866883821082	7.7773585516196215	13.641368405615875	42.36884441189156	0.0037597926621168757
139.0	35.9662032161883	7.645895607971999	13.775663872660202	42.5847390774601	0.02749822571940664
140.0	35.70128685215542	7.579627122712426	13.943303374553883	42.763558088899785	0.012224561678486285
141.0	35.37674633414156	7.495480772931414	13.822422353077013	43.292928216378165	0.012422323471855857
142.0	34.748214053284194	7.416048940479918	13.724403940395652	44.087129601840466	0.024203463999767645
143.0	34.44847519317647	7.097235826434957	13.853274578419574	44.59717096465932	0.003843437309675941
144.0	33.93444521164468	7.297224001408995	13.811261835824162	44.94639179906965	0.010677152052517937
145.0	33.35244888724686	7.143570786292337	13.502077476756739	45.99953137121104	0.0023714784930307484
146.0	33.63013699911458	7.1865872205372145	14.321542313993547	44.854244313622274	0.0074891527323840135
147.0	32.86610488632857	7.5981138795705645	22.665932951101293	36.86699814207629	0.002850140923281887
148.0	30.905504071203264	7.611961757586131	20.93942668981425	40.53693261934453	0.006174862051821242
149.0	32.37249908950742	7.512334891045672	21.73618605617172	38.31109866862333	0.06788129465185729
150.0	31.617570808948848	9.061400604679504	19.887533992288855	39.433494594082795	0.0
