#Coverage	Number of genomic locations
0.0	7.2954893E7
1.0	1.2849499E7
2.0	2.4003649E7
3.0	1.0612109E7
4.0	1.5686754E7
5.0	9282283.0
6.0	1.2213503E7
7.0	8460946.0
8.0	1.0360597E7
9.0	7895330.0
10.0	9233059.0
11.0	7549630.0
12.0	8510787.0
13.0	7253045.0
14.0	7946251.0
15.0	6997341.0
16.0	7511178.0
17.0	6766293.0
18.0	7156700.0
19.0	6542360.0
20.0	6816285.0
21.0	6323741.0
22.0	6525522.0
23.0	6121731.0
24.0	6252036.0
25.0	5920430.0
26.0	5998208.0
27.0	5697748.0
28.0	5743709.0
29.0	5489351.0
30.0	5514101.0
31.0	5271816.0
32.0	5283496.0
33.0	5052148.0
34.0	5058770.0
35.0	4830703.0
36.0	4811392.0
37.0	4632682.0
38.0	4592239.0
39.0	4421219.0
40.0	4375502.0
41.0	4213158.0
42.0	4159151.0
43.0	4020636.0
44.0	3948011.0
45.0	3817345.0
46.0	3757426.0
47.0	3631031.0
48.0	3572062.0
49.0	3441058.0
50.0	3386275.0
51.0	3261089.0
52.0	3207117.0
53.0	3098948.0
54.0	3034034.0
55.0	2935132.0
56.0	2864990.0
57.0	2774072.0
58.0	2715409.0
59.0	2621753.0
60.0	2562136.0
61.0	2480181.0
62.0	2410436.0
63.0	2337283.0
64.0	2273513.0
65.0	2195829.0
66.0	2141907.0
67.0	2070837.0
68.0	2014257.0
69.0	1942399.0
70.0	1894678.0
71.0	1822137.0
72.0	1769125.0
73.0	1715486.0
74.0	1662235.0
75.0	1612001.0
76.0	1566988.0
77.0	1508221.0
78.0	1468739.0
79.0	1415151.0
80.0	1368745.0
81.0	1322462.0
82.0	1283099.0
83.0	1236858.0
84.0	1197387.0
85.0	1156084.0
86.0	1118810.0
87.0	1082276.0
88.0	1045867.0
89.0	1011703.0
90.0	977899.0
91.0	941557.0
92.0	907149.0
93.0	878129.0
94.0	847240.0
95.0	818416.0
96.0	787585.0
97.0	761840.0
98.0	736324.0
99.0	711186.0
100.0	684928.0
101.0	662641.0
102.0	637200.0
103.0	612952.0
104.0	591592.0
105.0	571265.0
106.0	551076.0
107.0	532669.0
108.0	513556.0
109.0	492792.0
110.0	476928.0
111.0	459485.0
112.0	442924.0
113.0	425608.0
114.0	411674.0
115.0	394920.0
116.0	382004.0
117.0	366376.0
118.0	353275.0
119.0	342842.0
120.0	329272.0
121.0	317253.0
122.0	306420.0
123.0	294403.0
124.0	285209.0
125.0	272377.0
126.0	264768.0
127.0	255737.0
128.0	245459.0
129.0	237270.0
130.0	228591.0
131.0	221329.0
132.0	212326.0
133.0	205149.0
134.0	197655.0
135.0	192608.0
136.0	183121.0
137.0	177763.0
138.0	171816.0
139.0	165499.0
140.0	160393.0
141.0	153976.0
142.0	149601.0
143.0	142397.0
144.0	138672.0
145.0	134440.0
146.0	130410.0
147.0	124535.0
148.0	121060.0
149.0	115960.0
150.0	113944.0
151.0	109885.0
152.0	105812.0
153.0	102248.0
154.0	98638.0
155.0	95349.0
156.0	92444.0
157.0	89482.0
158.0	86320.0
159.0	82660.0
160.0	80676.0
161.0	78209.0
162.0	75462.0
163.0	72436.0
164.0	70645.0
165.0	68103.0
166.0	65953.0
167.0	64688.0
168.0	62126.0
169.0	60150.0
170.0	58870.0
171.0	56974.0
172.0	55205.0
173.0	53488.0
174.0	51942.0
175.0	50158.0
176.0	49117.0
177.0	48095.0
178.0	46586.0
179.0	45317.0
180.0	43965.0
181.0	42687.0
182.0	41245.0
183.0	40131.0
184.0	39159.0
185.0	38349.0
186.0	37343.0
187.0	36051.0
188.0	35280.0
189.0	34315.0
190.0	33733.0
191.0	32681.0
192.0	31487.0
193.0	31069.0
194.0	30421.0
195.0	28486.0
196.0	28309.0
197.0	27816.0
198.0	26841.0
199.0	26124.0
200.0	25505.0
201.0	24877.0
202.0	24467.0
203.0	24192.0
204.0	23259.0
205.0	22716.0
206.0	22738.0
207.0	21224.0
208.0	21186.0
209.0	20836.0
210.0	20030.0
211.0	19973.0
212.0	19860.0
213.0	18777.0
214.0	18591.0
215.0	17862.0
216.0	17720.0
217.0	16847.0
218.0	16797.0
219.0	16376.0
220.0	16067.0
221.0	15923.0
222.0	15355.0
223.0	15344.0
224.0	15043.0
225.0	14297.0
226.0	14188.0
227.0	13750.0
228.0	13526.0
229.0	13370.0
230.0	12622.0
231.0	12508.0
232.0	12329.0
233.0	12032.0
234.0	11457.0
235.0	11292.0
236.0	10963.0
237.0	10793.0
238.0	10558.0
239.0	10412.0
240.0	10130.0
241.0	10015.0
242.0	9672.0
243.0	9201.0
244.0	9091.0
245.0	9084.0
246.0	8850.0
247.0	8608.0
248.0	8422.0
249.0	8273.0
250.0	8275.0
251.0	7932.0
252.0	7801.0
253.0	7742.0
254.0	7453.0
255.0	7279.0
256.0	7223.0
257.0	7190.0
258.0	7227.0
259.0	6824.0
260.0	7037.0
261.0	6733.0
262.0	6644.0
263.0	6484.0
264.0	6517.0
265.0	6132.0
266.0	6226.0
267.0	6199.0
268.0	6035.0
269.0	5862.0
270.0	5800.0
271.0	5716.0
272.0	5786.0
273.0	5450.0
274.0	5512.0
275.0	5209.0
276.0	5070.0
277.0	5059.0
278.0	5029.0
279.0	4912.0
280.0	4831.0
281.0	4759.0
282.0	4735.0
283.0	4604.0
284.0	4553.0
285.0	4370.0
286.0	4572.0
287.0	4281.0
288.0	4211.0
289.0	4065.0
290.0	4253.0
291.0	4108.0
292.0	3777.0
293.0	3858.0
294.0	3816.0
295.0	3742.0
296.0	3683.0
297.0	3753.0
298.0	3616.0
299.0	3610.0
300.0	3576.0
301.0	3405.0
302.0	3278.0
303.0	3346.0
304.0	3156.0
305.0	3199.0
306.0	3132.0
307.0	3223.0
308.0	3096.0
309.0	3073.0
310.0	3185.0
311.0	3039.0
312.0	3040.0
313.0	2973.0
314.0	2865.0
315.0	2830.0
316.0	2774.0
317.0	2773.0
318.0	2652.0
319.0	2552.0
320.0	2587.0
321.0	2455.0
322.0	2580.0
323.0	2463.0
324.0	2363.0
325.0	2413.0
326.0	2296.0
327.0	2240.0
328.0	2280.0
329.0	2170.0
330.0	2197.0
331.0	2140.0
332.0	2044.0
333.0	2028.0
334.0	2112.0
335.0	2018.0
336.0	1963.0
337.0	1983.0
338.0	1994.0
339.0	1892.0
340.0	1899.0
341.0	1799.0
342.0	1819.0
343.0	1833.0
344.0	1809.0
345.0	1674.0
346.0	1770.0
347.0	1699.0
348.0	1693.0
349.0	1570.0
350.0	1569.0
351.0	1510.0
352.0	1574.0
353.0	1534.0
354.0	1495.0
355.0	1475.0
356.0	1570.0
357.0	1516.0
358.0	1466.0
359.0	1464.0
360.0	1377.0
361.0	1387.0
362.0	1359.0
363.0	1392.0
364.0	1244.0
365.0	1314.0
366.0	1214.0
367.0	1324.0
368.0	1271.0
369.0	1295.0
370.0	1232.0
371.0	1194.0
372.0	1222.0
373.0	1220.0
374.0	1138.0
375.0	1175.0
376.0	1126.0
377.0	1087.0
378.0	1124.0
379.0	1107.0
380.0	1103.0
381.0	1097.0
382.0	1062.0
383.0	1073.0
384.0	1017.0
385.0	1056.0
386.0	1036.0
387.0	994.0
388.0	919.0
389.0	999.0
390.0	854.0
391.0	937.0
392.0	937.0
393.0	786.0
394.0	887.0
395.0	886.0
396.0	850.0
397.0	863.0
398.0	871.0
399.0	806.0
400.0	838.0
401.0	850.0
402.0	822.0
403.0	798.0
404.0	777.0
405.0	779.0
406.0	792.0
407.0	773.0
408.0	773.0
409.0	767.0
410.0	747.0
411.0	727.0
412.0	798.0
413.0	749.0
414.0	736.0
415.0	738.0
416.0	727.0
417.0	702.0
418.0	664.0
419.0	654.0
420.0	631.0
421.0	638.0
422.0	570.0
423.0	544.0
424.0	635.0
425.0	570.0
426.0	575.0
427.0	582.0
428.0	584.0
429.0	571.0
430.0	563.0
431.0	591.0
432.0	561.0
433.0	590.0
434.0	544.0
435.0	545.0
436.0	577.0
437.0	594.0
438.0	538.0
439.0	561.0
440.0	563.0
441.0	548.0
442.0	542.0
443.0	504.0
444.0	514.0
445.0	533.0
446.0	518.0
447.0	520.0
448.0	519.0
449.0	484.0
450.0	479.0
451.0	448.0
452.0	505.0
453.0	463.0
454.0	514.0
455.0	480.0
456.0	490.0
457.0	481.0
458.0	477.0
459.0	448.0
460.0	499.0
461.0	488.0
462.0	472.0
463.0	432.0
464.0	471.0
465.0	485.0
466.0	428.0
467.0	436.0
468.0	389.0
469.0	378.0
470.0	444.0
471.0	433.0
472.0	408.0
473.0	372.0
474.0	440.0
475.0	392.0
476.0	409.0
477.0	406.0
478.0	404.0
479.0	385.0
480.0	444.0
481.0	396.0
482.0	393.0
483.0	403.0
484.0	407.0
485.0	355.0
486.0	382.0
487.0	345.0
488.0	358.0
489.0	381.0
490.0	380.0
491.0	389.0
492.0	373.0
493.0	414.0
494.0	398.0
495.0	370.0
496.0	363.0
497.0	376.0
498.0	355.0
499.0	343.0
500.0	380.0
501.0	340.0
502.0	371.0
503.0	352.0
504.0	310.0
505.0	362.0
506.0	358.0
507.0	339.0
508.0	326.0
509.0	349.0
510.0	320.0
511.0	327.0
512.0	282.0
513.0	328.0
514.0	312.0
515.0	332.0
516.0	283.0
517.0	336.0
518.0	310.0
519.0	299.0
520.0	333.0
521.0	336.0
522.0	277.0
523.0	328.0
524.0	335.0
525.0	317.0
526.0	315.0
527.0	364.0
528.0	320.0
529.0	355.0
530.0	334.0
531.0	293.0
532.0	293.0
533.0	315.0
534.0	290.0
535.0	296.0
536.0	282.0
537.0	288.0
538.0	310.0
539.0	248.0
540.0	266.0
541.0	272.0
542.0	271.0
543.0	272.0
544.0	269.0
545.0	283.0
546.0	260.0
547.0	248.0
548.0	249.0
549.0	230.0
550.0	222.0
551.0	213.0
552.0	255.0
553.0	269.0
554.0	271.0
555.0	261.0
556.0	263.0
557.0	258.0
558.0	263.0
559.0	270.0
560.0	277.0
561.0	269.0
562.0	257.0
563.0	291.0
564.0	248.0
565.0	210.0
566.0	225.0
567.0	236.0
568.0	228.0
569.0	238.0
570.0	249.0
571.0	258.0
572.0	232.0
573.0	240.0
574.0	239.0
575.0	237.0
576.0	234.0
577.0	239.0
578.0	250.0
579.0	229.0
580.0	262.0
581.0	203.0
582.0	231.0
583.0	209.0
584.0	224.0
585.0	247.0
586.0	223.0
587.0	223.0
588.0	222.0
589.0	195.0
590.0	206.0
591.0	215.0
592.0	246.0
593.0	206.0
594.0	211.0
595.0	198.0
596.0	231.0
597.0	250.0
598.0	250.0
599.0	268.0
600.0	271.0
601.0	244.0
602.0	214.0
603.0	267.0
604.0	240.0
605.0	225.0
606.0	207.0
607.0	253.0
608.0	214.0
609.0	266.0
610.0	227.0
611.0	238.0
612.0	210.0
613.0	235.0
614.0	264.0
615.0	227.0
616.0	262.0
617.0	238.0
618.0	252.0
619.0	217.0
620.0	258.0
621.0	270.0
622.0	260.0
623.0	275.0
624.0	262.0
625.0	263.0
626.0	230.0
627.0	263.0
628.0	250.0
629.0	252.0
630.0	270.0
631.0	240.0
632.0	224.0
633.0	264.0
634.0	230.0
635.0	274.0
636.0	277.0
637.0	236.0
638.0	229.0
639.0	229.0
640.0	227.0
641.0	241.0
642.0	214.0
643.0	230.0
644.0	224.0
645.0	236.0
646.0	257.0
647.0	227.0
648.0	221.0
649.0	212.0
650.0	224.0
651.0	207.0
652.0	205.0
653.0	234.0
654.0	181.0
655.0	224.0
656.0	203.0
657.0	206.0
658.0	202.0
659.0	193.0
660.0	190.0
661.0	181.0
662.0	176.0
663.0	190.0
664.0	179.0
665.0	169.0
666.0	170.0
667.0	169.0
668.0	173.0
669.0	210.0
670.0	172.0
671.0	179.0
672.0	188.0
673.0	189.0
674.0	186.0
675.0	192.0
676.0	167.0
677.0	166.0
678.0	160.0
679.0	156.0
680.0	181.0
681.0	137.0
682.0	161.0
683.0	159.0
684.0	135.0
685.0	146.0
686.0	149.0
687.0	174.0
688.0	129.0
689.0	169.0
690.0	160.0
691.0	147.0
692.0	150.0
693.0	158.0
694.0	159.0
695.0	136.0
696.0	142.0
697.0	137.0
698.0	156.0
699.0	151.0
700.0	144.0
701.0	132.0
702.0	147.0
703.0	165.0
704.0	131.0
705.0	156.0
706.0	156.0
707.0	129.0
708.0	117.0
709.0	149.0
710.0	120.0
711.0	131.0
712.0	128.0
713.0	147.0
714.0	106.0
715.0	118.0
716.0	99.0
717.0	138.0
718.0	116.0
719.0	123.0
720.0	139.0
721.0	126.0
722.0	109.0
723.0	109.0
724.0	121.0
725.0	121.0
726.0	112.0
727.0	118.0
728.0	111.0
729.0	107.0
730.0	124.0
731.0	89.0
732.0	88.0
733.0	102.0
734.0	92.0
735.0	111.0
736.0	96.0
737.0	94.0
738.0	98.0
739.0	111.0
740.0	83.0
741.0	74.0
742.0	89.0
743.0	85.0
744.0	94.0
745.0	105.0
746.0	98.0
747.0	100.0
748.0	105.0
749.0	118.0
750.0	108.0
751.0	90.0
752.0	76.0
753.0	92.0
754.0	75.0
755.0	100.0
756.0	86.0
757.0	89.0
758.0	90.0
759.0	87.0
760.0	85.0
761.0	88.0
762.0	89.0
763.0	98.0
764.0	77.0
765.0	91.0
766.0	98.0
767.0	83.0
768.0	82.0
769.0	120.0
770.0	107.0
771.0	88.0
772.0	88.0
773.0	89.0
774.0	85.0
775.0	91.0
776.0	90.0
777.0	108.0
778.0	109.0
779.0	97.0
780.0	116.0
781.0	83.0
782.0	95.0
783.0	96.0
784.0	101.0
785.0	88.0
786.0	100.0
787.0	84.0
788.0	93.0
789.0	129.0
790.0	94.0
791.0	109.0
792.0	110.0
793.0	96.0
794.0	100.0
795.0	99.0
796.0	91.0
797.0	70.0
798.0	113.0
799.0	107.0
800.0	90.0
801.0	100.0
802.0	80.0
803.0	89.0
804.0	97.0
805.0	90.0
806.0	87.0
807.0	98.0
808.0	93.0
809.0	80.0
810.0	105.0
811.0	87.0
812.0	90.0
813.0	83.0
814.0	93.0
815.0	98.0
816.0	76.0
817.0	80.0
818.0	79.0
819.0	74.0
820.0	89.0
821.0	88.0
822.0	87.0
823.0	77.0
824.0	83.0
825.0	95.0
826.0	81.0
827.0	78.0
828.0	86.0
829.0	80.0
830.0	88.0
831.0	93.0
832.0	85.0
833.0	86.0
834.0	88.0
835.0	68.0
836.0	94.0
837.0	56.0
838.0	92.0
839.0	61.0
840.0	75.0
841.0	91.0
842.0	83.0
843.0	104.0
844.0	86.0
845.0	91.0
846.0	78.0
847.0	92.0
848.0	93.0
849.0	80.0
850.0	80.0
851.0	117.0
852.0	78.0
853.0	95.0
854.0	88.0
855.0	114.0
856.0	100.0
857.0	106.0
858.0	98.0
859.0	95.0
860.0	119.0
861.0	115.0
862.0	86.0
863.0	78.0
864.0	101.0
865.0	96.0
866.0	83.0
867.0	90.0
868.0	89.0
869.0	83.0
870.0	95.0
871.0	79.0
872.0	76.0
873.0	95.0
874.0	94.0
875.0	95.0
876.0	83.0
877.0	98.0
878.0	87.0
879.0	105.0
880.0	86.0
881.0	65.0
882.0	78.0
883.0	100.0
884.0	84.0
885.0	82.0
886.0	87.0
887.0	96.0
888.0	87.0
889.0	71.0
890.0	96.0
891.0	94.0
892.0	92.0
893.0	89.0
894.0	79.0
895.0	74.0
896.0	89.0
897.0	84.0
898.0	84.0
899.0	82.0
900.0	75.0
901.0	83.0
902.0	82.0
903.0	81.0
904.0	87.0
905.0	85.0
906.0	72.0
907.0	96.0
908.0	81.0
909.0	81.0
910.0	84.0
911.0	77.0
912.0	62.0
913.0	83.0
914.0	66.0
915.0	64.0
916.0	64.0
917.0	62.0
918.0	70.0
919.0	60.0
920.0	71.0
921.0	67.0
922.0	58.0
923.0	71.0
924.0	59.0
925.0	64.0
926.0	65.0
927.0	45.0
928.0	45.0
929.0	65.0
930.0	65.0
931.0	70.0
932.0	64.0
933.0	68.0
934.0	46.0
935.0	50.0
936.0	63.0
937.0	52.0
938.0	73.0
939.0	54.0
940.0	56.0
941.0	65.0
942.0	33.0
943.0	41.0
944.0	40.0
945.0	65.0
946.0	52.0
947.0	60.0
948.0	45.0
949.0	48.0
950.0	40.0
951.0	65.0
952.0	43.0
953.0	55.0
954.0	45.0
955.0	50.0
956.0	49.0
957.0	51.0
958.0	48.0
959.0	45.0
960.0	60.0
961.0	46.0
962.0	55.0
963.0	38.0
964.0	38.0
965.0	37.0
966.0	46.0
967.0	56.0
968.0	44.0
969.0	42.0
970.0	56.0
971.0	56.0
972.0	45.0
973.0	44.0
974.0	50.0
975.0	30.0
976.0	35.0
977.0	34.0
978.0	36.0
979.0	31.0
980.0	35.0
981.0	28.0
982.0	44.0
983.0	43.0
984.0	35.0
985.0	43.0
986.0	29.0
987.0	29.0
988.0	34.0
989.0	34.0
990.0	37.0
991.0	33.0
992.0	41.0
993.0	37.0
994.0	39.0
995.0	28.0
996.0	33.0
997.0	33.0
998.0	30.0
999.0	32.0
1000.0	31.0
1001.0	28.0
1002.0	22.0
1003.0	28.0
1004.0	34.0
1005.0	28.0
1006.0	31.0
1007.0	37.0
1008.0	32.0
1009.0	23.0
1010.0	28.0
1011.0	23.0
1012.0	34.0
1013.0	38.0
1014.0	31.0
1015.0	28.0
1016.0	24.0
1017.0	24.0
1018.0	29.0
1019.0	25.0
1020.0	30.0
1021.0	37.0
1022.0	25.0
1023.0	31.0
1024.0	30.0
1025.0	21.0
1026.0	29.0
1027.0	22.0
1028.0	30.0
1029.0	22.0
1030.0	32.0
1031.0	32.0
1032.0	37.0
1033.0	32.0
1034.0	41.0
1035.0	32.0
1036.0	35.0
1037.0	47.0
1038.0	41.0
1039.0	35.0
1040.0	28.0
1041.0	21.0
1042.0	25.0
1043.0	33.0
1044.0	42.0
1045.0	32.0
1046.0	33.0
1047.0	28.0
1048.0	23.0
1049.0	39.0
1050.0	33.0
1051.0	30.0
1052.0	36.0
1053.0	31.0
1054.0	37.0
1055.0	27.0
1056.0	23.0
1057.0	26.0
1058.0	27.0
1059.0	22.0
1060.0	35.0
1061.0	24.0
1062.0	26.0
1063.0	37.0
1064.0	24.0
1065.0	24.0
1066.0	20.0
1067.0	24.0
1068.0	17.0
1069.0	34.0
1070.0	16.0
1071.0	23.0
1072.0	18.0
1073.0	23.0
1074.0	20.0
1075.0	27.0
1076.0	24.0
1077.0	24.0
1078.0	35.0
1079.0	24.0
1080.0	16.0
1081.0	24.0
1082.0	14.0
1083.0	20.0
1084.0	28.0
1085.0	19.0
1086.0	16.0
1087.0	22.0
1088.0	28.0
1089.0	21.0
1090.0	22.0
1091.0	17.0
1092.0	22.0
1093.0	19.0
1094.0	25.0
1095.0	23.0
1096.0	18.0
1097.0	32.0
1098.0	19.0
1099.0	22.0
1100.0	14.0
1101.0	24.0
1102.0	20.0
1103.0	30.0
1104.0	16.0
1105.0	20.0
1106.0	27.0
1107.0	22.0
1108.0	20.0
1109.0	24.0
1110.0	22.0
1111.0	30.0
1112.0	19.0
1113.0	24.0
1114.0	19.0
1115.0	16.0
1116.0	17.0
1117.0	14.0
1118.0	25.0
1119.0	17.0
1120.0	25.0
1121.0	17.0
1122.0	18.0
1123.0	22.0
1124.0	15.0
1125.0	22.0
1126.0	13.0
1127.0	19.0
1128.0	14.0
1129.0	11.0
1130.0	26.0
1131.0	17.0
1132.0	14.0
1133.0	12.0
1134.0	14.0
1135.0	13.0
1136.0	12.0
1137.0	19.0
1138.0	8.0
1139.0	11.0
1140.0	16.0
1141.0	22.0
1142.0	23.0
1143.0	17.0
1144.0	20.0
1145.0	12.0
1146.0	12.0
1147.0	14.0
1148.0	17.0
1149.0	14.0
1150.0	28.0
1151.0	20.0
1152.0	17.0
1153.0	17.0
1154.0	26.0
1155.0	24.0
1156.0	16.0
1157.0	12.0
1158.0	18.0
1159.0	18.0
1160.0	10.0
1161.0	14.0
1162.0	18.0
1163.0	13.0
1164.0	11.0
1165.0	21.0
1166.0	16.0
1167.0	15.0
1168.0	19.0
1169.0	19.0
1170.0	27.0
1171.0	13.0
1172.0	29.0
1173.0	16.0
1174.0	20.0
1175.0	24.0
1176.0	19.0
1177.0	23.0
1178.0	20.0
1179.0	25.0
1180.0	20.0
1181.0	15.0
1182.0	13.0
1183.0	15.0
1184.0	25.0
1185.0	16.0
1186.0	16.0
1187.0	21.0
1188.0	19.0
1189.0	15.0
1190.0	23.0
1191.0	21.0
1192.0	19.0
1193.0	14.0
1194.0	14.0
1195.0	20.0
1196.0	21.0
1197.0	25.0
1198.0	23.0
1199.0	28.0
1200.0	17.0
1201.0	28.0
1202.0	23.0
1203.0	26.0
1204.0	18.0
1205.0	17.0
1206.0	25.0
1207.0	22.0
1208.0	17.0
1209.0	21.0
1210.0	20.0
1211.0	14.0
1212.0	12.0
1213.0	27.0
1214.0	21.0
1215.0	18.0
1216.0	18.0
1217.0	18.0
1218.0	19.0
1219.0	17.0
1220.0	12.0
1221.0	10.0
1222.0	17.0
1223.0	15.0
1224.0	19.0
1225.0	13.0
1226.0	14.0
1227.0	14.0
1228.0	21.0
1229.0	21.0
1230.0	16.0
1231.0	12.0
1232.0	23.0
1233.0	12.0
1234.0	16.0
1235.0	14.0
1236.0	20.0
1237.0	12.0
1238.0	9.0
1239.0	15.0
1240.0	14.0
1241.0	15.0
1242.0	11.0
1243.0	14.0
1244.0	13.0
1245.0	16.0
1246.0	13.0
1247.0	16.0
1248.0	16.0
1249.0	13.0
1250.0	14.0
1251.0	17.0
1252.0	11.0
1253.0	8.0
1254.0	13.0
1255.0	21.0
1256.0	22.0
1257.0	16.0
1258.0	20.0
1259.0	16.0
1260.0	18.0
1261.0	24.0
1262.0	14.0
1263.0	17.0
1264.0	20.0
1265.0	20.0
1266.0	14.0
1267.0	21.0
1268.0	16.0
1269.0	23.0
1270.0	16.0
1271.0	24.0
1272.0	12.0
1273.0	16.0
1274.0	15.0
1275.0	17.0
1276.0	25.0
1277.0	18.0
1278.0	16.0
1279.0	18.0
1280.0	21.0
1281.0	23.0
1282.0	22.0
1283.0	16.0
1284.0	9.0
1285.0	13.0
1286.0	12.0
1287.0	16.0
1288.0	22.0
1289.0	19.0
1290.0	18.0
1291.0	15.0
1292.0	18.0
1293.0	16.0
1294.0	20.0
1295.0	13.0
1296.0	14.0
1297.0	17.0
1298.0	14.0
1299.0	13.0
1300.0	13.0
1301.0	10.0
1302.0	13.0
1303.0	12.0
1304.0	14.0
1305.0	10.0
1306.0	11.0
1307.0	12.0
1308.0	13.0
1309.0	12.0
1310.0	17.0
1311.0	16.0
1312.0	13.0
1313.0	14.0
1314.0	17.0
1315.0	18.0
1316.0	13.0
1317.0	21.0
1318.0	15.0
1319.0	15.0
1320.0	11.0
1321.0	17.0
1322.0	28.0
1323.0	23.0
1324.0	23.0
1325.0	20.0
1326.0	14.0
1327.0	16.0
1328.0	13.0
1329.0	8.0
1330.0	17.0
1331.0	8.0
1332.0	13.0
1333.0	27.0
1334.0	28.0
1335.0	17.0
1336.0	21.0
1337.0	17.0
1338.0	15.0
1339.0	21.0
1340.0	14.0
1341.0	11.0
1342.0	15.0
1343.0	19.0
1344.0	15.0
1345.0	11.0
1346.0	14.0
1347.0	24.0
1348.0	17.0
1349.0	9.0
1350.0	9.0
1351.0	20.0
1352.0	16.0
1353.0	14.0
1354.0	10.0
1355.0	12.0
1356.0	15.0
1357.0	8.0
1358.0	16.0
1359.0	20.0
1360.0	14.0
1361.0	12.0
1362.0	19.0
1363.0	10.0
1364.0	16.0
1365.0	15.0
1366.0	19.0
1367.0	16.0
1368.0	13.0
1369.0	12.0
1370.0	17.0
1371.0	12.0
1372.0	9.0
1373.0	12.0
1374.0	14.0
1375.0	11.0
1376.0	10.0
1377.0	10.0
1378.0	9.0
1379.0	11.0
1380.0	10.0
1381.0	17.0
1382.0	16.0
1383.0	11.0
1384.0	11.0
1385.0	11.0
1386.0	14.0
1387.0	17.0
1388.0	15.0
1389.0	10.0
1390.0	10.0
1391.0	11.0
1392.0	10.0
1393.0	13.0
1394.0	13.0
1395.0	8.0
1396.0	17.0
1397.0	18.0
1398.0	12.0
1399.0	14.0
1400.0	14.0
1401.0	9.0
1402.0	8.0
1403.0	14.0
1404.0	6.0
1405.0	16.0
1406.0	14.0
1407.0	8.0
1408.0	21.0
1409.0	11.0
1410.0	14.0
1411.0	18.0
1412.0	19.0
1413.0	16.0
1414.0	14.0
1415.0	11.0
1416.0	19.0
1417.0	10.0
1418.0	16.0
1419.0	14.0
1420.0	16.0
1421.0	23.0
1422.0	8.0
1423.0	7.0
1424.0	12.0
1425.0	13.0
1426.0	12.0
1427.0	12.0
1428.0	18.0
1429.0	14.0
1430.0	10.0
1431.0	9.0
1432.0	15.0
1433.0	15.0
1434.0	14.0
1435.0	14.0
1436.0	12.0
1437.0	10.0
1438.0	10.0
1439.0	5.0
1440.0	8.0
1441.0	13.0
1442.0	12.0
1443.0	11.0
1444.0	11.0
1445.0	8.0
1446.0	14.0
1447.0	5.0
1448.0	8.0
1449.0	5.0
1450.0	5.0
1451.0	8.0
1452.0	5.0
1453.0	5.0
1454.0	4.0
1455.0	5.0
1456.0	8.0
1457.0	2.0
1458.0	9.0
1459.0	4.0
1460.0	5.0
1461.0	5.0
1462.0	3.0
1463.0	4.0
1464.0	6.0
1465.0	7.0
1466.0	6.0
1467.0	10.0
1468.0	6.0
1469.0	1.0
1470.0	4.0
1471.0	8.0
1472.0	4.0
1473.0	9.0
1474.0	9.0
1475.0	7.0
1476.0	5.0
1477.0	7.0
1478.0	10.0
1479.0	8.0
1480.0	4.0
1481.0	4.0
1482.0	8.0
1483.0	6.0
1484.0	7.0
1485.0	8.0
1486.0	4.0
1487.0	2.0
1488.0	7.0
1489.0	3.0
1490.0	10.0
1491.0	5.0
1492.0	10.0
1493.0	3.0
1494.0	14.0
1495.0	10.0
1496.0	12.0
1497.0	8.0
1498.0	9.0
1499.0	8.0
1500.0	7.0
1501.0	10.0
1502.0	14.0
1503.0	5.0
1504.0	9.0
1505.0	10.0
1506.0	8.0
1507.0	10.0
1508.0	3.0
1509.0	7.0
1510.0	7.0
1511.0	10.0
1512.0	14.0
1513.0	11.0
1514.0	10.0
1515.0	12.0
1516.0	9.0
1517.0	10.0
1518.0	8.0
1519.0	10.0
1520.0	4.0
1521.0	7.0
1522.0	14.0
1523.0	7.0
1524.0	7.0
1525.0	8.0
1526.0	6.0
1527.0	5.0
1528.0	10.0
1529.0	8.0
1530.0	6.0
1531.0	11.0
1532.0	11.0
1533.0	12.0
1534.0	8.0
1535.0	6.0
1536.0	11.0
1537.0	7.0
1538.0	7.0
1539.0	4.0
1540.0	7.0
1541.0	10.0
1542.0	7.0
1543.0	7.0
1544.0	8.0
1545.0	10.0
1546.0	10.0
1547.0	9.0
1548.0	12.0
1549.0	13.0
1550.0	8.0
1551.0	11.0
1552.0	4.0
1553.0	14.0
1554.0	13.0
1555.0	11.0
1556.0	13.0
1557.0	5.0
1558.0	9.0
1559.0	8.0
1560.0	12.0
1561.0	7.0
1562.0	8.0
1563.0	8.0
1564.0	9.0
1565.0	7.0
1566.0	6.0
1567.0	16.0
1568.0	11.0
1569.0	7.0
1570.0	14.0
1571.0	8.0
1572.0	10.0
1573.0	9.0
1574.0	6.0
1575.0	9.0
1576.0	8.0
1577.0	4.0
1578.0	5.0
1579.0	6.0
1580.0	13.0
1581.0	9.0
1582.0	8.0
1583.0	10.0
1584.0	12.0
1585.0	9.0
1586.0	5.0
1587.0	13.0
1588.0	6.0
1589.0	6.0
1590.0	6.0
1591.0	6.0
1592.0	6.0
1593.0	3.0
1594.0	7.0
1595.0	9.0
1596.0	3.0
1597.0	7.0
1598.0	8.0
1599.0	9.0
1600.0	7.0
1601.0	10.0
1602.0	9.0
1603.0	9.0
1604.0	11.0
1605.0	5.0
1606.0	10.0
1607.0	7.0
1608.0	5.0
1609.0	8.0
1610.0	12.0
1611.0	12.0
1612.0	10.0
1613.0	7.0
1614.0	10.0
1615.0	4.0
1616.0	5.0
1617.0	9.0
1618.0	7.0
1619.0	7.0
1620.0	12.0
1621.0	9.0
1622.0	11.0
1623.0	6.0
1624.0	6.0
1625.0	6.0
1626.0	6.0
1627.0	9.0
1628.0	11.0
1629.0	10.0
1630.0	11.0
1631.0	6.0
1632.0	10.0
1633.0	6.0
1634.0	5.0
1635.0	11.0
1636.0	9.0
1637.0	15.0
1638.0	11.0
1639.0	8.0
1640.0	8.0
1641.0	7.0
1642.0	8.0
1643.0	6.0
1644.0	5.0
1645.0	4.0
1646.0	8.0
1647.0	8.0
1648.0	10.0
1649.0	9.0
1650.0	7.0
1651.0	10.0
1652.0	3.0
1653.0	5.0
1654.0	4.0
1655.0	6.0
1656.0	5.0
1657.0	10.0
1658.0	11.0
1659.0	5.0
1660.0	8.0
1661.0	12.0
1662.0	5.0
1663.0	6.0
1664.0	5.0
1665.0	6.0
1666.0	12.0
1667.0	6.0
1668.0	8.0
1669.0	6.0
1670.0	7.0
1671.0	5.0
1672.0	6.0
1673.0	4.0
1674.0	15.0
1675.0	7.0
1676.0	9.0
1677.0	5.0
1678.0	6.0
1679.0	10.0
1680.0	6.0
1681.0	7.0
1682.0	12.0
1683.0	1.0
1684.0	4.0
1685.0	9.0
1686.0	4.0
1687.0	9.0
1688.0	6.0
1689.0	3.0
1690.0	3.0
1691.0	10.0
1692.0	5.0
1693.0	8.0
1694.0	6.0
1695.0	9.0
1696.0	8.0
1697.0	13.0
1698.0	4.0
1699.0	11.0
1700.0	12.0
1701.0	8.0
1702.0	3.0
1703.0	11.0
1704.0	12.0
1705.0	8.0
1706.0	10.0
1707.0	5.0
1708.0	11.0
1709.0	10.0
1710.0	8.0
1711.0	7.0
1712.0	7.0
1713.0	7.0
1714.0	9.0
1715.0	10.0
1716.0	7.0
1717.0	8.0
1718.0	8.0
1719.0	7.0
1720.0	6.0
1721.0	3.0
1722.0	6.0
1723.0	7.0
1724.0	15.0
1725.0	9.0
1726.0	6.0
1727.0	8.0
1728.0	7.0
1729.0	3.0
1730.0	7.0
1731.0	12.0
1732.0	8.0
1733.0	7.0
1734.0	8.0
1735.0	6.0
1736.0	9.0
1737.0	6.0
1738.0	8.0
1739.0	8.0
1740.0	9.0
1741.0	5.0
1742.0	6.0
1743.0	3.0
1744.0	4.0
1745.0	4.0
1746.0	6.0
1747.0	6.0
1748.0	6.0
1749.0	5.0
1750.0	6.0
1751.0	2.0
1752.0	5.0
1753.0	7.0
1754.0	8.0
1755.0	5.0
1756.0	4.0
1757.0	7.0
1758.0	6.0
1759.0	8.0
1760.0	5.0
1761.0	3.0
1762.0	5.0
1763.0	2.0
1764.0	6.0
1765.0	8.0
1766.0	7.0
1767.0	3.0
1768.0	2.0
1769.0	5.0
1770.0	4.0
1771.0	6.0
1772.0	2.0
1773.0	1.0
1774.0	7.0
1775.0	6.0
1776.0	4.0
1777.0	3.0
1778.0	12.0
1779.0	9.0
1780.0	7.0
1781.0	3.0
1782.0	5.0
1783.0	9.0
1784.0	3.0
1785.0	5.0
1786.0	7.0
1787.0	7.0
1788.0	10.0
1789.0	12.0
1790.0	3.0
1791.0	7.0
1792.0	11.0
1793.0	7.0
1794.0	5.0
1795.0	10.0
1796.0	11.0
1797.0	8.0
1798.0	5.0
1799.0	9.0
1800.0	8.0
1801.0	5.0
1802.0	5.0
1803.0	5.0
1804.0	3.0
1805.0	6.0
1806.0	6.0
1807.0	3.0
1808.0	7.0
1809.0	4.0
1810.0	6.0
1811.0	7.0
1812.0	2.0
1813.0	6.0
1814.0	8.0
1815.0	6.0
1816.0	1.0
1817.0	8.0
1818.0	12.0
1819.0	5.0
1820.0	10.0
1821.0	5.0
1822.0	5.0
1823.0	3.0
1824.0	6.0
1825.0	3.0
1826.0	1.0
1827.0	8.0
1828.0	5.0
1829.0	10.0
1830.0	11.0
1831.0	4.0
1832.0	8.0
1833.0	4.0
1834.0	8.0
1835.0	6.0
1836.0	7.0
1837.0	6.0
1839.0	6.0
1840.0	7.0
1841.0	4.0
1842.0	2.0
1843.0	6.0
1844.0	6.0
1845.0	9.0
1846.0	4.0
1847.0	5.0
1848.0	6.0
1849.0	5.0
1850.0	4.0
1851.0	2.0
1852.0	4.0
1853.0	6.0
1854.0	3.0
1855.0	2.0
1856.0	2.0
1857.0	5.0
1858.0	4.0
1859.0	2.0
1860.0	1.0
1861.0	5.0
1862.0	3.0
1863.0	2.0
1864.0	1.0
1865.0	5.0
1866.0	4.0
1867.0	8.0
1868.0	2.0
1869.0	2.0
1870.0	3.0
1871.0	3.0
1872.0	8.0
1873.0	1.0
1875.0	4.0
1876.0	3.0
1877.0	2.0
1878.0	3.0
1879.0	5.0
1880.0	4.0
1881.0	4.0
1882.0	10.0
1883.0	7.0
1884.0	5.0
1885.0	1.0
1886.0	5.0
1887.0	4.0
1888.0	3.0
1889.0	1.0
1890.0	5.0
1891.0	6.0
1892.0	7.0
1893.0	6.0
1894.0	5.0
1895.0	7.0
1896.0	1.0
1897.0	10.0
1898.0	5.0
1899.0	5.0
1900.0	1.0
1901.0	5.0
1902.0	7.0
1903.0	5.0
1904.0	5.0
1905.0	2.0
1907.0	2.0
1908.0	5.0
1909.0	3.0
1910.0	3.0
1912.0	2.0
1913.0	1.0
1914.0	1.0
1915.0	3.0
1916.0	1.0
1917.0	1.0
1918.0	1.0
1919.0	3.0
1920.0	2.0
1921.0	3.0
1922.0	2.0
1923.0	3.0
1924.0	3.0
1925.0	3.0
1926.0	3.0
1927.0	1.0
1928.0	2.0
1929.0	1.0
1930.0	2.0
1932.0	8.0
1933.0	3.0
1934.0	2.0
1935.0	1.0
1936.0	2.0
1937.0	2.0
1938.0	4.0
1939.0	5.0
1940.0	4.0
1941.0	5.0
1942.0	5.0
1943.0	4.0
1944.0	6.0
1945.0	2.0
1946.0	3.0
1947.0	4.0
1949.0	1.0
1950.0	2.0
1951.0	5.0
1952.0	2.0
1953.0	3.0
1954.0	2.0
1955.0	7.0
1956.0	2.0
1957.0	3.0
1958.0	6.0
1959.0	5.0
1960.0	6.0
1961.0	5.0
1962.0	6.0
1963.0	4.0
1964.0	3.0
1965.0	5.0
1966.0	1.0
1967.0	1.0
1968.0	4.0
1969.0	3.0
1970.0	1.0
1971.0	2.0
1973.0	5.0
1974.0	5.0
1975.0	2.0
1976.0	3.0
1977.0	3.0
1978.0	1.0
1979.0	3.0
1980.0	3.0
1981.0	5.0
1982.0	1.0
1983.0	2.0
1984.0	4.0
1985.0	2.0
1986.0	4.0
1987.0	1.0
1988.0	1.0
1989.0	7.0
1990.0	3.0
1992.0	4.0
1993.0	1.0
1994.0	2.0
1995.0	2.0
1996.0	4.0
1997.0	2.0
1998.0	1.0
1999.0	3.0
2002.0	2.0
2003.0	2.0
2004.0	1.0
2005.0	3.0
2006.0	2.0
2008.0	2.0
2009.0	2.0
2010.0	2.0
2011.0	1.0
2012.0	2.0
2013.0	2.0
2014.0	3.0
2017.0	4.0
2019.0	3.0
2020.0	1.0
2021.0	2.0
2022.0	3.0
2023.0	1.0
2025.0	2.0
2027.0	2.0
2028.0	2.0
2030.0	3.0
2031.0	2.0
2032.0	1.0
2033.0	2.0
2034.0	1.0
2035.0	1.0
2037.0	1.0
2038.0	2.0
2039.0	2.0
2040.0	4.0
2041.0	5.0
2042.0	2.0
2043.0	1.0
2044.0	2.0
2045.0	1.0
2046.0	2.0
2048.0	5.0
2049.0	2.0
2050.0	3.0
2051.0	3.0
2052.0	1.0
2054.0	1.0
2055.0	3.0
2057.0	3.0
2058.0	1.0
2061.0	3.0
2062.0	1.0
2063.0	2.0
2064.0	1.0
2065.0	1.0
2066.0	4.0
2067.0	5.0
2068.0	2.0
2070.0	1.0
2071.0	3.0
2072.0	3.0
2073.0	1.0
2076.0	2.0
2077.0	2.0
2078.0	1.0
2080.0	4.0
2081.0	2.0
2083.0	2.0
2085.0	2.0
2086.0	1.0
2087.0	1.0
2088.0	1.0
2089.0	2.0
2090.0	2.0
2093.0	1.0
2094.0	1.0
2095.0	5.0
2097.0	1.0
2098.0	2.0
2099.0	3.0
2100.0	2.0
2101.0	1.0
2102.0	4.0
2103.0	2.0
2104.0	2.0
2106.0	1.0
2108.0	1.0
2109.0	2.0
2110.0	2.0
2111.0	4.0
2112.0	3.0
2113.0	3.0
2114.0	3.0
2115.0	3.0
2116.0	2.0
2117.0	5.0
2118.0	3.0
2119.0	1.0
2120.0	3.0
2121.0	1.0
2122.0	4.0
2123.0	1.0
2124.0	3.0
2125.0	3.0
2126.0	2.0
2127.0	3.0
2129.0	3.0
2130.0	4.0
2131.0	2.0
2132.0	2.0
2133.0	5.0
2134.0	1.0
2135.0	4.0
2136.0	4.0
2137.0	8.0
2138.0	1.0
2139.0	2.0
2140.0	3.0
2141.0	1.0
2142.0	4.0
2143.0	4.0
2144.0	1.0
2145.0	2.0
2146.0	3.0
2147.0	4.0
2148.0	1.0
2149.0	2.0
2150.0	4.0
2151.0	2.0
2152.0	1.0
2153.0	4.0
2155.0	4.0
2156.0	1.0
2158.0	2.0
2159.0	3.0
2160.0	4.0
2161.0	3.0
2162.0	2.0
2163.0	8.0
2164.0	3.0
2165.0	1.0
2166.0	1.0
2167.0	1.0
2168.0	2.0
2169.0	2.0
2170.0	2.0
2171.0	1.0
2172.0	3.0
2173.0	1.0
2174.0	2.0
2176.0	1.0
2177.0	2.0
2178.0	3.0
2181.0	2.0
2182.0	3.0
2183.0	6.0
2184.0	2.0
2185.0	3.0
2186.0	2.0
2187.0	3.0
2188.0	1.0
2189.0	1.0
2192.0	2.0
2193.0	1.0
2195.0	1.0
2196.0	1.0
2197.0	2.0
2198.0	4.0
2199.0	1.0
2200.0	3.0
2201.0	1.0
2202.0	3.0
2203.0	2.0
2205.0	3.0
2206.0	3.0
2207.0	4.0
2208.0	1.0
2209.0	2.0
2210.0	1.0
2211.0	2.0
2212.0	1.0
2213.0	2.0
2214.0	1.0
2215.0	2.0
2216.0	1.0
2217.0	2.0
2219.0	3.0
2220.0	2.0
2221.0	1.0
2222.0	1.0
2223.0	2.0
2224.0	2.0
2225.0	4.0
2226.0	4.0
2227.0	4.0
2228.0	2.0
2229.0	3.0
2230.0	6.0
2231.0	5.0
2233.0	1.0
2234.0	1.0
2235.0	2.0
2236.0	2.0
2237.0	2.0
2238.0	1.0
2239.0	2.0
2240.0	1.0
2242.0	3.0
2243.0	3.0
2244.0	3.0
2245.0	4.0
2246.0	4.0
2247.0	1.0
2248.0	1.0
2249.0	2.0
2250.0	2.0
2251.0	1.0
2252.0	3.0
2253.0	11.0
2255.0	2.0
2257.0	4.0
2258.0	1.0
2259.0	3.0
2260.0	3.0
2261.0	1.0
2262.0	1.0
2263.0	4.0
2264.0	1.0
2265.0	1.0
2266.0	1.0
2267.0	3.0
2269.0	2.0
2270.0	3.0
2271.0	2.0
2272.0	1.0
2273.0	4.0
2275.0	1.0
2276.0	1.0
2277.0	1.0
2281.0	2.0
2282.0	1.0
2283.0	1.0
2285.0	1.0
2287.0	1.0
2288.0	1.0
2290.0	1.0
2291.0	3.0
2292.0	1.0
2293.0	1.0
2294.0	1.0
2295.0	4.0
2297.0	4.0
2298.0	1.0
2299.0	3.0
2300.0	2.0
2303.0	2.0
2304.0	2.0
2305.0	3.0
2306.0	1.0
2307.0	1.0
2308.0	1.0
2309.0	4.0
2310.0	1.0
2311.0	2.0
2312.0	2.0
2313.0	3.0
2316.0	3.0
2317.0	3.0
2318.0	1.0
2319.0	1.0
2321.0	1.0
2323.0	1.0
2324.0	3.0
2329.0	1.0
2330.0	2.0
2334.0	2.0
2337.0	1.0
2339.0	1.0
2340.0	1.0
2343.0	1.0
2344.0	3.0
2345.0	1.0
2346.0	1.0
2347.0	2.0
2348.0	2.0
2349.0	2.0
2350.0	3.0
2351.0	2.0
2352.0	2.0
2353.0	1.0
2354.0	1.0
2355.0	1.0
2356.0	2.0
2357.0	1.0
2358.0	1.0
2359.0	1.0
2360.0	5.0
2361.0	2.0
2362.0	4.0
2364.0	1.0
2365.0	1.0
2366.0	2.0
2368.0	3.0
2369.0	3.0
2370.0	3.0
2372.0	1.0
2373.0	3.0
2375.0	1.0
2376.0	1.0
2377.0	1.0
2378.0	2.0
2381.0	1.0
2382.0	3.0
2383.0	3.0
2384.0	1.0
2386.0	2.0
2387.0	2.0
2389.0	1.0
2391.0	3.0
2392.0	1.0
2393.0	1.0
2396.0	1.0
2397.0	1.0
2398.0	1.0
2399.0	2.0
2402.0	1.0
2404.0	5.0
2405.0	1.0
2407.0	1.0
2408.0	2.0
2409.0	3.0
2410.0	1.0
2412.0	2.0
2413.0	2.0
2414.0	2.0
2415.0	2.0
2416.0	1.0
2417.0	1.0
2419.0	1.0
2420.0	1.0
2421.0	2.0
2422.0	1.0
2423.0	1.0
2425.0	1.0
2426.0	2.0
2427.0	2.0
2428.0	2.0
2429.0	1.0
2432.0	3.0
2433.0	1.0
2435.0	3.0
2436.0	1.0
2437.0	4.0
2439.0	1.0
2440.0	2.0
2441.0	3.0
2442.0	2.0
2446.0	1.0
2447.0	1.0
2448.0	3.0
2449.0	2.0
2451.0	1.0
2452.0	1.0
2453.0	1.0
2454.0	3.0
2456.0	1.0
2457.0	2.0
2460.0	1.0
2461.0	3.0
2462.0	2.0
2463.0	2.0
2465.0	2.0
2467.0	1.0
2468.0	1.0
2471.0	3.0
2473.0	1.0
2474.0	1.0
2476.0	1.0
2477.0	1.0
2479.0	1.0
2482.0	1.0
2483.0	2.0
2484.0	2.0
2487.0	1.0
2488.0	1.0
2489.0	3.0
2490.0	1.0
2491.0	2.0
2493.0	1.0
2495.0	2.0
2497.0	2.0
2498.0	1.0
2499.0	1.0
2500.0	2.0
2502.0	3.0
2503.0	3.0
2504.0	1.0
2507.0	2.0
2508.0	2.0
2509.0	2.0
2511.0	1.0
2512.0	1.0
2513.0	1.0
2514.0	2.0
2515.0	2.0
2516.0	3.0
2517.0	1.0
2518.0	1.0
2519.0	2.0
2521.0	3.0
2522.0	2.0
2523.0	1.0
2525.0	2.0
2526.0	1.0
2527.0	3.0
2528.0	3.0
2529.0	2.0
2530.0	1.0
2531.0	6.0
2532.0	4.0
2533.0	2.0
2534.0	1.0
2535.0	4.0
2536.0	4.0
2537.0	2.0
2538.0	2.0
2539.0	3.0
2540.0	5.0
2541.0	2.0
2542.0	2.0
2543.0	2.0
2544.0	1.0
2545.0	2.0
2546.0	4.0
2547.0	3.0
2549.0	2.0
2551.0	4.0
2553.0	2.0
2554.0	3.0
2555.0	1.0
2557.0	1.0
2558.0	1.0
2559.0	1.0
2560.0	1.0
2561.0	1.0
2562.0	3.0
2563.0	1.0
2564.0	3.0
2566.0	2.0
2567.0	1.0
2568.0	2.0
2569.0	1.0
2570.0	1.0
2573.0	1.0
2575.0	1.0
2576.0	2.0
2579.0	1.0
2580.0	1.0
2585.0	1.0
2587.0	1.0
2588.0	2.0
2589.0	1.0
2590.0	1.0
2593.0	1.0
2594.0	1.0
2595.0	1.0
2597.0	1.0
2599.0	1.0
2602.0	2.0
2604.0	1.0
2609.0	1.0
2610.0	1.0
2614.0	1.0
2616.0	2.0
2619.0	2.0
2620.0	1.0
2626.0	1.0
2630.0	2.0
2633.0	1.0
2634.0	2.0
2637.0	1.0
2645.0	1.0
2647.0	1.0
2648.0	1.0
2652.0	1.0
2655.0	3.0
2659.0	4.0
2662.0	1.0
2663.0	1.0
2665.0	2.0
2667.0	2.0
2672.0	2.0
2673.0	2.0
2674.0	2.0
2677.0	2.0
2678.0	1.0
2680.0	2.0
2681.0	3.0
2682.0	1.0
2686.0	1.0
2687.0	2.0
2691.0	2.0
2696.0	1.0
2700.0	1.0
2702.0	1.0
2703.0	1.0
2704.0	3.0
2707.0	1.0
2708.0	2.0
2709.0	1.0
2712.0	1.0
2713.0	1.0
2714.0	1.0
2716.0	2.0
2717.0	2.0
2720.0	2.0
2723.0	1.0
2725.0	1.0
2726.0	1.0
2727.0	1.0
2730.0	1.0
2731.0	2.0
2732.0	1.0
2737.0	1.0
2738.0	1.0
2740.0	1.0
2742.0	2.0
2743.0	1.0
2744.0	1.0
2746.0	2.0
2747.0	2.0
2750.0	2.0
2751.0	1.0
2752.0	1.0
2757.0	1.0
2758.0	2.0
2759.0	3.0
2760.0	1.0
2762.0	1.0
2763.0	1.0
2765.0	1.0
2766.0	2.0
2768.0	1.0
2769.0	3.0
2770.0	1.0
2771.0	2.0
2772.0	1.0
2773.0	1.0
2774.0	2.0
2775.0	3.0
2780.0	1.0
2782.0	1.0
2785.0	1.0
2787.0	2.0
2788.0	1.0
2791.0	1.0
2792.0	3.0
2794.0	1.0
2799.0	1.0
2803.0	1.0
2809.0	1.0
2811.0	1.0
2816.0	1.0
2817.0	1.0
2818.0	1.0
2823.0	1.0
2825.0	1.0
2830.0	1.0
2840.0	1.0
2841.0	1.0
2846.0	2.0
2850.0	2.0
2855.0	1.0
2859.0	1.0
2864.0	1.0
2865.0	1.0
2866.0	1.0
2870.0	1.0
2873.0	2.0
2874.0	1.0
2876.0	1.0
2877.0	4.0
2878.0	1.0
2879.0	3.0
2881.0	1.0
2882.0	2.0
2883.0	1.0
2884.0	1.0
2885.0	1.0
2886.0	3.0
2888.0	1.0
2889.0	1.0
2890.0	1.0
2891.0	1.0
2893.0	1.0
2894.0	1.0
2897.0	1.0
2901.0	2.0
2902.0	1.0
2904.0	1.0
2906.0	1.0
2908.0	1.0
2909.0	1.0
2910.0	2.0
2914.0	1.0
2915.0	1.0
2917.0	1.0
2921.0	1.0
2923.0	1.0
2924.0	1.0
2926.0	1.0
2928.0	2.0
2932.0	1.0
2933.0	1.0
2934.0	1.0
2935.0	3.0
2936.0	1.0
2937.0	2.0
2938.0	2.0
2940.0	1.0
2944.0	1.0
2945.0	2.0
2946.0	1.0
2947.0	1.0
2949.0	1.0
2990.0	1.0
2992.0	1.0
3003.0	1.0
3009.0	1.0
3011.0	1.0
3026.0	1.0
3031.0	1.0
3046.0	1.0
3058.0	1.0
3064.0	1.0
3070.0	1.0
3073.0	1.0
3076.0	1.0
3092.0	1.0
3127.0	1.0
3134.0	1.0
3144.0	1.0
3149.0	1.0
3152.0	1.0
3155.0	1.0
3164.0	1.0
3213.0	1.0
3220.0	1.0
3229.0	1.0
3242.0	1.0
3254.0	1.0
3265.0	1.0
3280.0	1.0
3289.0	1.0
3290.0	1.0
3292.0	1.0
3299.0	1.0
3305.0	1.0
3312.0	1.0
3326.0	1.0
3328.0	1.0
3333.0	1.0
3338.0	1.0
3346.0	1.0
3352.0	1.0
3374.0	1.0
3375.0	1.0
3389.0	1.0
3430.0	1.0
3446.0	1.0
3447.0	1.0
3472.0	1.0
3473.0	1.0
3493.0	1.0
3494.0	1.0
3495.0	1.0
3507.0	1.0
3513.0	1.0
3532.0	1.0
3535.0	1.0
3545.0	1.0
3546.0	1.0
3581.0	1.0
3599.0	1.0
3600.0	1.0
3606.0	1.0
3627.0	1.0
3633.0	1.0
3655.0	1.0
3657.0	1.0
3660.0	1.0
3664.0	1.0
3666.0	1.0
3668.0	1.0
3677.0	1.0
3684.0	1.0
3685.0	1.0
3688.0	1.0
3689.0	1.0
3696.0	1.0
3700.0	1.0
3702.0	1.0
3704.0	1.0
3707.0	1.0
3709.0	2.0
3710.0	1.0
3728.0	1.0
3730.0	1.0
3732.0	1.0
3733.0	1.0
3734.0	2.0
3735.0	1.0
3736.0	1.0
3737.0	1.0
3739.0	2.0
