# Position (bp)	A	C	G	T	N
0.0	35.63704250669969	23.223973545131084	10.402905742319351	30.733371379929263	0.0027068259206120913
1.0	35.19627488970567	24.90566049671197	8.374901009610761	31.459905523537206	0.06325808043439143
2.0	37.732903981705626	23.21826199532849	8.557622056959385	30.488452180448316	0.002759785558189284
3.0	32.92130906926732	25.85068109624567	9.017715528365947	32.20542128391344	0.004873022207623669
4.0	47.07534299897717	12.471262776659675	8.240479887283062	32.20731459095683	0.005599746123266263
5.0	47.81046837268097	12.273200352075671	7.7323946865242545	32.18031547349976	0.003621115219340577
6.0	46.2145914805361	12.24649913257998	8.27089343026281	33.25941516436847	0.008600792252640538
7.0	45.54552222145202	12.771475515523822	8.05294171956648	33.62632247570536	0.003738067752323545
8.0	44.027010533201164	12.650723864095214	8.826954913812896	34.474987427970476	0.020323260920247846
9.0	43.22875359375274	13.019489911600951	8.913123186353078	34.83531671098996	0.003316597303271717
10.0	42.48606896733532	13.136647663179529	9.18503414778587	35.18331007620657	0.008939145492717048
11.0	42.390652618083216	12.655324732609733	9.30500685121178	35.61019417709962	0.038821620995648246
12.0	41.7578298176176	12.97279642891987	9.455540943272343	35.81141579117521	0.00241701901498134
13.0	41.75080898788601	12.805711714565913	9.690059458373549	35.75094618276936	0.0024736564051680604
14.0	41.574693184224095	12.505042934378183	9.85259111499691	36.06529767376557	0.002375092635232729
15.0	41.12399195743175	12.776047697567988	10.136594527009828	35.96058028816398	0.0027855298264559754
16.0	41.18182829496917	12.501148929915216	10.233825479399467	36.078087426240465	0.005109869475677227
17.0	41.07856288609783	12.134673386734693	10.274539671887977	36.50968419932737	0.002539855952139552
18.0	40.845905313817035	12.081141490851458	10.6443428456296	36.426286010052685	0.002324339649221252
19.0	40.51784316109251	12.287544322803349	10.653793934285563	36.53854425960485	0.002274322213731681
20.0	40.68678045845318	11.964443669776214	10.804937354632322	36.54138760233433	0.0024509148039505747
21.0	40.59870278863055	12.302147262312987	10.85357242521471	36.243121394638266	0.0024561292034887745
22.0	40.42494451864387	12.055402593855788	10.943124315423066	36.574153271862755	0.0023753002145177836
23.0	40.66724686499829	11.847631001041043	11.015493940856302	36.46631996943634	0.0033082236680237794
24.0	40.4160440392409	12.050622179140396	11.11933286426204	36.40603772121283	0.00796319614383551
25.0	40.51856801746915	11.871380314126831	11.162887581363504	36.44497594816733	0.0021881388731839688
26.0	40.538031918091264	11.657039373355248	11.152817437442462	36.6492835448065	0.0028277263045255055
27.0	40.13494074798527	11.724099787178192	11.222174318198716	36.91081926712319	0.0079658795146337
28.0	40.17653965268339	11.694658540916926	11.249272312488227	36.87725317631859	0.002276317592860897
29.0	39.7997333465097	11.60775013515253	11.254950271664182	37.33462644409245	0.00293980258114225
30.0	39.89556343399047	11.636804360075752	11.310657355520155	37.15453663233466	0.002438218078965962
31.0	39.658020300891764	11.86509367051907	11.287258651534158	37.18722769571855	0.002399681336455948
32.0	39.67287153742276	11.736415319730115	11.264876468157128	37.323761948227805	0.0020747264621933026
33.0	39.688608373148064	11.611551880340134	11.270011748730045	37.42704174933967	0.0027862484420822973
34.0	39.51651087929303	11.57790589458494	11.351865097095141	37.54267476260023	0.01104336642665824
35.0	39.67924483565709	11.38565312669228	11.27868676774377	37.653157332667874	0.003257937238990863
36.0	39.383098436569504	11.62655908398645	11.303569994591673	37.675795473209334	0.010977011643045254
37.0	39.35284036846875	11.563637044211102	11.302654143254198	37.75053865504563	0.030329789020328554
38.0	39.23120224748051	11.45324793177572	11.301470197763596	38.0119262131003	0.002153409879866683
39.0	39.05165800915072	11.415410944227505	11.343231742696684	38.178122578536474	0.011576725388611604
40.0	39.265402023515925	11.458951754843794	11.275316091939782	37.998631922521334	0.001698207179160495
41.0	39.23028243662089	11.286354732909638	11.22075944921372	38.26069925758425	0.0019041236714998735
42.0	39.043182847411536	11.346550779785565	11.204612312789044	38.40356262076311	0.002091439250748929
43.0	39.03576888034188	11.363775323684564	11.24079446681271	38.35756957569742	0.0020917534634287737
44.0	38.927736111490056	11.245389706551519	11.144257045716053	38.680742465368596	0.0018746708737758468
45.0	38.7328093535747	11.338740692840314	11.213445046274483	38.71304705818733	0.0019578491231756704
46.0	38.76848990233669	11.304683936659664	11.178812351719575	38.74616528863427	0.001848520649794364
47.0	38.72416947238778	11.176927341577239	11.123415624903043	38.973593869726656	0.0018936914052881558
48.0	38.658970396871375	11.272754564608856	11.239944178048976	38.82650523465655	0.0018256258142412716
49.0	38.82314978530112	11.277237282975609	11.248203806725138	38.64906965067217	0.0023394743259676407
50.0	38.70517882292488	11.22470285168701	11.243397414000803	38.82468708009952	0.002033831287787097
51.0	38.61246664136251	11.305863478316654	11.311996122366615	38.76688509649349	0.002788661460733273
52.0	38.64982916275026	11.372635514946799	11.237652520927298	38.733461515763544	0.006421285612097548
53.0	38.7757897767616	11.027070736363607	11.180160152400182	39.01487207801538	0.002107256459233574
54.0	38.68741425240088	11.151307692904645	11.208698058445155	38.94994176936946	0.002638226879865295
55.0	38.495207580042276	11.14690799729797	11.263893458160124	39.09196086458493	0.0020300999146999604
56.0	38.428114502282405	11.01364495637217	11.197886373389933	39.35837725809429	0.0019769098611991153
57.0	38.28616737486394	11.10460236972768	11.286684339503937	39.32053764476214	0.0020082711422953294
58.0	38.24938422990318	11.12619009140367	11.294658060432129	39.32739101655508	0.002376601705937201
59.0	38.32493995451098	11.023796435677182	11.270717873392671	39.37797853617638	0.0025672002427886637
60.0	38.43943585896329	11.077138397244052	11.316165646218147	39.14722404715752	0.020036050416984152
61.0	38.294061317727305	11.180736341975713	11.316968526013724	39.20550829493362	0.002725519349627597
62.0	38.348682124502275	11.09781762326649	11.283155191053659	39.26819287864566	0.0021521825319200925
63.0	38.39257569027383	10.991944392933426	11.286982073960427	39.326242047274114	0.0022557955581963738
64.0	38.35352558013328	11.014245191039231	11.321072436348812	39.308370125112	0.002786667366682168
65.0	38.30908707047033	10.860775942921952	11.307019069906591	39.52086722515658	0.00225069154454482
66.0	38.139309897726456	10.925728225231818	11.404892827994024	39.52692935677113	0.003139692276574721
67.0	38.0960207110538	10.95322671018879	11.39525702990642	39.55106348447624	0.004432064374752924
68.0	38.136617994974344	10.92392152128403	11.428016494680644	39.499138751317744	0.012305237743237623
69.0	37.93850645385807	10.924513246404983	11.517414257630028	39.61700852464057	0.002557517466357938
70.0	37.92037200166325	11.033319307955852	11.520473924445614	39.52066358658107	0.005171179354204552
71.0	38.07962688300247	10.895222266426767	11.470379855094619	39.5306432426836	0.024127752792547988
72.0	37.87571291860809	11.03530068358406	11.474177837147622	39.592380455038445	0.02242810562179356
73.0	37.907594693079524	10.92552108778634	11.47649558577158	39.66913183222538	0.021256801137174357
74.0	37.968502628336275	10.805968506333786	11.50328814419106	39.719419140589395	0.002821580549478676
75.0	37.94056597027497	10.80283729011332	11.525659560863557	39.717119563489824	0.013817615258334914
76.0	37.86719572277886	10.816363117111074	11.570565959604094	39.74338535799646	0.0024898425095131295
77.0	37.88932456038893	10.69368806641291	11.568811419714839	39.838728023324144	0.009447930159171527
78.0	37.71770130877284	10.7606336738408	11.671171597536599	39.84072836072039	0.009765059129371272
79.0	37.57202512837132	10.817724366850749	11.704147776391604	39.862786758752634	0.043315969633692324
80.0	37.662724200535074	10.814963374245584	11.692862699228929	39.82263749742606	0.006812228564358279
81.0	37.598038776256296	10.792705633102589	11.672629178580907	39.93380516531422	0.0028212467459873777
82.0	37.57635959041966	10.769557957002691	11.683838839201288	39.96269438965945	0.007549223716901811
83.0	37.691988848186384	10.64638872966747	11.676330945799924	39.980296055666145	0.004995420680077732
84.0	37.60296092317981	10.780538283140654	11.690847054653664	39.92240703108115	0.003246707944723196
85.0	37.72215275159907	10.624299287896124	11.71585559207335	39.93576442854226	0.00192793988920421
86.0	37.48765236057347	10.619262147388108	11.75721367820078	40.13343124865635	0.00244056518129479
87.0	37.405808234741876	10.609241429098843	11.81850741960443	40.164306473790454	0.00213644276439094
88.0	37.27796560473793	10.599859846442943	11.894843362059584	40.22552281642317	0.0018083703363748497
89.0	37.38962487988856	10.537506938519904	11.93143163585194	40.138592340620434	0.002844205119162619
90.0	37.33290876368315	10.568661402038762	11.973184965987098	40.115971561501595	0.009273306789386605
91.0	37.29536699978927	10.569560010633896	11.969956620523318	40.16299734647935	0.0021190225741614947
92.0	37.45825191833094	10.484721764504611	11.970625948288674	40.08421179536421	0.0021885735115717902
93.0	37.38610360801207	10.534435393183019	11.989566438074858	40.08810485689621	0.0017897038338438962
94.0	37.435092531000365	10.458993399371714	11.947374652329422	40.15660105353922	0.0019383637592768324
95.0	37.350168434862226	10.421489336319127	12.024003420786318	40.20212794667748	0.0022108613548506135
96.0	37.21651680500344	10.385380082607538	12.056673456211426	40.339216996164886	0.002212660012712233
97.0	37.09334547638516	10.461419621823902	12.0516800726993	40.391584471011676	0.0019703580799577793
98.0	36.90729340708184	10.470676799827432	12.179542488450036	40.43793307754177	0.004554227098924628
99.0	36.81671731766979	10.54811591166952	12.213401261216848	40.41911930240486	0.002646207038972779
100.0	36.933546961507076	10.424276150637949	12.24166784448806	40.39833676276754	0.0021722805993788065
101.0	36.81257953894251	10.387411962192882	12.260588110056565	40.536718996484275	0.0027013923237645203
102.0	36.89719983599979	10.40318945124135	12.274026266082608	40.423665270836054	0.0019191758401927062
103.0	37.09473250289264	10.244906093933627	12.319730482014794	40.338697374211705	0.0019335469472383875
104.0	37.13657698312593	10.128168448722702	12.335670615790466	40.39719277868392	0.002391173676984271
105.0	37.033708172738045	10.15361920345696	12.427599302547302	40.38306951943694	0.0020038018207583063
106.0	36.85455854053609	10.183633572812658	12.448743147722361	40.51079698303014	0.002267755898755058
107.0	36.65528893034696	10.246406223082502	12.44891029448339	40.64708623578392	0.002308316303225762
108.0	36.64827726527699	10.110646138101766	12.494150626967407	40.74417545918189	0.0027505104719583017
109.0	36.50395921540922	10.146004600541584	12.566584530284613	40.781339764043885	0.002111889720699981
110.0	36.57592433287767	10.059892530122625	12.666799507779224	40.69463919110457	0.0027444381159161756
111.0	36.45719622375104	10.191853550354825	12.672492947226838	40.67172818073654	0.006729097930757282
112.0	36.40098866729486	10.24968023171966	12.688025646102016	40.657700656768476	0.003604798114986453
113.0	36.38008691633427	10.058553572395667	12.716327057077855	40.79519200583661	0.049840448355592405
114.0	36.29057614637007	10.041816801884496	12.794535746897855	40.843580962907225	0.02949034194035078
115.0	36.14735309353384	10.069459581853328	12.736412872225667	41.04394669576083	0.002827756626337048
116.0	36.128860163968405	10.11436136633208	12.834326640913446	40.88996788667911	0.03248394210696624
117.0	36.029747542292526	9.94970331277576	12.91073307354766	41.1076764502037	0.0021396211803560634
118.0	35.980228318761384	10.135595036009153	13.048068157930503	40.83379200626109	0.00231648103786716
119.0	36.0444845873586	9.965692322853522	13.09416831735496	40.89356020560209	0.0020945668308202294
120.0	36.02773166121121	9.90741374340792	13.054554449438866	41.00785037372661	0.0024497722153847524
121.0	36.088246529744325	9.950762885621298	13.067882608646814	40.88940932479585	0.003698651191713024
122.0	36.11271257232556	9.712488877748768	13.057082201725716	41.11538117031321	0.0023351778867376246
123.0	36.07364842364543	9.699870179680524	13.160399749033324	41.04425688709554	0.021824760545182488
124.0	35.96357059917838	9.64528403628696	13.159172823596979	41.229195578718446	0.002776962219229398
125.0	35.81984900451477	9.595933095212688	13.272567260020685	41.30873573842489	0.002914901826966656
126.0	35.583765725229505	9.595808045136272	13.472772058882605	41.325364576577144	0.02228959417447574
127.0	35.69312645718567	9.57619447271673	13.412303292776057	41.31516207085676	0.003213706464781492
128.0	35.9144687665916	9.444936603009465	13.43797128266	41.20069969719046	0.0019236505484817154
129.0	35.55334248263317	9.431199607209418	13.637218794105449	41.37645140288147	0.0017877131704904078
130.0	35.62608148587862	9.525918131579598	13.476853973965753	41.369178688113365	0.0019677204626689132
131.0	35.789034504192465	9.241800596508059	13.655956278336165	41.31124858240166	0.001960038561651614
132.0	35.713369719062484	9.23684684599733	13.567059166081751	41.48069425355927	0.0020300152991656164
133.0	35.602518079543295	9.191230034914659	13.660306755717777	41.543190042248945	0.002755087575328686
134.0	35.44476082794562	8.959328336271255	13.841332221896433	41.74285398008568	0.011724633801013223
135.0	35.22691940856779	8.9460107525971	14.006134173173882	41.81823534959941	0.002700316061816035
136.0	35.15168079746151	8.816639269619483	13.908632435434415	42.12063600233669	0.002411495147901746
137.0	35.03201611165822	8.703714446476763	14.108310765168333	42.154029617893826	0.0019290588028630972
138.0	35.0152368553786	8.669649268962882	14.314857634174599	41.99542691936206	0.004829322121857601
139.0	34.89530136313621	8.611770745284723	14.153191593517429	42.30711113911314	0.032625158948497004
140.0	34.74326477440106	8.42989837864454	14.369143485597997	42.436818080179414	0.020875281176989093
141.0	34.63352337112932	8.339703331229838	14.324228080551057	42.69476496373586	0.00778025335392349
142.0	34.40951398143448	8.330680493656265	14.136380173969606	43.083028841116345	0.04039650982330533
143.0	33.90559293935942	7.934265245990364	14.22599408482768	43.931767739611274	0.0023799902112663068
144.0	33.61123005637442	8.042061750968982	13.987385713895941	44.33802733057741	0.021295148183249214
145.0	33.037659189692114	7.778197064556035	13.913237963396611	45.26886563627803	0.0020401460772160825
146.0	33.047730019550684	8.017004133167738	14.405361715796294	44.5249340948776	0.004970036607682182
147.0	32.48703182772308	8.469670448373066	22.22859407146907	36.81201732901864	0.0026863234161506756
148.0	31.44880784929957	8.24359645691904	20.27531322405731	40.027237403234544	0.0050450664895342915
149.0	32.73899552903655	8.239161083068945	20.90326852683231	38.06454125962107	0.054033601441123735
150.0	32.03955578552216	9.558295723667262	20.295102242739453	38.10704624807112	0.0
