POR.71	POR.73	POR.76	POR.79	POR.82
lncRNA_005	8.14693277413722	7.87983728444124	3.32968175692274	7.84595201843504	8.15637918971855
lncRNA_013	8.5389888405878	3.32968175692274	7.71219855730797	4.09065456421214	7.08548218696903
lncRNA_014	8.5389888405878	3.32968175692274	7.71219855730797	4.09065456421214	7.08548218696903
lncRNA_070	10.6906503843365	10.6442789725206	5.39486105663443	11.3557872925912	8.47418543820296
lncRNA_252	3.32968175692274	6.77836962238855	3.32968175692274	3.32968175692274	7.62236122262697
lncRNA_255	8.91216959474842	8.85542695764525	7.44517641552117	3.32968175692274	3.32968175692274
lncRNA_256	4.50938794163877	11.7979108778511	3.82941742576029	8.45897510188468	8.04283444156352
lncRNA_258	15.4557599712462	16.1906243242981	15.0869192913508	7.91614907499978	7.1180138760271
lncRNA_261	10.2377390018151	8.57812539892065	5.77655104119162	11.6206591621516	9.06175743479772
lncRNA_264	3.32968175692274	8.58538757797946	4.03296890418492	3.32968175692274	7.72700441786421
lncRNA_289	7.91612297892248	10.8098788942141	4.31490120803435	7.4198612570657	8.95292057674268
lncRNA_290	7.80314972554869	10.6355656213716	4.31490120803435	7.29343407827727	8.83907932386854
lncRNA_371	8.31389796986409	8.76878951791628	3.82941742576029	5.0341986465047	5.83683059606449
lncRNA_382	9.76142142569129	4.81100648034355	8.82543353456036	4.09065456421214	9.68765591943646
lncRNA_423	4.50938794163877	9.39929069656888	4.84699375845072	10.2755631880534	10.5519330328282
lncRNA_426	9.50026131491877	5.41959552243271	4.03296890418492	3.87085195326066	8.86028378964509
lncRNA_427	9.50026131491877	5.41959552243271	4.03296890418492	3.87085195326066	8.86028378964509
lncRNA_521	4.50938794163877	6.72633728979472	11.3879755996216	10.8956614319764	9.35983657475765
lncRNA_522	4.50938794163877	6.72633728979472	11.3879755996216	10.8956614319764	9.35983657475765
lncRNA_523	4.50938794163877	6.72633728979472	11.3879755996216	10.8956614319764	9.35983657475765
lncRNA_524	4.50938794163877	6.72633728979472	11.3879755996216	10.8956614319764	9.35983657475765
lncRNA_525	4.50938794163877	6.72633728979472	11.3876475937642	10.8956614319764	9.35983657475765
lncRNA_526	4.50938794163877	6.72633728979472	11.3876475937642	10.8956614319764	9.35983657475765
lncRNA_527	4.50938794163877	6.72633728979472	11.3876475937642	10.8956614319764	9.35983657475765
lncRNA_541	11.0359133888367	9.91637277657292	5.20400600985296	10.8392934928584	11.67787867518
lncRNA_596	4.50938794163877	4.69105512600405	11.1269646379526	5.34035127538389	4.98673481853936
lncRNA_620	10.1770459211815	10.0110411171013	5.15138172890353	10.383080604462	10.0582808504898
lncRNA_626	6.96686515152093	3.32968175692274	3.32968175692274	9.01684952832487	7.93782515432299
lncRNA_641	8.20991081687421	13.5260330761303	8.09688971963245	8.15977721953784	6.89570348912403
lncRNA_642	4.21951414578141	9.87254714551244	4.52539026171228	9.89884185935249	8.07620034726536
lncRNA_643	4.21951414578141	9.87254714551244	4.52539026171228	9.89884185935249	8.07620034726536
lncRNA_660	6.59142892743356	6.2220068180113	7.50464878831759	9.15370472086598	11.5738308902977
lncRNA_674	3.73265352792974	7.4405671973604	3.32968175692274	3.32968175692274	9.23849632279654
lncRNA_676	9.36167152388232	5.27412925611207	8.79011320937352	6.73429506271252	4.57807598958498
lncRNA_678	8.60194690181185	4.69105512600405	8.32254682704628	3.87085195326066	4.19163073574834
lncRNA_703	4.78046407679321	8.40832898548455	3.32968175692274	3.32968175692274	3.94363399337198
lncRNA_728	9.81930782153581	10.2851093061476	7.94800112796687	4.8042972193004	8.62824837088493
lncRNA_772	3.32968175692274	8.62820832884643	3.32968175692274	4.39407371642462	3.32968175692274
lncRNA_821	8.77322490376255	4.20930402640161	4.18691669039432	4.39407371642462	8.27890946568435
lncRNA_833	4.21951414578141	9.48716967263058	3.68392692720312	3.32968175692274	7.85178158840231
lncRNA_836	3.73265352792974	10.832928701646	6.78890211070758	4.96250847639807	9.61128315237962
lncRNA_853	13.7629232342797	10.7351748061225	7.63451803052975	10.7121188967855	12.8130279386306
lncRNA_885	4.37621700352682	4.20930402640161	7.21511571335883	8.64081060349307	3.32968175692274
lncRNA_927	3.32968175692274	4.20930402640161	10.4206695030065	10.0833765092234	3.83221840077246
lncRNA_944	3.73265352792974	7.93778634325013	3.68392692720312	5.10182679582179	8.02243699169249
lncRNA_976	3.32968175692274	4.20930402640161	4.03296890418492	8.51653978425582	3.32968175692274
lncRNA_1057	10.1829374942895	5.10962180145381	5.30302586953426	9.43008194658163	4.03687278535309
lncRNA_1065	9.36513089396721	4.91927572696486	4.25342223678786	8.78829720731889	9.0962839961176
lncRNA_1200	8.77582724308786	8.5034161604951	3.32968175692274	4.09065456421214	8.96898088845722
lncRNA_1234	6.25586095685037	11.1926565680772	5.67312148523283	4.96250847639807	6.31902702847376
lncRNA_1288	3.32968175692274	3.32968175692274	4.03296890418492	4.09065456421214	9.11885073382125
lncRNA_1407	3.89774743610077	3.32968175692274	3.82941742576029	9.42408124931403	3.68592232080258
lncRNA_1437	8.11848886379188	16.9240175508963	7.74130800448611	8.06258287530183	9.10438415426898
lncRNA_1444	3.89774743610077	7.45653832133562	8.41307755739517	4.09065456421214	3.32968175692274
lncRNA_1468	8.97692207749223	4.91927572696486	10.5732639845156	10.0389179140964	9.59528115322915
lncRNA_1481	3.32968175692274	9.04640414079856	7.04491763076944	7.65380891755251	3.32968175692274
lncRNA_1487	3.32968175692274	3.32968175692274	6.70640057621486	7.95834304985304	3.83221840077246
lncRNA_1553	9.24070889243195	4.55577988927431	7.53348475053249	9.15732684837544	4.32027009145237
lncRNA_1573	10.1105988879272	8.19695396143862	4.18691669039432	8.18130415690279	9.16139940326506
lncRNA_1574	10.1105988879272	8.19695396143862	4.18691669039432	8.18130415690279	9.16139940326506
lncRNA_1600	3.32968175692274	3.32968175692274	3.32968175692274	7.65380891755251	7.5240888731175
lncRNA_1628	5.98910080546981	8.00437653764894	3.32968175692274	3.32968175692274	3.32968175692274
lncRNA_1653	8.85917007498507	5.01825581195567	3.94022859444584	6.79182053656316	8.59872568105906
lncRNA_1654	9.4828527906607	5.19460191370527	4.69832188086467	7.65380891755251	9.5124943272352
lncRNA_1690	15.4551262203017	14.7294537564157	10.5961572120637	14.7114221492888	16.3460335273853
lncRNA_1714	6.38610079503248	7.5782800837646	7.68248682831273	3.32968175692274	3.32968175692274
lncRNA_1722	4.78046407679321	5.92714297264002	4.37225444914344	4.09065456421214	9.71647360914923
lncRNA_1762	10.6337169992398	10.4865432691781	4.52539026171228	10.3737722840102	9.97945910175113
lncRNA_1764	10.1482257516308	9.88141944875137	4.84699375845072	9.35321642816139	9.15205206383523
lncRNA_1765	10.1442049797939	9.88141944875137	4.84699375845072	9.35321642816139	9.15205206383523
lncRNA_1805	5.1106730451667	9.2924615334153	4.42613989001353	3.32968175692274	4.8548655270756
lncRNA_1809	7.12295919527235	7.75642073021479	4.77516983697496	11.4975110181527	6.38530963803809
lncRNA_1838	10.4945850669162	6.80368708133713	4.84699375845072	9.00885175104174	9.51977953375403
lncRNA_1851	7.12295919527235	17.6586383805654	7.76983920616245	8.89629997347762	7.10509003824847
lncRNA_1876	8.21375692766154	10.9723187971788	9.6899680182954	8.76474065210522	3.68592232080258
lncRNA_1887	3.32968175692274	3.32968175692274	7.04491763076944	9.57251635087093	3.32968175692274
lncRNA_1944	8.35626305752547	6.49665764153231	7.78189550299438	3.32968175692274	3.68592232080258
lncRNA_1961	7.74048139694776	3.32968175692274	3.94022859444584	3.32968175692274	8.11845042873224
lncRNA_1978	9.19672898238211	3.95640797681129	6.94078126152737	4.09065456421214	4.03687278535309
lncRNA_2055	6.41346787589283	3.32968175692274	8.05116631795303	3.32968175692274	4.03687278535309
lncRNA_2134	3.32968175692274	4.20930402640161	3.32968175692274	6.13330873144235	9.08322833131023
lncRNA_2143	3.32968175692274	9.07762839980823	8.1349569619489	8.42329861663007	9.09303114701174
lncRNA_2197	12.6154816272662	13.3701071092514	13.4832482552126	6.61172194347667	12.6621167455588
lncRNA_2226	7.60629127976786	8.09881556224132	4.25342223678786	3.32968175692274	7.1747659073803
lncRNA_2254	8.48274441867814	10.1472368071371	3.82941742576029	4.25650104580505	8.80965201813294
lncRNA_2257	10.6995821718902	5.61109195262234	5.17797391157794	9.82562628824764	11.6064109321457
lncRNA_2258	11.0429487032715	6.46512790354475	4.81166017352899	8.70162828949993	11.3713009344684
lncRNA_2259	9.89782834074043	4.81100648034355	4.11409165483507	8.28435907290761	10.021120387704
lncRNA_2260	8.50173761570095	3.32968175692274	3.32968175692274	6.54620368089238	8.1216496233155
lncRNA_2314	4.56962022559152	9.79640873296477	5.43842653349648	3.87085195326066	4.74481496433801
lncRNA_2339	9.82559854701265	4.20930402640161	4.42613989001353	10.86166179423	9.61468917414945
lncRNA_2340	12.6379934427195	9.95890597417669	5.85706459699015	5.71522373928754	12.7636479756155
lncRNA_2387	5.50842691608333	6.52749645072746	13.5264208649031	5.90519768814484	11.5773258437716
lncRNA_2388	5.50842691608333	6.52749645072746	13.5264208649031	5.90519768814484	11.5773258437716
lncRNA_2389	5.50842691608333	6.52749645072746	13.5264208649031	5.90519768814484	11.5773258437716
lncRNA_2390	5.50842691608333	6.52749645072746	13.5264208649031	5.90519768814484	11.5773258437716
lncRNA_2391	4.30149126227143	4.55577988927431	8.95156114242181	3.32968175692274	7.73538998390317
lncRNA_2430	6.42695378011113	4.81100648034355	10.6186927988779	7.19778135824302	4.483226870895
lncRNA_2431	6.42695378011113	4.81100648034355	10.6186927988779	7.19778135824302	4.483226870895
lncRNA_2432	6.42695378011113	4.81100648034355	10.6186927988779	7.19778135824302	4.483226870895
lncRNA_2433	6.42695378011113	4.81100648034355	10.6186927988779	7.19778135824302	4.483226870895
lncRNA_2434	7.23356496980432	5.724891092804	11.4822347736997	7.72402025061327	4.70553302547869
lncRNA_2455	11.209970298565	7.07681384199844	5.12420133357884	10.3892529488886	10.8158124675432
lncRNA_2459	10.2235181899913	11.0712654521026	6.17635147211283	10.7328956626587	6.31902702847376
lncRNA_2460	8.77582724308786	8.55611660169896	7.10393362535209	9.62315495428243	3.83221840077246
lncRNA_2471	8.35277985400269	4.20930402640161	4.61549618894433	4.09065456421214	10.0879885359443
lncRNA_2472	8.33876216592721	4.20930402640161	4.61549618894433	4.09065456421214	10.0616120806059
lncRNA_2575	3.32968175692274	4.20930402640161	8.40011590061187	9.29522092454099	3.94363399337198
lncRNA_2590	7.43861712080632	4.55577988927431	5.7258323874915	4.61965489261643	10.9176654260266
lncRNA_2591	7.43861712080632	4.55577988927431	5.7258323874915	4.61965489261643	10.9176654260266
lncRNA_2592	7.43861712080632	4.55577988927431	5.7258323874915	4.61965489261643	10.9176654260266
lncRNA_2593	6.74944171806585	4.3991060266424	4.81166017352899	4.09065456421214	10.1866339976341
lncRNA_2595	7.66935547102372	4.69105512600405	5.7258323874915	4.61965489261643	11.2200248499959
lncRNA_2654	5.30981859570397	8.63522300699107	8.98317954787468	3.87085195326066	5.26400721964461
lncRNA_2663	10.3554448902012	12.6108076225461	6.8284206478353	10.3877123369895	11.8950859152062
lncRNA_2714	8.49543433540814	10.2306055651749	8.79803731424636	14.1702043210024	8.5941295520772
lncRNA_2819	5.07411262359968	6.67232108446843	12.3134536020668	11.4167282844581	8.33233850948687
lncRNA_2832	14.1432466774508	12.5100144994712	6.9190080615637	13.1485406421788	13.3508841194513
lncRNA_2836	7.08128515745012	3.32968175692274	7.31827086551315	3.32968175692274	3.32968175692274
lncRNA_2865	5.03640966144124	3.95640797681129	3.32968175692274	4.96250847639807	8.97075437235474
lncRNA_2866	11.5486900431606	10.8252862803851	6.24878520665064	10.6671077109227	11.5300155335744
lncRNA_2869	3.32968175692274	3.95640797681129	7.61217258522777	8.5333699749013	6.72832565917238
lncRNA_2904	13.5496168929516	6.80368708133713	10.5784467288956	11.6728219853898	11.6413356426322
lncRNA_2952	9.39758750670324	9.45978472034135	4.31490120803435	5.71522373928754	4.43206259450838
lncRNA_2966	3.89774743610077	8.07835835765614	4.11409165483507	3.87085195326066	7.79275699968914
lncRNA_2987	9.34249520543612	9.31883155553082	9.54687515265614	10.5424952906612	3.32968175692274
lncRNA_3081	11.6464404737158	11.7486620145976	4.97830631839768	11.7322972900404	11.6601349196314
lncRNA_3082	11.6464404737158	11.7486620145976	4.97830631839768	11.7322972900404	11.6601349196314
lncRNA_3091	4.78046407679321	10.7513964855321	4.57145312785472	10.901070972642	11.6502128843326
lncRNA_3092	4.12802271902688	8.66979311402763	3.82941742576029	7.35804256659599	8.25289181895681
lncRNA_3120	8.03397790150402	3.32968175692274	3.68392692720312	6.900318069436	7.67127115343666
lncRNA_3123	7.74580945170594	9.58817931214524	3.32968175692274	7.1692338706649	6.2254554078258
lncRNA_3181	4.95722128854586	10.8616061765584	4.94684828817974	4.09065456421214	3.32968175692274
lncRNA_3209	4.44517175969518	8.87333345614775	3.32968175692274	3.32968175692274	5.31272012398102
lncRNA_3210	3.73265352792974	11.6238215585796	3.32968175692274	4.09065456421214	5.5715823650511
lncRNA_3211	8.65380432487686	12.182284333658	5.43842653349648	9.13177875655433	11.1803566932379
lncRNA_3212	8.68182745469475	12.1882547479749	5.43842653349648	9.15370472086598	11.1952182053145
lncRNA_3220	10.5102898007184	6.18354162607342	6.01902961922387	10.2003284337075	9.43882520860921
lncRNA_3222	15.0136682841267	13.1169878424919	6.61879362649217	9.97878950538218	7.9084774638321
lncRNA_3235	8.48910335139464	6.01801800815798	3.82941742576029	3.32968175692274	3.94363399337198
lncRNA_3258	12.194649754663	5.55031412345766	4.97830631839768	5.79444364579768	12.1005233873342
lncRNA_3273	4.56962022559152	6.99146307062636	11.8870281599947	8.11573253143629	8.69844226340314
lncRNA_3294	9.61802019171725	10.9915663629501	7.90089027041358	9.63099045939777	4.3779107341736
lncRNA_3343	7.00305947408957	8.95967381381072	8.30318010024822	4.09065456421214	3.68592232080258
lncRNA_3344	7.39174363531108	8.21580340905567	7.20916074556621	3.32968175692274	3.68592232080258
lncRNA_3357	5.03640966144124	14.0704837079569	5.3497686870924	5.34035127538389	4.57807598958498
lncRNA_3358	5.03640966144124	14.0704837079569	5.3497686870924	5.34035127538389	4.57807598958498
lncRNA_3359	11.5536244364621	11.306818182129	5.17797391157794	10.2954185791458	8.797710773752
lncRNA_3373	7.04704681170412	9.92211685954034	3.82941742576029	8.8567412346644	4.483226870895
lncRNA_3374	7.04704681170412	9.92211685954034	3.82941742576029	8.8567412346644	4.483226870895
lncRNA_3382	3.32968175692274	4.81100648034355	10.1576016850937	4.88613834816788	4.03687278535309
lncRNA_3401	3.32968175692274	3.32968175692274	3.32968175692274	6.59021871943506	7.62236122262697
lncRNA_3442	11.3048707978768	9.63789573658987	5.39486105663443	9.99101738018751	10.4488574610878
lncRNA_3449	6.47963863931979	7.5782800837646	14.904365743917	7.06456917962583	11.9392144409835
lncRNA_3454	4.21951414578141	8.67660871044772	7.55239158000767	3.32968175692274	8.37047623985833
lncRNA_3455	4.37621700352682	12.5289576278522	7.37252106573265	5.54112841812584	12.0681826862
lncRNA_3478	3.73265352792974	5.48659172444726	3.32968175692274	5.28484283014354	10.2653043440136
lncRNA_3557	8.70659060967371	8.64220370008199	3.68392692720312	5.63102635278679	4.19163073574834
lncRNA_3558	8.64813370060077	8.61407568063813	3.68392692720312	5.54112841812584	4.19163073574834
lncRNA_3567	8.46349742909805	6.39986327128942	3.32968175692274	7.06456917962583	4.03687278535309
lncRNA_3673	8.0296191757422	4.20930402640161	9.64346372641619	3.32968175692274	8.12484172090798
lncRNA_3698	4.44517175969518	8.80655930037405	3.82941742576029	3.32968175692274	4.62232577117072
lncRNA_3713	3.73265352792974	7.83173498275438	8.28072293395707	4.39407371642462	3.32968175692274
lncRNA_3719	3.73265352792974	8.58538757797946	3.82941742576029	9.10951419306224	9.61808717103269
lncRNA_3721	5.85388092993313	10.4611244322068	5.15138172890353	5.0341986465047	4.66475293388811
lncRNA_3722	5.87403848621165	10.7416853833106	5.15138172890353	5.0341986465047	4.66475293388811
lncRNA_3728	3.32968175692274	8.27091452656958	8.67434209412989	7.68432082724535	7.49472842389204
lncRNA_3776	7.25619232939572	8.81275914010907	7.59404228891816	12.3307486305261	7.2587968554887
lncRNA_3799	4.56962022559152	10.7769776326995	9.45592252901717	10.0389179140964	10.6679373773122
lncRNA_3803	9.12099219022009	3.95640797681129	3.94022859444584	4.09065456421214	9.28484727473553
lncRNA_3830	10.1371415474874	6.5576746361304	4.42613989001353	7.50215780350707	9.54141691041855
lncRNA_3831	10.4674882570426	6.85300657488756	4.57145312785472	8.53893662502847	9.9274581385199
lncRNA_3832	10.4674882570426	6.85300657488756	4.57145312785472	8.53893662502847	9.9274581385199
lncRNA_3835	6.50525882125965	10.4412620789704	6.84392518406422	5.22678117498811	4.53179414846543
lncRNA_3836	5.14616737623236	9.34044408271305	5.59943462399249	4.25650104580505	3.83221840077246
lncRNA_3837	5.14616737623236	9.34044408271305	5.59943462399249	4.25650104580505	3.83221840077246
lncRNA_3910	9.85541789563619	5.01825581195567	10.6348137317993	9.85936747642757	6.9254649741622
lncRNA_3986	3.32968175692274	9.68257508423066	3.82941742576029	3.32968175692274	3.94363399337198
lncRNA_3987	3.32968175692274	7.85598735909815	7.90089027041358	4.09065456421214	6.04481485601092
lncRNA_4006	15.4336687282045	14.1454340884948	10.108286291588	14.4606058989561	15.1169974093731
lncRNA_4028	8.47635728900719	3.32968175692274	3.32968175692274	3.32968175692274	3.83221840077246
lncRNA_4058	9.33015796594718	15.2893458495137	8.88616443366096	9.96025110480733	10.1503300969254
lncRNA_4059	5.97058344058511	10.4787696856839	5.61824303592955	4.8042972193004	5.49089339304605
lncRNA_4066	9.08787308432281	8.52623853933995	3.32968175692274	9.08690040112704	8.20845601992042
lncRNA_4075	7.70262109027874	3.32968175692274	3.32968175692274	7.40770910739973	3.83221840077246
lncRNA_4121	8.17087364641504	7.37484062703541	3.68392692720312	9.64137201680028	9.83995465741317
lncRNA_4178	9.31055506045818	8.93715065022584	4.18691669039432	9.8369612793125	5.21333117703918
lncRNA_4179	9.31055506045818	8.93715065022584	4.18691669039432	9.8369612793125	5.21333117703918
lncRNA_4187	3.32968175692274	5.82978740882536	3.82941742576029	10.5397234177152	9.6315996604923
lncRNA_4188	3.32968175692274	6.99146307062636	4.31490120803435	11.3044573549372	10.3583064402511
lncRNA_4206	6.95767101895223	3.32968175692274	8.202234473073	8.7262304575635	3.32968175692274
lncRNA_4214	7.72976562459886	4.3991060266424	8.17204307860375	9.22447284507656	4.78272641064983
lncRNA_4215	7.69713006501231	4.3991060266424	8.11287363729951	9.150073470807	4.62232577117072
lncRNA_4287	8.46672317395728	7.94910105609651	3.82941742576029	3.32968175692274	8.73438701300007
lncRNA_4329	3.89774743610077	10.3333241393571	7.3671876132019	4.39407371642462	10.2375925375727
lncRNA_4332	3.89774743610077	8.86738930678124	7.81746901198135	3.32968175692274	9.64720586952179
lncRNA_4365	3.89774743610077	4.3991060266424	3.82941742576029	7.26675122502305	9.19516367443793
lncRNA_4373	9.57535286230774	8.49572763538836	5.77655104119162	4.96250847639807	9.36118914022605
lncRNA_4378	7.59452128539615	3.32968175692274	3.82941742576029	9.37515497630087	3.68592232080258
lncRNA_4379	7.59452128539615	3.32968175692274	3.82941742576029	9.37515497630087	3.68592232080258
lncRNA_4391	8.64528999764489	3.32968175692274	4.03296890418492	8.21648197869778	7.83237485728518
lncRNA_4433	10.4521212510169	11.7101748065878	5.39486105663443	9.79340605794219	9.53304090729513
lncRNA_4438	9.24634775803158	3.32968175692274	5.39486105663443	4.96250847639807	6.00282911810436
lncRNA_4459	6.34402118129464	11.6299760362199	5.00894483459773	4.39407371642462	6.43824653307893
lncRNA_4460	6.34402118129464	11.6299760362199	5.00894483459773	4.39407371642462	6.43824653307893
lncRNA_4461	7.9208390538181	9.28356326058698	4.11409165483507	8.81147491325593	3.83221840077246
lncRNA_4469	6.14541853850666	8.86738930678124	4.88125472858337	7.07999941742398	3.32968175692274
lncRNA_4497	9.98808342786672	8.51867118408848	3.82941742576029	9.11324891243515	8.1594952540964
lncRNA_4503	6.54283562613969	8.56349028889362	5.90317531114986	3.32968175692274	8.92208739260562
lncRNA_4529	7.52800153029156	7.37484062703541	3.32968175692274	4.09065456421214	3.32968175692274
lncRNA_4620	8.97465888466858	3.32968175692274	3.32968175692274	3.87085195326066	3.32968175692274
lncRNA_4649	3.32968175692274	3.32968175692274	7.76174509456978	7.66405177538796	5.59100451689087
lncRNA_4650	3.32968175692274	3.95640797681129	9.01751642575618	9.33093894752072	6.70271698683424
lncRNA_4658	4.99747825117242	8.99826190365543	4.37225444914344	4.39407371642462	9.18755911020378
lncRNA_4659	4.82730811311959	8.76878951791628	4.31490120803435	4.39407371642462	9.04333660797693
lncRNA_4757	4.12802271902688	10.9653819532023	5.32661193503476	5.22678117498811	5.35963201734718
lncRNA_4827	3.32968175692274	8.98734173281952	3.68392692720312	3.32968175692274	3.32968175692274
lncRNA_4828	3.32968175692274	8.90269197246948	3.68392692720312	3.32968175692274	3.32968175692274
lncRNA_4829	3.32968175692274	8.67660871044772	3.68392692720312	3.32968175692274	3.32968175692274
lncRNA_4830	3.32968175692274	8.64220370008199	3.68392692720312	3.32968175692274	3.32968175692274
lncRNA_4831	3.32968175692274	9.99205196541572	3.94022859444584	3.32968175692274	3.68592232080258
lncRNA_4832	3.32968175692274	9.84861734015441	3.94022859444584	3.32968175692274	3.68592232080258
lncRNA_4833	4.73153958495078	10.2512865499453	4.03296890418492	4.25650104580505	4.53179414846543
lncRNA_4834	3.32968175692274	8.48799785204203	3.68392692720312	3.32968175692274	3.32968175692274
lncRNA_4835	3.32968175692274	8.63522300699107	3.68392692720312	3.32968175692274	3.32968175692274
lncRNA_4836	3.32968175692274	8.63522300699107	3.68392692720312	3.32968175692274	3.32968175692274
lncRNA_4844	4.12802271902688	3.32968175692274	3.94022859444584	3.87085195326066	8.75511960889527
lncRNA_4858	8.39741727803777	7.27022283571066	3.82941742576029	9.23136230893231	9.181446448329
lncRNA_4901	9.04105520319211	3.32968175692274	4.03296890418492	7.91614907499978	9.6833372353385
lncRNA_4962	5.03640966144124	5.92714297264002	5.3497686870924	4.8042972193004	10.3904511725978
lncRNA_4970	7.89710243583477	3.32968175692274	8.11287363729951	8.71151961603865	8.43873044824656
lncRNA_4993	3.32968175692274	4.55577988927431	3.82941742576029	9.00080935554704	7.72279320304826
lncRNA_5038	4.30149126227143	4.55577988927431	6.61879362649217	10.2003284337075	10.2910754812147
lncRNA_5040	4.12802271902688	4.55577988927431	4.91451750120737	9.66446084777822	9.72700238106826
lncRNA_5058	7.57668326580106	3.32968175692274	8.49581790109889	8.29755872896961	6.83424399467194
lncRNA_5063	8.17876624470906	3.32968175692274	3.82941742576029	3.32968175692274	9.02808796097115
lncRNA_5095	4.30149126227143	4.55577988927431	7.96219161909359	7.87267924341833	8.95112500212995
lncRNA_5119	5.18066401442359	3.32968175692274	6.9479656045345	8.20251385113215	8.35153363168558
lncRNA_5120	5.18066401442359	3.32968175692274	6.9479656045345	8.20251385113215	8.35153363168558
lncRNA_5168	3.89774743610077	4.3991060266424	9.54098688772945	4.09065456421214	3.83221840077246
lncRNA_5184	9.37202483650979	4.3991060266424	7.78189550299438	7.99933416165443	3.94363399337198
lncRNA_5185	9.31055506045818	4.3991060266424	7.74130800448611	7.95000272722072	3.94363399337198
lncRNA_5186	9.30696208662546	4.3991060266424	7.74130800448611	7.95000272722072	3.94363399337198
lncRNA_5187	9.29612913468779	4.3991060266424	7.74130800448611	7.94161374654908	3.94363399337198
lncRNA_5218	11.1896323075315	13.2076612881003	5.96232722698122	11.9219797985005	11.5404980517015
lncRNA_5228	4.0232230236719	3.95640797681129	3.82941742576029	9.61264095161903	4.483226870895
lncRNA_5229	4.0232230236719	3.95640797681129	3.82941742576029	9.61264095161903	4.483226870895
lncRNA_5230	4.21951414578141	3.95640797681129	4.03296890418492	10.2571191610275	4.78272641064983
lncRNA_5231	4.21951414578141	3.95640797681129	4.03296890418492	10.2571191610275	4.78272641064983
lncRNA_5232	4.21951414578141	3.95640797681129	4.03296890418492	10.2571191610275	4.78272641064983
lncRNA_5233	4.21951414578141	3.95640797681129	4.03296890418492	10.2571191610275	4.78272641064983
lncRNA_5234	4.21951414578141	3.95640797681129	4.03296890418492	10.2571191610275	4.78272641064983
lncRNA_5235	4.30149126227143	3.95640797681129	4.03296890418492	10.3214743250334	4.8548655270756
lncRNA_5236	4.0232230236719	3.32968175692274	3.68392692720312	9.50873843516596	4.43206259450838
lncRNA_5237	4.0232230236719	3.32968175692274	3.68392692720312	9.50873843516596	4.43206259450838
lncRNA_5238	4.12802271902688	3.32968175692274	3.68392692720312	9.67965057738097	4.57807598958498
lncRNA_5239	6.32970874814631	3.32968175692274	3.32968175692274	8.20951485876747	3.32968175692274
lncRNA_5269	12.1895380511223	13.4790763693368	5.48057440121775	13.5889914548321	4.98673481853936
lncRNA_5296	3.89774743610077	8.52623853933995	3.82941742576029	3.32968175692274	3.68592232080258
lncRNA_5304	4.30149126227143	3.32968175692274	3.94022859444584	3.32968175692274	9.90815814843414
lncRNA_5306	4.21951414578141	9.65179123142003	3.82941742576029	4.39407371642462	4.53179414846543
lncRNA_5315	9.19089229050591	9.38272098501119	5.03881191352156	10.2020826232346	9.88484009070052
lncRNA_5317	9.45877006429735	7.83173498275438	6.73165910762025	4.39407371642462	10.0855361311583
lncRNA_5342	8.11025768149512	10.3986391196646	3.82941742576029	9.24163517315993	3.83221840077246
lncRNA_5390	5.50842691608333	10.1907135532918	4.84699375845072	5.34035127538389	4.81937781570686
lncRNA_5428	7.3220030628549	9.90191168675193	6.85926234649555	3.32968175692274	3.83221840077246
lncRNA_5449	3.32968175692274	6.39986327128942	3.32968175692274	7.97487996333248	7.46475413849483
lncRNA_5484	9.20254214219214	4.20930402640161	9.70268274994822	9.23821901081828	4.32027009145237
lncRNA_5485	9.20254214219214	4.20930402640161	9.67176141606166	9.23821901081828	4.32027009145237
lncRNA_5526	4.68029499416393	4.3991060266424	7.78589188963456	9.083096708707	8.44129209567495
lncRNA_5527	4.68029499416393	4.3991060266424	7.78589188963456	9.083096708707	8.44129209567495
lncRNA_5547	9.90734953389139	3.95640797681129	3.82941742576029	4.61965489261643	4.19163073574834
lncRNA_5582	7.58265394730551	3.32968175692274	7.58029263373272	9.15732684837544	7.50948379312447
lncRNA_5608	4.12802271902688	5.34893288794863	9.40236632441022	8.27771358385471	9.60216090498667
lncRNA_5609	3.89774743610077	4.81100648034355	8.45127697520508	7.35804256659599	8.80170219179636
lncRNA_5632	8.38382946502634	9.12323230481121	3.82941742576029	4.61965489261643	3.68592232080258
lncRNA_5679	3.32968175692274	3.32968175692274	7.72474634811026	7.07999941742398	3.32968175692274
lncRNA_5688	5.70368461956966	10.4962017085168	5.06795114635073	7.25322080888768	6.91066205369077
lncRNA_5706	4.0232230236719	9.58456168755189	4.77516983697496	4.88613834816788	4.19163073574834
lncRNA_5709	10.3202398091218	4.55577988927431	3.32968175692274	9.68718586913235	3.68592232080258
lncRNA_5730	4.37621700352682	4.3991060266424	3.82941742576029	9.69218761376978	3.32968175692274
lncRNA_5734	8.44071264034096	5.724891092804	3.32968175692274	7.80027148963673	8.28747856533642
lncRNA_5738	4.78046407679321	10.2189867044884	6.82060444734	4.8042972193004	4.19163073574834
lncRNA_5745	3.89774743610077	9.7647911626597	3.32968175692274	5.39354376631718	4.92267873429401
lncRNA_5746	4.12802271902688	10.2282892679078	3.32968175692274	5.75541641347443	5.10530946224683
lncRNA_5773	6.34402118129464	8.44871419735487	7.39889441472889	3.32968175692274	3.94363399337198
lncRNA_5781	9.95976582287442	9.64832988863922	4.84699375845072	10.3768817361021	11.2855883361023
lncRNA_5782	9.95976582287442	9.64832988863922	4.84699375845072	10.3768817361021	11.2855883361023
lncRNA_5834	9.79514966698211	6.25943708023132	4.25342223678786	9.67207570960859	7.09204811561967
lncRNA_5896	11.7790779991037	11.8288147510768	7.13569557215347	12.0900698113209	12.0159111927647
lncRNA_5904	5.63378834618711	13.5312095775318	5.93307128572867	4.51339822089488	4.53179414846543
lncRNA_5905	5.63378834618711	13.5358994243409	5.93307128572867	4.51339822089488	4.53179414846543
lncRNA_5906	6.72791995962798	12.8109669761507	5.09640220752231	4.09065456421214	4.03687278535309
lncRNA_5907	6.72791995962798	12.8109669761507	5.09640220752231	4.09065456421214	4.03687278535309
lncRNA_5908	9.16730633877224	9.55898099692458	9.45592252901717	4.39407371642462	4.62232577117072
lncRNA_5921	3.89774743610077	11.7093446703423	4.18691669039432	4.09065456421214	3.83221840077246
lncRNA_5922	3.89774743610077	11.7093446703423	4.18691669039432	4.09065456421214	3.83221840077246
lncRNA_5957	3.32968175692274	8.51867118408848	8.63948130468762	8.80686909544998	8.63049448691217
lncRNA_5974	7.87296729837101	4.81100648034355	4.25342223678786	10.9644510173407	3.83221840077246
lncRNA_5983	5.1106730451667	10.2189867044884	5.58035511121134	7.12531365209291	11.2640632216624
lncRNA_6020	6.30063665481116	16.2542592674521	6.63675456199242	8.69166859791235	8.00521533826583
lncRNA_6025	5.9518124259591	15.9697394441383	6.29506239962756	8.38671587317638	7.28765009944731
lncRNA_6026	6.31524830266799	16.2644679529556	6.63675456199242	8.70162828949993	8.0258567162864
lncRNA_6027	5.8939016973129	15.7601684876956	6.22505729430674	8.17416422838219	7.56703240427231
lncRNA_6081	3.32968175692274	8.02590529430025	3.32968175692274	3.32968175692274	3.32968175692274
lncRNA_6089	8.97692207749223	15.7793297640081	9.04107470651009	11.004203413438	9.23554931413868
lncRNA_6090	8.98818504927331	15.7801700077421	9.18094248768289	11.0142223097376	9.28199358448675
lncRNA_6110	9.04752969447319	7.93778634325013	3.82941742576029	8.70162828949993	10.3791483217274
lncRNA_6136	3.32968175692274	8.3667785374813	6.81274498678734	3.32968175692274	3.32968175692274
lncRNA_6197	8.83441970225493	4.55577988927431	3.94022859444584	8.27771358385471	7.0521915080006
lncRNA_6199	8.97918172272787	3.32968175692274	6.82060444734	3.32968175692274	3.68592232080258
lncRNA_6217	7.62954556756656	4.55577988927431	4.52539026171228	12.1163524170679	4.03687278535309
lncRNA_6238	5.1106730451667	3.32968175692274	8.78014641404053	4.09065456421214	3.32968175692274
lncRNA_6239	4.30149126227143	3.32968175692274	8.44624187810521	3.32968175692274	3.32968175692274
lncRNA_6249	9.92503412176637	4.69105512600405	5.32661193503476	10.8257041174929	9.64165158923103
lncRNA_6368	8.26284310467786	3.32968175692274	3.82941742576029	5.10182679582179	8.44129209567495
lncRNA_6383	8.6338587279353	5.61109195262234	4.61549618894433	10.5411100199542	9.90908307519761
lncRNA_6384	8.68736727096414	5.61109195262234	4.61549618894433	10.5631162875701	9.93746552565336
lncRNA_6446	3.32968175692274	8.66294512674968	5.7258323874915	9.84147045079587	3.68592232080258
lncRNA_6481	4.12802271902688	9.58093496566143	7.20916074556621	8.73110088780225	8.40762993842347
lncRNA_6499	8.43742804591891	3.32968175692274	3.32968175692274	5.63102635278679	3.94363399337198
lncRNA_6509	8.11848886379188	13.6686613336628	7.65214724325562	12.9852246953155	11.6410573467223
lncRNA_6510	4.99747825117242	11.1145475819985	3.68392692720312	6.42974434141219	4.88927420591297
lncRNA_6557	5.27875365488316	9.0929905403299	4.31490120803435	9.29192952804982	10.3073025555485
lncRNA_6574	12.0377086447826	8.33265279702869	13.8759132054328	13.9193063219049	6.23750118044235
lncRNA_6618	8.3906393970656	3.32968175692274	8.70837938171574	8.08560212767527	7.94506942448708
lncRNA_6633	10.0971421282744	13.3711572159388	7.47522099801234	8.02337951230089	9.88295825861236
lncRNA_6638	9.08787308432281	12.4679337218706	6.46622838081756	7.29343407827727	8.96364730780406
lncRNA_6659	9.25941998199465	4.3991060266424	9.20943917817612	4.09065456421214	3.83221840077246
lncRNA_6690	6.44031136326254	12.3944345551776	4.03296890418492	4.8042972193004	4.03687278535309
lncRNA_6693	9.18111165629988	8.62115933268951	5.43842653349648	5.39354376631718	10.0194083142435
lncRNA_6702	8.58126507739082	4.81100648034355	4.03296890418492	9.05618610585971	8.64389814593035
lncRNA_6760	5.50842691608333	12.2777695246706	4.25342223678786	3.32968175692274	3.94363399337198
lncRNA_6856	4.12802271902688	4.20930402640161	10.2015592008014	3.32968175692274	3.83221840077246
lncRNA_6876	4.44517175969518	3.32968175692274	6.76465176541613	4.39407371642462	8.54019250057834
lncRNA_6877	15.6829184555935	14.439900021126	10.4270679431695	15.4865630907216	14.7027570049954
lncRNA_6983	7.78256253912622	6.9006715856807	9.07080902792501	4.09065456421214	3.32968175692274
lncRNA_7002	7.08128515745012	6.5576746361304	4.84699375845072	7.06456917962583	10.6093949125268
lncRNA_7004	9.50810534080609	7.74347535887013	4.52539026171228	9.44497534827525	9.18450601859666
lncRNA_7011	10.1421903831985	9.73246492412149	4.42613989001353	10.5060387294096	9.8582683597358
lncRNA_7012	10.1421903831985	9.73246492412149	4.42613989001353	10.5060387294096	9.8582683597358
lncRNA_7013	10.0037017751513	9.72919209115062	4.37225444914344	10.4773545557239	7.71008495655006
lncRNA_7014	10.0037017751513	9.72919209115062	4.37225444914344	10.4773545557239	7.71008495655006
lncRNA_7015	9.93670452616748	9.67918692438275	4.18691669039432	10.4317353207059	7.71008495655006
lncRNA_7016	9.93670452616748	9.67918692438275	4.18691669039432	10.4317353207059	7.71008495655006
lncRNA_7017	10.4472343044226	10.6267993205758	5.93307128572867	10.8804059044869	10.800941502318
lncRNA_7018	10.4472343044226	10.6267993205758	5.93307128572867	10.8804059044869	10.800941502318
lncRNA_7019	10.3872619488693	10.5693971209663	5.25449201559134	10.7829790855031	10.7747963509204
lncRNA_7020	10.3735892530565	10.5583752038604	5.20400600985296	10.7735724815622	10.1369705875211
lncRNA_7025	10.4016485794191	5.61109195262234	4.47705574511636	9.67207570960859	9.3228293402553
lncRNA_7026	11.5969228899568	10.4109461573489	5.48057440121775	11.1283946479893	10.2839628931065
lncRNA_7028	10.7788703887667	10.3716081128124	5.20400600985296	10.4845792478191	9.27339847066726
lncRNA_7029	10.7788703887667	10.3716081128124	5.20400600985296	10.4845792478191	9.27339847066726
lncRNA_7030	10.7788703887667	10.3716081128124	5.20400600985296	10.4845792478191	9.27339847066726
lncRNA_7031	10.7788703887667	10.3716081128124	5.20400600985296	10.4845792478191	9.27339847066726
lncRNA_7032	10.7788703887667	10.3716081128124	5.20400600985296	10.4845792478191	9.27339847066726
lncRNA_7033	10.7788703887667	10.3716081128124	5.20400600985296	10.4845792478191	9.27339847066726
lncRNA_7034	10.7788703887667	10.3716081128124	5.20400600985296	10.4845792478191	9.27339847066726
lncRNA_7035	10.7788703887667	10.3716081128124	5.20400600985296	10.4845792478191	9.27339847066726
lncRNA_7036	9.90021453768009	6.72633728979472	4.37225444914344	9.06392624263295	8.65937976859591
lncRNA_7037	10.778221934906	10.3716081128124	5.20400600985296	10.4845792478191	9.27339847066726
lncRNA_7038	9.90021453768009	6.72633728979472	4.37225444914344	9.06392624263295	8.65937976859591
lncRNA_7039	9.90021453768009	6.72633728979472	4.37225444914344	9.06392624263295	8.65937976859591
lncRNA_7040	10.778221934906	10.3716081128124	5.20400600985296	10.4845792478191	9.27339847066726
lncRNA_7041	10.778221934906	10.3716081128124	5.20400600985296	10.4845792478191	9.27339847066726
lncRNA_7042	10.778221934906	10.3716081128124	5.20400600985296	10.4845792478191	9.27339847066726
lncRNA_7043	10.778221934906	10.3716081128124	5.20400600985296	10.4845792478191	9.27339847066726
lncRNA_7044	10.778221934906	10.3716081128124	5.20400600985296	10.4845792478191	9.27339847066726
lncRNA_7045	9.60198426827252	6.52749645072746	4.03296890418492	8.68163958853719	8.28177150304801
lncRNA_7046	10.6649222125334	10.3610751913779	5.03881191352156	10.3675331995053	9.05173890055612
lncRNA_7072	10.1592254317175	11.7093446703423	4.18691669039432	10.4451288890272	4.43206259450838
lncRNA_7073	6.85240944729659	13.3473429402822	5.43842653349648	4.96250847639807	5.5715823650511
lncRNA_7074	6.74944171806585	13.3470761166018	5.43842653349648	4.96250847639807	5.5715823650511
lncRNA_7106	4.82730811311959	8.11898597802592	7.62115255523561	3.32968175692274	3.32968175692274
lncRNA_7137	6.24061037644067	11.4656767154975	6.88196216656397	9.12068945247808	5.21333117703918
lncRNA_7150	8.12667322833138	3.32968175692274	3.82941742576029	7.90755962880644	3.32968175692274
lncRNA_7164	10.7361026244742	11.332923307684	11.5756150204543	7.19778135824302	7.09204811561967
lncRNA_7165	10.7361026244742	11.332923307684	11.5756150204543	7.19778135824302	7.09204811561967
lncRNA_7214	8.88350260561018	5.55031412345766	8.97446599621815	9.02876361068231	4.19163073574834
lncRNA_7277	3.32968175692274	4.20930402640161	3.32968175692274	6.8289147248102	8.52336784094049
lncRNA_7278	3.32968175692274	4.20930402640161	3.32968175692274	6.8289147248102	8.52336784094049
lncRNA_7293	7.87782685314221	9.14795806705814	7.74130800448611	3.32968175692274	4.03687278535309
lncRNA_7295	9.62957169930564	6.72633728979472	5.39486105663443	9.28863060143759	10.4482213242272
lncRNA_7309	7.68608461637273	4.3991060266424	4.52539026171228	9.03665198032776	8.34059634273145
lncRNA_7342	4.87227266404088	12.1834803948015	4.03296890418492	5.54112841812584	5.10530946224683
lncRNA_7351	4.95722128854586	5.27412925611207	8.13182287488681	4.88613834816788	9.70586741085718
lncRNA_7352	4.68029499416393	9.17707991425068	3.68392692720312	9.25183536544164	9.37598422638821
lncRNA_7388	7.3220030628549	8.71021136769089	3.82941742576029	5.71522373928754	10.3818157946382
lncRNA_7394	7.0296144008025	8.10893611396053	4.03296890418492	3.87085195326066	8.80568258632903
lncRNA_7396	3.32968175692274	8.05760606803891	6.32879049201065	3.87085195326066	8.89805588079157
lncRNA_7431	8.69012921286317	5.97333351912004	3.32968175692274	7.43191120442658	8.05961412529378
lncRNA_7477	4.78046407679321	4.20930402640161	10.1629785309751	4.61965489261643	4.92267873429401
lncRNA_7484	7.86809125866378	3.32968175692274	8.96921247109403	7.80027148963673	7.4798196207093
lncRNA_7491	8.13481130604718	4.20930402640161	5.03881191352156	3.32968175692274	8.79970786453183
lncRNA_7498	8.17087364641504	10.1274850434792	4.47705574511636	9.79107683469706	10.0961332357332
lncRNA_7529	9.08157765197807	3.95640797681129	3.94022859444584	10.0369534971715	4.11842532250112
lncRNA_7531	4.56962022559152	10.5360754676777	10.1606766221774	11.1986088433958	11.2855883361023
lncRNA_7534	3.32968175692274	8.95967381381072	4.37225444914344	4.25650104580505	6.04481485601092
lncRNA_7565	4.44517175969518	5.77835863259914	10.2954739494157	11.9732110763652	8.39182414963665
lncRNA_7566	4.44517175969518	5.77835863259914	10.2954739494157	11.9732110763652	8.39182414963665
lncRNA_7628	8.97239213309123	10.8098788942141	3.82941742576029	4.09065456421214	3.83221840077246
lncRNA_7629	8.67347759080235	7.54879971498845	3.32968175692274	3.32968175692274	3.32968175692274
lncRNA_7649	4.82730811311959	4.55577988927431	9.68463695202091	4.39407371642462	9.80161872934153
lncRNA_7657	9.27789137380582	9.73573034722767	4.37225444914344	6.24852422631286	9.60444688188427
lncRNA_7658	9.24259096558451	9.71271559019099	4.37225444914344	5.94019944522778	9.58605680042142
lncRNA_7663	6.79152937299068	12.3455857369048	8.0544809078268	7.2395611661728	7.6625014943756
lncRNA_7678	9.18111165629988	12.9100274340922	8.76607607835805	5.10182679582179	5.94477302687596
lncRNA_7679	12.2069890053859	6.49665764153231	6.01902961922387	13.152628221908	13.3970185143806
lncRNA_7726	9.44248854122696	8.52623853933995	3.32968175692274	8.89195779215794	4.25847881811586
lncRNA_7749	5.70368461956966	6.61616057601075	4.57145312785472	10.3892529488886	5.01749955157783
lncRNA_7751	6.22519092953211	7.30595186971592	4.65772761408935	11.5229959907799	5.97410841995986
lncRNA_7753	3.32968175692274	8.95967381381072	3.68392692720312	4.09065456421214	3.32968175692274
lncRNA_7759	8.57530104056662	3.32968175692274	7.69954016250974	3.32968175692274	7.85563168538945
lncRNA_7796	3.32968175692274	3.95640797681129	6.83619406914812	8.42329861663007	4.11842532250112
lncRNA_7840	12.810270737355	9.25653415018151	7.07800518606949	12.7145826779851	12.3130052008785
lncRNA_7854	8.52667848806262	9.68932761866367	9.15650055709604	3.32968175692274	8.94211342576499
lncRNA_7922	8.86406955391688	4.81100648034355	4.03296890418492	6.8289147248102	8.56858536015349
lncRNA_7936	11.542211803815	7.09737670599845	7.67388360136867	10.3722150408735	11.7161633483746
lncRNA_7956	8.69012921286317	8.95407592934765	4.03296890418492	4.39407371642462	8.72810862138228
lncRNA_7989	8.67347759080235	11.1295187928082	5.50114753295423	10.1265056898722	11.5060712131477
lncRNA_8018	9.92854516845132	7.4405671973604	4.42613989001353	8.46483620318133	10.2265054179618
lncRNA_8055	9.76927516503692	7.79457128267291	5.90317531114986	4.71594335966827	9.95010259843067
lncRNA_8090	10.7898497401367	9.17226693758257	5.03881191352156	11.1098267067486	10.0305006389762
lncRNA_8131	5.65749646404741	3.32968175692274	8.68720047810555	7.12531365209291	7.99826852170918
lncRNA_8150	7.91139138304886	7.27022283571066	3.32968175692274	3.32968175692274	7.85947149644161
lncRNA_8155	3.89774743610077	9.2428271896108	4.31490120803435	9.05230039805156	8.68985276151314
lncRNA_8156	3.89774743610077	9.31009502125825	4.31490120803435	9.11324891243515	8.72810862138228
lncRNA_8157	3.32968175692274	7.78196666373576	4.31490120803435	9.00885175104174	8.11845042873224
lncRNA_8158	3.89774743610077	9.38688129638284	3.32968175692274	4.8042972193004	4.70553302547869
lncRNA_8198	7.81333374874448	7.9032979447554	4.25342223678786	8.51088573919005	4.19163073574834
lncRNA_8220	4.0232230236719	4.69105512600405	4.91451750120737	4.88613834816788	11.7544877335935
lncRNA_8221	4.87227266404088	5.82978740882536	5.88797796001437	6.07189837153429	12.884478050037
lncRNA_8238	3.89774743610077	3.95640797681129	3.82941742576029	6.56838286072105	8.70271789028113
lncRNA_8250	4.50938794163877	9.47549688238373	4.18691669039432	4.51339822089488	4.19163073574834
lncRNA_8265	11.6464404737158	5.82978740882536	4.97830631839768	8.75041965393074	11.168819665559
lncRNA_8266	11.6464404737158	5.55031412345766	4.91451750120737	8.75041965393074	11.0939345996582
lncRNA_8271	12.1275056234647	5.97333351912004	7.02469024497419	6.96830761385796	12.3458203717797
lncRNA_8314	8.9836904148357	3.32968175692274	6.17635147211283	7.95834304985304	3.83221840077246
lncRNA_8330	4.44517175969518	9.30130523174406	3.68392692720312	4.88613834816788	5.7019219227895
lncRNA_8340	8.97692207749223	3.32968175692274	6.83619406914812	8.52778173068568	6.676636651305
lncRNA_8364	7.84841998015412	8.22513636775232	3.32968175692274	4.09065456421214	3.32968175692274
lncRNA_8377	9.41271039142874	4.81100648034355	8.00736687028056	8.13056438882612	3.32968175692274
lncRNA_8444	4.73153958495078	5.61109195262234	9.4306674723807	5.63102635278679	10.0338965717127
lncRNA_8502	6.62680660371068	6.58722051210719	9.02259713845601	8.05482720780873	3.32968175692274
lncRNA_8545	7.90188121591245	7.4080808104902	3.94022859444584	8.11573253143629	3.68592232080258
lncRNA_8566	4.30149126227143	11.5206561676564	6.94078126152737	4.25650104580505	4.19163073574834
lncRNA_8578	8.53284681400468	4.20930402640161	3.32968175692274	7.29343407827727	3.68592232080258
lncRNA_8579	8.53284681400468	4.20930402640161	3.32968175692274	7.29343407827727	3.68592232080258
lncRNA_8581	4.56962022559152	9.66897442461278	5.97672404962778	4.09065456421214	5.6840649307033
lncRNA_8595	5.03640966144124	12.4927503770415	4.61549618894433	4.8042972193004	4.62232577117072
lncRNA_8596	5.03640966144124	12.4927503770415	4.61549618894433	4.8042972193004	4.62232577117072
lncRNA_8601	9.01486248596779	9.15773085187975	8.82349383836453	4.39407371642462	9.6394238739374
lncRNA_8605	9.26683695747366	10.8145184128748	9.14256767061682	4.8042972193004	10.5019288428029
lncRNA_8624	5.58506305573992	3.32968175692274	5.6367885190576	3.32968175692274	8.56389190663523
lncRNA_8633	9.98471452305152	4.69105512600405	3.94022859444584	10.3133823467123	8.5473433487813
lncRNA_8634	9.98471452305152	4.69105512600405	3.94022859444584	10.3133823467123	8.5473433487813
lncRNA_8687	6.49250703780962	9.36595866451828	4.18691669039432	8.95575580676942	6.5577086404903
lncRNA_8692	3.32968175692274	3.32968175692274	6.71487022632744	6.22060339215419	8.21146146573597
lncRNA_8749	6.32970874814631	4.3991060266424	9.76057962059168	4.39407371642462	4.03687278535309
lncRNA_8774	8.03832345959529	3.95640797681129	7.98321820084607	8.36807000776208	4.43206259450838
lncRNA_8794	3.32968175692274	7.75642073021479	7.27903399524117	3.32968175692274	3.32968175692274
lncRNA_8809	10.0992205877804	4.91927572696486	9.009008576106	10.3753278478803	9.10922249418389
lncRNA_8900	3.89774743610077	3.95640797681129	7.49001039545672	8.24401805543095	3.32968175692274
lncRNA_8927	4.87227266404088	4.81100648034355	9.06096557145518	4.09065456421214	9.98385539238854
lncRNA_8952	3.89774743610077	7.86796178852411	4.42613989001353	3.32968175692274	7.93418928624846
lncRNA_8953	3.89774743610077	7.86796178852411	4.42613989001353	3.32968175692274	7.93418928624846
lncRNA_8996	12.0117400702924	14.7294537564157	7.7778879687086	11.9219797985005	13.7140665177795
lncRNA_9028	9.62813281051487	4.81100648034355	4.42613989001353	7.4198612570657	9.92288627168458
lncRNA_9056	12.3326520454794	12.9628764639302	7.89350344426314	13.6743922187096	10.9660163014907
lncRNA_9098	6.66132018502364	8.83120022945679	6.07348584708646	8.38052737105704	11.5121707386852
lncRNA_9099	6.66132018502364	8.83120022945679	6.07348584708646	8.38052737105704	11.5121707386852
lncRNA_9140	8.71746132401708	8.74304828477994	4.11409165483507	4.71594335966827	7.70582376019996
lncRNA_9215	5.34014088912369	6.94679097387636	3.32968175692274	8.64597794515078	8.66596416562754
lncRNA_9227	11.7416493061992	10.4312273954163	4.7374269963968	11.344713886038	4.95514573843915
lncRNA_9285	8.29587121564336	9.68595530327576	4.03296890418492	9.17530223695745	4.03687278535309
lncRNA_9296	4.30149126227143	10.2236454851645	5.56099591310217	9.69218761376978	10.3508379496635
lncRNA_9297	3.32968175692274	9.51784295228035	4.03296890418492	9.04058003757973	10.0279484323247
lncRNA_9341	12.3034309741635	10.6390572799225	7.16060607853926	5.1658868492126	5.49089339304605
lncRNA_9342	10.9783605065243	10.4492398682241	9.08544933267152	5.10182679582179	12.623337083006
lncRNA_9404	4.30149126227143	7.73041225368471	3.82941742576029	8.41120732731549	7.91217885387935
lncRNA_9420	14.9233737521982	10.406855466795	8.08397349373408	13.1829213997815	13.5769109460698
lncRNA_9499	4.12802271902688	7.94910105609651	7.53823487410531	9.12809179078175	9.38532085634938
lncRNA_9541	3.89774743610077	8.51867118408848	3.94022859444584	9.07545908459437	9.20875162850084
lncRNA_9542	7.20282713016105	16.690620372945	7.05824489454938	10.5060387294096	6.60464251818582
lncRNA_9594	9.05825631388243	10.3419199263338	3.94022859444584	4.09065456421214	3.83221840077246
lncRNA_9620	7.02081761115607	8.62115933268951	3.32968175692274	3.32968175692274	3.32968175692274
lncRNA_9623	6.38610079503248	9.35325780386516	3.32968175692274	3.32968175692274	3.32968175692274
lncRNA_9638	11.3474578411605	10.49812566054	6.41494894514775	11.0330686234232	11.9883914713116
lncRNA_9639	11.3474578411605	10.49812566054	6.41494894514775	11.0330686234232	11.9883914713116
lncRNA_9640	11.3474578411605	10.49812566054	6.41494894514775	11.0330686234232	11.9883914713116
lncRNA_9641	11.3474578411605	10.49812566054	6.41494894514775	11.0330686234232	11.9883914713116
lncRNA_9678	9.34600083022399	13.7099175294974	8.225939746552	9.50020770753959	9.44649122769497
lncRNA_9679	9.11072396069415	13.5498781794126	8.17509087787943	9.07928295433351	9.27770243179342
lncRNA_9698	3.73265352792974	10.4472495533488	6.42535573083905	6.65377076120781	3.83221840077246
lncRNA_9699	4.30149126227143	13.92003181369	4.94684828817974	8.45897510188468	4.43206259450838
lncRNA_9755	10.0268167142759	4.81100648034355	8.79606036881624	6.67433534718528	5.49089339304605
lncRNA_9789	10.8595548409391	6.36605592707077	11.9754609457217	4.88613834816788	10.6536609396437
lncRNA_9821	7.82344610244915	14.1290772238977	5.7258323874915	6.27589643972867	5.59100451689087
lncRNA_9906	5.07411262359968	6.18354162607342	10.6638185630346	5.44462379555807	12.6401444184683
lncRNA_9972	7.49037419531649	3.32968175692274	3.82941742576029	4.09065456421214	7.94145185163587
lncRNA_10026	10.8892855148652	10.678615428618	5.22950401761441	11.0142223097376	9.51492682082682
lncRNA_10027	10.8595548409391	10.6615493579219	5.22950401761441	10.9890433854609	9.48297980388661
lncRNA_10038	4.44517175969518	10.0482855223563	4.18691669039432	5.28484283014354	3.32968175692274
lncRNA_10058	11.9402111921802	5.41959552243271	5.15138172890353	5.39354376631718	5.28859839972914
lncRNA_10077	11.7983940755729	6.29588840090282	12.8993970558338	12.4777313886866	11.858688982848
