#Insert size (bp)	insert size
20.0	614.0
21.0	748.0
22.0	1120.0
23.0	1746.0
24.0	1665.0
25.0	2078.0
26.0	2801.0
27.0	3674.0
28.0	4948.0
29.0	6210.0
30.0	7708.0
31.0	9461.0
32.0	11655.0
33.0	14060.0
34.0	16489.0
35.0	19743.0
36.0	23169.0
37.0	26978.0
38.0	31399.0
39.0	36009.0
40.0	40543.0
41.0	45557.0
42.0	51635.0
43.0	58324.0
44.0	64978.0
45.0	72184.0
46.0	79259.0
47.0	87022.0
48.0	95338.0
49.0	103651.0
50.0	113118.0
51.0	121288.0
52.0	131332.0
53.0	140763.0
54.0	149176.0
55.0	161531.0
56.0	171131.0
57.0	181806.0
58.0	191218.0
59.0	201281.0
60.0	213221.0
61.0	221780.0
62.0	233327.0
63.0	242339.0
64.0	252982.0
65.0	262476.0
66.0	269855.0
67.0	280826.0
68.0	290921.0
69.0	298997.0
70.0	308930.0
71.0	316012.0
72.0	324343.0
73.0	332193.0
74.0	341315.0
75.0	347617.0
76.0	353026.0
77.0	360684.0
78.0	365734.0
79.0	371441.0
80.0	378992.0
81.0	383098.0
82.0	389133.0
83.0	396014.0
84.0	398201.0
85.0	404188.0
86.0	408977.0
87.0	412431.0
88.0	415790.0
89.0	421056.0
90.0	421538.0
91.0	424047.0
92.0	428777.0
93.0	428605.0
94.0	430621.0
95.0	434890.0
96.0	435459.0
97.0	435018.0
98.0	432531.0
99.0	435928.0
100.0	434161.0
101.0	436320.0
102.0	436767.0
103.0	439012.0
104.0	442323.0
105.0	437523.0
106.0	436643.0
107.0	437038.0
108.0	437318.0
109.0	435705.0
110.0	439737.0
111.0	441045.0
112.0	435336.0
113.0	435623.0
114.0	432117.0
115.0	433066.0
116.0	429899.0
117.0	427370.0
118.0	425168.0
119.0	423504.0
120.0	423987.0
121.0	419486.0
122.0	421534.0
123.0	418505.0
124.0	415139.0
125.0	413457.0
126.0	412453.0
127.0	412277.0
128.0	407386.0
129.0	403399.0
130.0	401094.0
131.0	398666.0
132.0	395969.0
133.0	395153.0
134.0	391848.0
135.0	389449.0
136.0	384304.0
137.0	381119.0
138.0	379457.0
139.0	377265.0
140.0	378367.0
141.0	372975.0
142.0	368582.0
143.0	363086.0
144.0	361999.0
145.0	359308.0
146.0	358441.0
147.0	357085.0
148.0	349320.0
149.0	266365.0
150.0	276782.0
151.0	442510.0
152.0	481405.0
153.0	442409.0
154.0	365361.0
155.0	348249.0
156.0	334658.0
157.0	327068.0
158.0	319747.0
159.0	308314.0
160.0	300730.0
161.0	295532.0
162.0	289241.0
163.0	285341.0
164.0	282087.0
165.0	277112.0
166.0	274081.0
167.0	269939.0
168.0	267902.0
169.0	261091.0
170.0	258349.0
171.0	254248.0
172.0	249918.0
173.0	245420.0
174.0	242517.0
175.0	242049.0
176.0	237146.0
177.0	231049.0
178.0	227508.0
179.0	225235.0
180.0	221386.0
181.0	218560.0
182.0	215714.0
183.0	211023.0
184.0	207735.0
185.0	206597.0
186.0	203677.0
187.0	199733.0
188.0	195095.0
189.0	192623.0
190.0	189737.0
191.0	188946.0
192.0	184339.0
193.0	180536.0
194.0	178617.0
195.0	175982.0
196.0	172395.0
197.0	169136.0
198.0	165744.0
199.0	162651.0
200.0	161171.0
201.0	158843.0
202.0	156447.0
203.0	153326.0
204.0	150559.0
205.0	148359.0
206.0	145405.0
207.0	144096.0
208.0	141648.0
209.0	139452.0
210.0	137652.0
211.0	136399.0
212.0	134274.0
213.0	131305.0
214.0	129907.0
215.0	127407.0
216.0	125495.0
217.0	123687.0
218.0	122369.0
219.0	120231.0
220.0	118630.0
221.0	118169.0
222.0	115145.0
223.0	112687.0
224.0	110724.0
225.0	109306.0
226.0	108330.0
227.0	105952.0
228.0	104205.0
229.0	102777.0
230.0	101239.0
231.0	99451.0
232.0	98705.0
233.0	96394.0
234.0	95272.0
235.0	94617.0
236.0	94282.0
237.0	93335.0
238.0	90775.0
239.0	88956.0
240.0	87041.0
241.0	87101.0
242.0	84877.0
243.0	84545.0
244.0	83388.0
245.0	82847.0
246.0	81484.0
247.0	80341.0
248.0	79103.0
249.0	78773.0
250.0	78734.0
251.0	75845.0
252.0	75267.0
253.0	74350.0
254.0	72742.0
255.0	71652.0
256.0	71139.0
257.0	71734.0
258.0	70949.0
259.0	70592.0
260.0	70826.0
261.0	68570.0
262.0	68113.0
263.0	66644.0
264.0	65094.0
265.0	64758.0
266.0	63206.0
267.0	61910.0
268.0	61034.0
269.0	60681.0
270.0	59454.0
271.0	58816.0
272.0	58259.0
273.0	56583.0
274.0	56432.0
275.0	55250.0
276.0	54385.0
277.0	53980.0
278.0	52990.0
279.0	51943.0
280.0	51418.0
281.0	50612.0
282.0	49651.0
283.0	48715.0
284.0	47450.0
285.0	47483.0
286.0	46956.0
287.0	45791.0
288.0	45650.0
289.0	44941.0
290.0	44398.0
291.0	42913.0
292.0	42781.0
293.0	42187.0
294.0	40996.0
295.0	40723.0
296.0	39953.0
297.0	39505.0
298.0	38762.0
299.0	37783.0
300.0	37518.0
301.0	36895.0
302.0	35956.0
303.0	35428.0
304.0	34821.0
305.0	34111.0
306.0	33766.0
307.0	33709.0
308.0	33915.0
309.0	33543.0
310.0	32729.0
311.0	31348.0
312.0	31100.0
313.0	30890.0
314.0	30200.0
315.0	29928.0
316.0	29370.0
317.0	28862.0
318.0	29237.0
319.0	28460.0
320.0	27943.0
321.0	27913.0
322.0	27488.0
323.0	27025.0
324.0	26866.0
325.0	26668.0
326.0	26377.0
327.0	25974.0
328.0	25808.0
329.0	25559.0
330.0	24996.0
331.0	24330.0
332.0	24229.0
333.0	24099.0
334.0	23627.0
335.0	23506.0
336.0	23097.0
337.0	22952.0
338.0	22740.0
339.0	22787.0
340.0	21747.0
341.0	21293.0
342.0	21327.0
343.0	21766.0
344.0	21653.0
345.0	20392.0
346.0	20387.0
347.0	19960.0
348.0	20427.0
349.0	19926.0
350.0	19666.0
351.0	18893.0
352.0	19029.0
353.0	18965.0
354.0	18964.0
355.0	19125.0
356.0	18020.0
357.0	17539.0
358.0	17996.0
