# Position (bp)	A	C	G	T	N
0.0	37.138120743885175	23.199295109570322	9.212938167030353	30.447669938617427	0.0019760408967181985
1.0	36.5623992656718	25.04324061677471	7.083498098829461	31.244303137890782	0.06655888083325065
2.0	39.04329407456983	23.4595370783954	7.189563075438077	30.305457972178324	0.002147799418370029
3.0	34.23605522824925	26.033713940402542	7.8589641050535315	31.867215678876864	0.004051047417816737
4.0	47.61734452230504	12.822755936473426	7.110986005475531	32.443164532657	0.005749003089003401
5.0	48.20047124649477	12.56893446476724	6.556232153267229	32.671121624695594	0.003240510775164529
6.0	46.877527406198666	12.455053657525744	7.251073073632486	33.407215670370725	0.009130192272378001
7.0	45.9865783310954	12.958236604659223	7.05884175409748	33.992785455056534	0.0035578550913593393
8.0	44.42516005195156	12.90586743140758	7.776790738806685	34.87152904245213	0.02065273538204935
9.0	43.78753271304625	13.091700337062196	7.971081524806069	35.14661176544565	0.0030736596398456086
10.0	43.12037435898493	12.995826366071586	8.236912188766606	35.636640463513764	0.010246622663114897
11.0	43.09251594467072	12.592291987916445	8.352474593724848	35.93097322729584	0.03174424639214682
12.0	42.38451668575149	12.984472309892677	8.533731361624023	36.09526434274443	0.002015299987381474
13.0	42.381586976110746	12.695425619088867	8.808816538310706	36.11217110655902	0.001999759930660594
14.0	42.3294909806983	12.346310883774803	8.999603450468392	36.32269716234311	0.0018975227153916476
15.0	41.74013105796804	12.529701546831074	9.350663964463456	36.37716996853613	0.0023334622012984355
16.0	41.62891986889165	12.275354984787267	9.455662402442387	36.6350154970353	0.005047246843397352
17.0	41.43241912324701	11.954045500435464	9.605451373379504	37.00607769982558	0.0020063031124378065
18.0	41.301374732306165	11.800533459067115	9.945654295113005	36.95058252147987	0.0018549920338397656
19.0	40.89913263255202	11.99608298966089	10.00338805952424	37.099488980774794	0.0019073374880574665
20.0	41.15361591403482	11.702133454665532	10.281550169554375	36.86069490776758	0.002005553977685873
21.0	41.103126477228884	12.085530963502663	10.371155311427986	36.438216791371175	0.001970456469287512
22.0	40.83395895485978	11.784974595058475	10.464526059045568	36.91453058213808	0.0020098088980939283
23.0	41.08166612284576	11.61104740970046	10.602192616852212	36.701987743877126	0.0031061067244363798
24.0	40.93261546852986	11.813288743137527	10.717006834020395	36.52815284057973	0.008936113732487492
25.0	41.01086606497009	11.567137603908055	10.832354811195742	36.58767137132643	0.0019701485996853835
26.0	40.994697437028016	11.348754319578932	10.83551876054857	36.818462707744324	0.0025667751001639595
27.0	40.46987251266037	11.473236214672085	10.922192881319631	37.12591655043397	0.008781840913940553
28.0	40.56913416587704	11.360704712461054	10.955790834189253	37.11266319545955	0.0017070920131105976
29.0	40.157563054783985	11.292995052887298	11.077783668366862	37.46881168790651	0.0028465360553485775
30.0	40.303717630296504	11.363967391865765	11.125905000930116	37.20422281680453	0.002187160103082689
31.0	40.01041843320961	11.599134940937038	11.099091899201536	37.2892761157828	0.0020786108690226683
32.0	39.9923600664084	11.540842545868506	11.148577842705604	37.3164459773077	0.0017735677097875948
33.0	40.1137955235841	11.334629559719145	11.141797559774181	37.407268769433	0.002508587489568539
34.0	39.86241892672335	11.270324859337792	11.300528771626713	37.55366693312792	0.013060509184221657
35.0	40.036428589444654	11.092987811198768	11.22559940800674	37.6418096615871	0.0031745297627406932
36.0	39.736262690248964	11.33766524281581	11.212590449392716	37.70011505848132	0.01336655906119375
37.0	39.69585265791221	11.230205906075035	11.21076460448748	37.833311672660145	0.02986515886512856
38.0	39.5211602911604	11.16627012176732	11.243835070392008	38.0667219204864	0.002012596193872924
39.0	39.329493830129785	11.110331511829301	11.296842636043372	38.25358032680419	0.009751695193350939
40.0	39.55003510098686	11.18206415554514	11.22647699532858	38.0399862267378	0.001437521401613267
41.0	39.50807447113605	11.000973706920957	11.229422290901264	38.259919180977434	0.0016103500642923427
42.0	39.30931404168512	11.028572399356996	11.151932095688688	38.50830077191027	0.001880691358926614
43.0	39.29338706370918	11.028357413199688	11.222723711402944	38.45357359797601	0.0019582137121815345
44.0	39.20034727511694	10.976533210408757	11.106408564624761	38.71517686564753	0.0015340842020157256
45.0	38.94756988481417	11.073603073908725	11.19194403066534	38.785207693186365	0.0016753174254048617
46.0	39.0208805225691	10.989730367378742	11.092577746521977	38.89526612840811	0.001545235122067212
47.0	38.94959456464188	10.878517777165548	11.04083639928923	39.129482347420584	0.0015689114827588792
48.0	38.95518215366126	10.932462573615984	11.184244232443975	38.92661763307489	0.0014934072038946867
49.0	39.14670666325348	10.948402362535413	11.187837480644044	38.71498645646576	0.0020670371012987392
50.0	39.020246752574856	10.93808187471886	11.225212872457723	38.81483098188532	0.0016275183632431208
51.0	38.89601197667539	11.003888813192715	11.322390466228292	38.77508567147854	0.002623072425062787
52.0	39.031751615932514	11.07078600031503	11.156583462892504	38.73389912514327	0.00697979571668499
53.0	39.129124245381405	10.683188161487076	11.073913203320284	39.112130778627076	0.0016436111841581726
54.0	39.017933871516355	10.83225173616185	11.117912675220504	39.0293666844091	0.0025350326921909617
55.0	38.82521491778678	10.79320843755675	11.161998762014072	39.21787062904919	0.0017072535932032332
56.0	38.72735392981823	10.666685433354516	11.034906908022014	39.569517199209805	0.0015365295954363957
57.0	38.59069678504623	10.767570649516493	11.142515576229396	39.49758208689723	0.0016349023106540384
58.0	38.523063390093434	10.79666628152622	11.14101475891055	39.53724912885481	0.002006440614986859
59.0	38.636042835192285	10.701685121353712	11.111788332236388	39.54810818860264	0.0023755226149752943
60.0	38.87155631695829	10.76897315502498	11.142250173852634	39.20076410691255	0.016456247251544938
61.0	38.6672584325894	10.886597245000425	11.158613396064933	39.28497918652026	0.0025517398249845914
62.0	38.81089823176437	10.80581225490525	11.087505267778678	39.294180466138826	0.0016037794128756298
63.0	38.86438431694688	10.667713740181105	11.076616949390365	39.38951852553672	0.0017664679449254856
64.0	38.810937202150924	10.662158689490047	11.09797912211801	39.42621790312117	0.0027070831198465943
65.0	38.67427734235927	10.547314542090843	11.113061842715895	39.663516917503514	0.0018293553304774832
66.0	38.54510623555687	10.565752751154172	11.204238937945696	39.681930552949126	0.002971522394135643
67.0	38.494011397414155	10.62862734750861	11.15247167623513	39.72001601139205	0.004873567450054834
68.0	38.57295507913881	10.62619459216346	11.181362333224383	39.609268666899055	0.010219328574300933
69.0	38.31999810158925	10.614284047684803	11.338125056778543	39.72520735170395	0.0023854422434584485
70.0	38.26179529938818	10.736242863286757	11.310617437116845	39.6851422388951	0.006202161313111242
71.0	38.50657899458823	10.626570955887631	11.224554282761295	39.61754536123911	0.0247504055237357
72.0	38.229320827834016	10.766432117285643	11.181251984871194	39.80408717450086	0.01890789550828819
73.0	38.31340402754473	10.622475938804165	11.160894239199557	39.884782666468375	0.018443127983177314
74.0	38.34210267991749	10.523676825052803	11.226351457886851	39.90527052067032	0.0025985164725362505
75.0	38.36355287039069	10.508714525499627	11.228611407793398	39.886944144946156	0.012177051370123051
76.0	38.273930568631	10.520897930655556	11.238152440904367	39.96473503046754	0.0022840293415353147
77.0	38.32491655165568	10.395672657931177	11.261927725911445	40.00679721314261	0.01068585135908231
78.0	38.10863684388985	10.449989902003813	11.390609893981008	40.039668152301424	0.011095207823911912
79.0	37.88697356554939	10.560310205293595	11.460523763407846	40.05446561483909	0.037726850910085964
80.0	38.018933204738524	10.571495123836772	11.42854405413352	39.97344625316074	0.00758136413044329
81.0	37.94261454548445	10.561236748670037	11.34671461624839	40.146912230644325	0.0025218589527917653
82.0	37.94818341078089	10.48848457597897	11.31335778719079	40.241431974914974	0.008542251134371313
83.0	38.079820121551236	10.391116244408394	11.30650939119743	40.2182705365411	0.004283706301846596
84.0	38.06401295489584	10.522444207839966	11.288573257421493	40.122008118212875	0.002961461629826787
85.0	38.13822502942944	10.346850909588643	11.328273791980955	40.185182326479726	0.0014679425212347677
86.0	37.86773626811411	10.377225770159592	11.38962241828211	40.36324912062816	0.00216642281603139
87.0	37.833396232020995	10.346643407194012	11.439632485248223	40.378623949538365	0.0017039259984039461
88.0	37.6384884976877	10.32906068341739	11.519122713320554	40.51174942122631	0.0015786843480388268
89.0	37.76156926224074	10.292245630518245	11.592020389399648	40.351572435247455	0.002592282593908256
90.0	37.74483664006527	10.309752176114866	11.60146827598024	40.33431190334286	0.009631004496766495
91.0	37.72601771637257	10.310403713123298	11.57504483010112	40.38674270543166	0.00179103497135222
92.0	37.9844087189035	10.245076761736161	11.54595523305532	40.222702821747994	0.0018564645570235436
93.0	37.885052354066076	10.307323078995095	11.553311410363943	40.25285453039099	0.0014586261838911048
94.0	37.969835544472666	10.188848264248408	11.469296790869446	40.37058071683315	0.0014386835763264946
95.0	37.874453712019836	10.196186479504465	11.552591211268636	40.37484313645661	0.0019254607504560295
96.0	37.67800966304554	10.152848180515017	11.604191853335868	40.562923136042556	0.0020271670610179445
97.0	37.5886302322202	10.222911910399942	11.547794039952532	40.639015668201964	0.0016481492253698643
98.0	37.281975601624175	10.278018604892319	11.702269390694537	40.73271976675314	0.005016636035832436
99.0	37.22736377727594	10.387993598496497	11.729526399987073	40.65258366082419	0.0025325634162979803
100.0	37.36129509094353	10.22751544362491	11.748185131509565	40.66109743692428	0.0019068969977150399
101.0	37.225787770392245	10.213561411377007	11.764729836708588	40.79335886356618	0.002562117955974194
102.0	37.359918770990916	10.183530995675342	11.775385104734626	40.67966428888273	0.0015008397163947481
103.0	37.62761611124768	10.012169284485108	11.870679187678979	40.487994329167414	0.0015410874208139451
104.0	37.712773983164666	9.9198744556106	11.84080311498103	40.52448734273891	0.0020611035047964055
105.0	37.56637901597703	9.943602984499721	11.98164165137579	40.50670991087091	0.0016664372765542693
106.0	37.33635022442595	9.958888599728352	11.933086294257775	40.769854798890556	0.0018200826973772987
107.0	37.12747503862886	10.07756255357796	11.929432132492373	40.86354128553621	0.0019889897645938128
108.0	37.13808560824899	9.891727197401222	11.971884075939093	40.99592692108273	0.0023761973279697456
109.0	36.940723876277026	9.94395219408928	12.067128359463815	41.04643091258243	0.0017646575874481953
110.0	37.04084562388943	9.879142494928095	12.187466864595484	40.89008102840025	0.0024639881867383273
111.0	36.94315368100299	10.00886443779411	12.16477809345696	40.87614300628155	0.007060781464391292
112.0	36.90725365218003	10.061085646357995	12.156335537492456	40.87159552587802	0.003729638091496697
113.0	36.83706874455718	9.871268312280703	12.163219576321941	41.08186776621223	0.04657560062795571
114.0	36.70218816672225	9.854868838713573	12.249411065781175	41.1660708547745	0.027461074008494072
115.0	36.554601034545215	9.87193508202534	12.16967280733178	41.40066306289006	0.0031280132075973237
116.0	36.56120597878573	9.953570499144961	12.29606136657865	41.1603138696674	0.02884828582326254
117.0	36.43305996083655	9.743184719029625	12.385616729576073	41.436390592714616	0.0017479978431366276
118.0	36.3839438466294	9.937753948838916	12.538359821648836	41.138052524761775	0.0018898581210675875
119.0	36.51862706677969	9.76112121613497	12.591846396200443	41.12667313540948	0.001732185475409806
120.0	36.50748436715668	9.696987512107594	12.47702374550388	41.31627966581097	0.002224709420881125
121.0	36.61311315604461	9.720833612495564	12.483734610617141	41.17869050447956	0.0036281163631229057
122.0	36.642307685381695	9.460160544649469	12.466261815303593	41.429137401785766	0.0021325528794773987
123.0	36.618363392010075	9.419159362354247	12.623866578951834	41.319912606368	0.018698060315850584
124.0	36.47304751160312	9.362641251755756	12.580219161560219	41.581321891915465	0.0027701831654401007
125.0	36.28501753268015	9.332207687131481	12.694648131825206	41.68495283388425	0.003173814478906388
126.0	35.99801011240164	9.288321319585	12.989165147985137	41.70530708126436	0.01919633876386375
127.0	36.16277716883774	9.281348181794586	12.910776323568351	41.642257375135024	0.002840950664294661
128.0	36.49057247702422	9.110723389641862	12.87960471006134	41.51754620019369	0.0015532230788829263
129.0	36.02558394344515	9.09870628859038	13.168554921729129	41.70577687324318	0.001377972992161417
130.0	36.159767114875294	9.187517465306321	12.912457377465692	41.738689426224276	0.0015686161284172906
131.0	36.43931934282858	8.854120398883813	13.112444771148771	41.59259668433641	0.0015188028024253192
132.0	36.341651568776506	8.813059253340102	12.986130086171011	41.857560086312965	0.001599005399415046
133.0	36.20353526991315	8.774688218759065	13.150583133323993	41.86856960419212	0.002623773811680347
134.0	35.9815212880145	8.501161752515651	13.336776220425243	42.170909596043565	0.009631143001041807
135.0	35.68528112588454	8.524137080818177	13.503850020061527	42.284443974822295	0.002287798413456757
136.0	35.54182567501493	8.33541864032856	13.440904643199797	42.67992977580044	0.0019212656562698533
137.0	35.46184409037595	8.225021105211198	13.658003790435947	42.65330071933997	0.0018302946369342281
138.0	35.483828908580115	8.120726718641103	13.960902294695924	42.43043491435473	0.0041071637281341585
139.0	35.36627323895401	8.081485951084117	13.698079891305836	42.82383668979721	0.030324228858825675
140.0	35.21127539648948	7.923816947937897	13.95035882853769	42.897040093878395	0.01750873315653734
141.0	34.96079354512263	7.823884273684049	14.025267427696203	43.18177958402833	0.008275169468800105
142.0	34.77737107748121	7.790899779981976	13.866290936485898	43.53161247492379	0.03382573112712347
143.0	34.25523927140431	7.378263177376978	13.920426590912077	44.44360493910512	0.0024660212015200104
144.0	33.83607302793013	7.514674358932355	13.631829817714225	45.000233325913996	0.017189469509300198
145.0	33.34578986600532	7.1780747289818025	13.668169632134516	45.80591721000906	0.0020485628693082446
146.0	33.26326872982485	7.426835715286656	14.182300637277411	45.122540032532015	0.005054885079064925
147.0	32.506724868402536	7.861941320998102	22.48068505016851	37.148089933220334	0.0025588272105132735
148.0	31.504525877758276	7.574911321915298	20.316783600028437	40.59866380182674	0.005115398471249855
149.0	32.580401399966284	7.656256621305409	21.12851428603833	38.578431054135024	0.056396638554956
150.0	31.94589265614443	9.009744003146412	20.25267681476579	38.79168652594336	0.0
