POC.47	POC.48	POC.50	POC.53	POC.57
lncRNA_003	3.6257260070707	3.6257260070707	8.32680465095505	3.6257260070707	5.08474600712195
lncRNA_011	8.8606810766607	6.331729969755	11.5830558219611	5.20393021605105	8.592703568818
lncRNA_038	10.0370250579543	6.10604306984236	9.17918942862314	9.40574744749062	10.4949079094099
lncRNA_066	7.32429653385677	5.86198804174708	6.55182901427111	7.22123363952941	3.6257260070707
lncRNA_073	8.33955753461978	7.17279378501547	3.98491002808782	3.6257260070707	3.6257260070707
lncRNA_074	9.02634363216474	8.95319606982779	7.90326491693606	3.6257260070707	8.54922782350242
lncRNA_081	6.26882266174603	5.16645993869364	4.5619779121862	9.1293545069757	6.09274122640914
lncRNA_084	7.74753264398607	5.11848148411225	4.5619779121862	7.18912774707032	4.06340795046397
lncRNA_087	5.0909848495987	5.52778210724941	5.12678987999739	7.42774292685657	8.36086737158748
lncRNA_114	10.5879391817942	6.75269955561333	8.354228095126	6.39261177729943	7.95690055785244
lncRNA_198	9.05846297431388	9.40790449524439	9.93286322793005	9.45854057343627	4.2423733955749
lncRNA_373	3.6257260070707	5.62789533663871	6.57569328525672	6.66460773056829	3.6257260070707
lncRNA_424	3.6257260070707	5.5620441141335	6.18149061368673	7.40699392879832	3.6257260070707
lncRNA_436	3.6257260070707	3.6257260070707	3.6257260070707	8.19973938349696	8.51799420854241
lncRNA_440	3.6257260070707	7.08716734357441	5.49682378195918	5.93863894021132	3.6257260070707
lncRNA_462	3.6257260070707	9.00916087160296	5.08990194807036	5.57205606389581	5.13946971897814
lncRNA_573	3.6257260070707	6.80753506880788	6.68925787051719	6.48930825346318	4.49140508973245
lncRNA_635	4.22123325114961	4.04128012332645	9.48204365327979	4.87104680748061	9.12686077244796
lncRNA_723	6.24818704736816	4.6269313781473	9.36740985512223	3.6257260070707	4.59011413136583
lncRNA_724	4.35254845024755	7.18314320904129	4.33867403998861	6.34900732571561	3.6257260070707
lncRNA_763	4.46212918726909	4.84049726778929	7.58741828802835	5.8772871126519	3.6257260070707
lncRNA_784	8.97830828462962	7.0649287853086	9.58100350582089	7.12265567225525	10.2898415259046
lncRNA_796	7.63550234857565	3.6257260070707	6.0318409626567	3.6257260070707	4.59011413136583
lncRNA_809	8.59596905510749	8.02378690238446	8.23757260390762	8.22752073508041	4.06340795046397
lncRNA_834	3.6257260070707	7.63831641827285	5.38573617486654	4.65257606857052	6.44375622768119
lncRNA_864	8.31557255944147	3.6257260070707	6.51524826276632	8.25091340871861	3.6257260070707
lncRNA_867	11.8192938760683	4.7037295359241	4.68229254912748	8.57193024133974	4.96635326307305
lncRNA_880	7.05968273445398	7.2437066540741	3.6257260070707	7.18098675204073	7.41222388825545
lncRNA_930	3.6257260070707	5.45629713293347	3.6257260070707	4.91879554386065	7.44117197113527
lncRNA_955	7.62771262362038	4.04128012332645	4.88387951766485	3.6257260070707	3.6257260070707
lncRNA_1054	7.8447393334536	7.81443725704063	6.65614572987411	3.99547154506705	6.91573729720906
lncRNA_1073	3.6257260070707	3.6257260070707	6.72160597290911	5.97802140599743	3.6257260070707
lncRNA_1102	3.6257260070707	4.04128012332645	3.6257260070707	7.76828873598363	3.6257260070707
lncRNA_1105	4.22123325114961	7.13062566957545	6.37221588774241	6.07168852996706	3.6257260070707
lncRNA_1165	3.6257260070707	6.52554927399043	6.47767950593907	5.62399066924202	3.6257260070707
lncRNA_1189	7.4086810723479	3.6257260070707	3.6257260070707	5.91850204188157	8.08435220917523
lncRNA_1222	4.04829682179543	8.14986569531097	7.59319962714139	5.27367205533155	3.6257260070707
lncRNA_1320	8.5555997087393	3.6257260070707	9.03849998070848	6.51574168659875	3.6257260070707
lncRNA_1321	7.46228739268989	3.6257260070707	6.77391653788084	6.19277800693228	3.6257260070707
lncRNA_1364	8.63910585058152	7.76039795097393	4.7883661184615	8.07855816851707	6.59062074885011
lncRNA_1381	7.77598494374774	6.08354131328487	3.6257260070707	7.20527126110096	3.6257260070707
lncRNA_1391	9.55237141481278	8.28022274289892	9.76317509903699	8.61159958377993	5.28944211872561
lncRNA_1407	7.79695960164414	4.7037295359241	8.41408386921213	4.35931393750581	5.02717046776224
lncRNA_1424	3.6257260070707	4.34064034581995	3.6257260070707	7.20527126110096	3.6257260070707
lncRNA_1442	3.6257260070707	3.6257260070707	9.00215472492512	3.6257260070707	3.6257260070707
lncRNA_1461	7.43573574444958	4.04128012332645	7.09412390939266	3.6257260070707	7.22499406669201
lncRNA_1526	6.79147744633714	9.05465979952528	5.67019019158987	8.47598522671372	9.30460825413112
lncRNA_1590	4.35254845024755	8.3180658835462	8.1226270330793	4.82091916242344	5.50370914136587
lncRNA_1629	4.46212918726909	4.34064034581995	4.5619779121862	7.84212397681254	6.62503993549411
lncRNA_1657	3.6257260070707	4.6269313781473	6.86343754066391	12.7313438274178	5.50370914136587
lncRNA_1669	9.58680636034189	7.11988514724089	9.49748114513387	9.62422689085456	6.42425623271665
lncRNA_1676	5.75105767590603	7.84720605403213	10.4938776498174	7.93179124574933	7.48815198591006
lncRNA_1679	6.02255064872528	3.6257260070707	6.6449320665596	3.6257260070707	7.9299942160399
lncRNA_1728	9.27023737658951	6.10604306984236	5.73783245024281	5.81294563261261	5.37974025433556
lncRNA_1766	3.6257260070707	4.5426386732009	3.6257260070707	7.06182579615847	3.6257260070707
lncRNA_1767	4.35254845024755	3.6257260070707	3.6257260070707	7.33556744437946	4.37816669831213
lncRNA_1785	3.6257260070707	7.01937728479669	5.16250388044359	3.6257260070707	3.6257260070707
lncRNA_1825	3.6257260070707	5.91450335042067	7.47914703511746	4.14721373230857	9.21012708986876
lncRNA_1851	4.64328911512325	3.6257260070707	7.45393100639216	6.75572374732498	5.02717046776224
lncRNA_1863	3.6257260070707	3.6257260070707	3.6257260070707	6.84129045996093	6.46298563748787
lncRNA_1865	7.09416295286363	4.04128012332645	3.6257260070707	5.57205606389581	3.6257260070707
lncRNA_1892	3.6257260070707	3.6257260070707	7.11040584918183	4.96442916003759	3.6257260070707
lncRNA_1897	3.6257260070707	4.04128012332645	3.6257260070707	9.81783330019017	4.96635326307305
lncRNA_1909	4.04829682179543	7.00775690877914	3.6257260070707	6.62885195346182	7.98331187472036
lncRNA_1921	7.35298292953718	5.94000072179906	3.98491002808782	5.54526508742741	8.15572633241443
lncRNA_1922	6.5628347428687	4.90231372200409	3.6257260070707	4.14721373230857	7.67828552059822
lncRNA_1924	5.28182694568762	3.6257260070707	3.6257260070707	4.91879554386065	8.190126739634
lncRNA_1930	7.08276239701164	6.31268337967596	3.6257260070707	4.76808830624964	9.99027932521662
lncRNA_1931	7.30484651406899	8.12871854812926	5.62303074252565	3.6257260070707	7.8243485660038
lncRNA_1935	9.06422671572753	4.5426386732009	6.42595176108596	4.65257606857052	6.16579201027792
lncRNA_1941	3.6257260070707	3.6257260070707	6.901470161611	6.42093499499466	3.6257260070707
lncRNA_1942	5.14177448389749	9.37466119593754	4.24470062577246	7.5959655898957	7.26877797514817
lncRNA_1943	4.35254845024755	8.54639286107293	3.6257260070707	5.48989921749366	6.69143736417888
lncRNA_1944	5.52042685260325	9.62887666129225	4.92843317949241	8.00704886904587	9.04788489835773
lncRNA_1961	3.6257260070707	7.72555871675765	7.06934531749101	7.72989433702321	3.6257260070707
lncRNA_1963	3.6257260070707	5.52778210724941	7.94900027888	7.85746310454449	3.6257260070707
lncRNA_1967	3.6257260070707	3.6257260070707	7.2343515163175	3.6257260070707	3.6257260070707
lncRNA_1980	6.26882266174603	4.21141176267645	5.23074196269192	8.12994707704429	5.24157634601308
lncRNA_1986	4.04829682179543	3.6257260070707	7.48538211738704	7.06182579615847	5.84623220788537
lncRNA_1989	4.22123325114961	7.74656372067054	4.33867403998861	3.99547154506705	4.49140508973245
lncRNA_2003	4.98177679498181	3.6257260070707	5.41446695489616	7.46166837884123	7.23606692799907
lncRNA_2011	3.6257260070707	4.6269313781473	3.6257260070707	7.35014170297681	8.61395883073392
lncRNA_2014	5.28182694568762	7.42008799225681	10.0166678878745	10.4179477655518	6.44375622768119
lncRNA_2037	8.32040165609836	3.6257260070707	3.98491002808782	6.77760809376621	6.27945414764218
lncRNA_2056	8.98135786400137	4.6269313781473	5.16250388044359	7.96520287245586	4.96635326307305
lncRNA_2081	3.6257260070707	4.04128012332645	6.55182901427111	5.30704586824488	7.26877797514817
lncRNA_2090	8.30098722184034	6.17138896861118	10.0682273546733	6.95105985833116	8.36086737158748
lncRNA_2093	7.67382766434648	5.91450335042067	7.02706071543553	8.05659152498009	4.37816669831213
lncRNA_2094	9.86450798200515	10.8435455104406	6.92010908374404	10.9826931513495	11.1016771653021
lncRNA_2098	7.09416295286363	3.6257260070707	3.6257260070707	4.51953141844693	7.54256245126764
lncRNA_2138	3.6257260070707	5.01582691923953	7.11040584918183	5.91850204188157	3.6257260070707
lncRNA_2163	3.6257260070707	3.6257260070707	7.02706071543553	3.6257260070707	3.6257260070707
lncRNA_2164	3.6257260070707	3.6257260070707	8.23018898845277	3.6257260070707	3.6257260070707
lncRNA_2165	3.6257260070707	3.6257260070707	9.27726415179027	3.99547154506705	3.6257260070707
lncRNA_2214	3.6257260070707	4.6269313781473	4.88387951766485	5.43194522773466	9.33562693642018
lncRNA_2253	7.76182938868984	8.460205622282	3.6257260070707	7.32084268544544	7.45069238535109
lncRNA_2258	8.08523259544607	8.43890107259542	7.43472251262601	3.6257260070707	5.08474600712195
lncRNA_2334	7.53910458363879	6.08354131328487	3.98491002808782	3.6257260070707	3.6257260070707
lncRNA_2370	7.76182938868984	5.65958408601049	4.73683641079381	5.27367205533155	3.6257260070707
lncRNA_2395	3.6257260070707	7.33925102581543	4.13239402041877	3.6257260070707	4.37816669831213
lncRNA_2429	3.6257260070707	3.6257260070707	7.20436312607981	3.6257260070707	3.6257260070707
lncRNA_2440	3.6257260070707	6.72445827209574	4.13239402041877	5.57205606389581	7.81702101446446
lncRNA_2446	9.59080399361934	3.6257260070707	3.6257260070707	8.89731877650585	3.6257260070707
lncRNA_2473	7.41775637649204	4.44851416604603	9.90535390100183	7.75742345502113	3.6257260070707
lncRNA_2481	3.6257260070707	4.21141176267645	3.6257260070707	7.96520287245586	5.08474600712195
lncRNA_2485	7.13887115106342	7.68985126052702	3.6257260070707	6.28863418929372	3.6257260070707
lncRNA_2515	5.59069722621206	9.00046754947219	5.7810402331637	7.54628043790251	9.05722149585574
lncRNA_2531	4.85998805513208	4.90231372200409	9.17535458993719	4.91879554386065	5.71994711066404
lncRNA_2569	7.69634001422868	4.04128012332645	3.98491002808782	6.42093499499466	6.83025492129108
lncRNA_2576	9.88743849139734	5.5620441141335	8.713004806976	5.69812704888892	6.06748754086645
lncRNA_2605	6.4051966485459	3.6257260070707	9.89139993173416	6.96062863063472	3.6257260070707
lncRNA_2609	6.28915218810988	4.90231372200409	6.18149061368673	8.78440374391112	8.55363495780804
lncRNA_2650	3.6257260070707	4.5426386732009	7.9534946758055	3.6257260070707	4.06340795046397
lncRNA_2653	7.28512738121217	3.6257260070707	3.6257260070707	5.97802140599743	5.3354432866068
lncRNA_2718	8.68098787136439	12.9127990816989	9.38411750423565	10.60175049519	10.9098301417144
lncRNA_2765	6.61164825732761	4.90231372200409	3.6257260070707	3.6257260070707	6.70755648826588
lncRNA_2792	8.72896387967557	8.45596986897236	3.6257260070707	7.9025203490252	4.2423733955749
lncRNA_2795	9.06134772644936	5.2567673794011	5.84328323501387	3.99547154506705	3.6257260070707
lncRNA_2797	5.1903754951918	6.331729969755	3.98491002808782	8.29658719408942	5.46375933437782
lncRNA_2835	3.6257260070707	3.6257260070707	3.6257260070707	4.14721373230857	8.61395883073392
lncRNA_2854	5.97251589734754	5.8349253535689	4.49462544798382	3.6257260070707	7.95022110517583
lncRNA_2868	4.85998805513208	11.0386389014526	9.66815965145429	6.84129045996093	9.25949021823511
lncRNA_2872	6.98809983921748	6.21327080001137	6.21261834546621	6.07168852996706	9.76199550584817
lncRNA_2876	4.22123325114961	4.6269313781473	7.88925518555212	3.6257260070707	4.2423733955749
lncRNA_2880	3.6257260070707	4.6269313781473	3.6257260070707	3.6257260070707	8.2511326533897
lncRNA_2965	7.61988027760751	4.5426386732009	3.6257260070707	4.44376390734423	7.86754472329727
lncRNA_2967	8.33001148242241	5.77906560488303	7.44755683502819	5.12968856167094	9.051003823293
lncRNA_2969	6.61164825732761	7.54541063703727	4.13239402041877	8.16731763645259	6.30109617946749
lncRNA_2982	3.6257260070707	6.49226565949867	6.9566652920587	7.46835784212446	6.16579201027792
lncRNA_3025	5.14177448389749	8.24627290865245	7.09412390939266	8.4891534654908	3.6257260070707
lncRNA_3037	4.04829682179543	4.04128012332645	4.13239402041877	3.6257260070707	7.90947820537773
lncRNA_3059	3.6257260070707	6.58982093690924	6.31630241644776	6.37822949447313	3.6257260070707
lncRNA_3071	7.53910458363879	4.90231372200409	4.92843317949241	3.6257260070707	3.6257260070707
lncRNA_3080	4.22123325114961	8.51008551278685	7.24175091332117	8.05215759918388	10.1986085512376
lncRNA_3087	3.6257260070707	3.6257260070707	7.15031224165667	5.48989921749366	7.25795757148568
lncRNA_3103	10.2604856431687	6.29336919358861	10.4501283527083	5.99728541838916	9.14156455874742
lncRNA_3153	5.9205329530837	10.4116082969041	7.18912851918854	7.90744047816009	10.8084794211453
lncRNA_3186	4.22123325114961	4.84049726778929	3.6257260070707	7.18098675204073	6.53734617455691
lncRNA_3197	7.79000208782416	7.51305099424763	5.16250388044359	7.01672115551318	4.2423733955749
lncRNA_3259	3.6257260070707	3.6257260070707	5.26340885147139	8.67345812154363	4.06340795046397
lncRNA_3265	7.89097869007172	7.04233598885124	10.2404759821837	6.30397783026824	7.5690104887535
lncRNA_3354	3.6257260070707	5.88850632725156	6.82435100912297	5.93863894021132	3.6257260070707
lncRNA_3425	7.45349156878117	3.6257260070707	3.6257260070707	3.6257260070707	3.6257260070707
lncRNA_3446	3.6257260070707	6.29336919358861	3.6257260070707	3.6257260070707	8.22372314981033
lncRNA_3472	3.6257260070707	8.27060429827391	4.49462544798382	4.82091916242344	3.6257260070707
lncRNA_3493	7.21387768101035	3.6257260070707	3.6257260070707	3.6257260070707	3.6257260070707
lncRNA_3496	6.3675902802272	6.87320673570484	8.67275159132299	4.51953141844693	9.43922005984931
lncRNA_3520	5.65726779893848	3.6257260070707	5.75961580674311	3.6257260070707	7.0222202838782
lncRNA_3527	3.6257260070707	4.77456254880876	6.76360903167172	6.40684589653341	3.6257260070707
lncRNA_3530	3.6257260070707	6.49226565949867	7.06934531749101	5.57205606389581	3.6257260070707
lncRNA_3537	6.7340574389801	6.49226565949867	3.6257260070707	8.00704886904587	8.36588971005549
lncRNA_3748	9.02042605258932	3.6257260070707	3.6257260070707	3.6257260070707	3.6257260070707
lncRNA_3763	7.45349156878117	3.6257260070707	3.6257260070707	3.6257260070707	3.6257260070707
lncRNA_3768	4.79310471405068	7.07609163709718	7.32766910339351	9.07584410621572	8.64732778950295
lncRNA_3770	3.6257260070707	3.6257260070707	7.14242014164198	4.65257606857052	7.60353071224134
lncRNA_3824	6.51225007963546	9.87216851866151	9.53237238845734	6.86189396741738	7.51561605645502
lncRNA_3882	9.47661705379323	6.88598191306286	6.24305197427276	6.1592693445981	8.78860013101083
lncRNA_3911	5.83852569211784	9.00337115456779	7.88925518555212	11.6482583298154	8.85078307065827
lncRNA_3916	9.26774215363662	10.7857234542171	6.46492733266492	9.32916244298727	10.7899404702425
lncRNA_3977	7.22427714661978	3.6257260070707	6.11701322204061	7.29092885106901	8.06594062140296
lncRNA_4016	3.6257260070707	6.75269955561333	6.77391653788084	6.08966410398552	3.6257260070707
lncRNA_4040	4.55771386737661	7.16236846997385	3.6257260070707	3.6257260070707	5.37974025433556
lncRNA_4041	5.68929566548905	4.84049726778929	3.6257260070707	3.99547154506705	8.58411281714549
lncRNA_4114	3.6257260070707	6.50900704053719	5.01220115290766	7.01672115551318	4.06340795046397
lncRNA_4171	6.20595770907228	8.10183934895696	7.893940310126	8.10448234275032	3.6257260070707
lncRNA_4191	3.6257260070707	5.16645993869364	6.75322539790666	7.19722240617409	3.6257260070707
lncRNA_4271	7.96693645270435	5.88850632725156	10.8990979380329	7.5837051301521	4.06340795046397
lncRNA_4314	8.39554067336047	5.86198804174708	5.75961580674311	5.20393021605105	8.31485939532097
lncRNA_4328	7.45349156878117	3.6257260070707	5.05174285784368	5.79077787674589	4.37816669831213
lncRNA_4329	4.04829682179543	8.22650694910479	4.7883661184615	9.76066887231983	9.52693598152796
lncRNA_4331	3.6257260070707	5.98957611158991	6.27282326823656	6.97957417956905	3.6257260070707
lncRNA_4344	12.3758637170111	9.48053344717844	13.5504977743059	10.0160240906157	9.88064955555332
lncRNA_4402	5.2369997123938	6.79402524479365	6.2874698547161	3.6257260070707	3.6257260070707
lncRNA_4483	3.6257260070707	6.60543660500811	3.6257260070707	6.87208394181796	3.6257260070707
lncRNA_4496	3.6257260070707	6.4407953037925	7.58161349478669	3.6257260070707	3.6257260070707
lncRNA_4507	3.6257260070707	6.87320673570484	3.6257260070707	7.9025203490252	3.6257260070707
lncRNA_4513	3.6257260070707	6.36905057375849	6.63362782296577	6.79915717075772	3.6257260070707
lncRNA_4688	3.6257260070707	6.4232049620503	3.6257260070707	4.35931393750581	6.69143736417888
lncRNA_4692	5.1903754951918	8.22152270872687	5.29519020007849	4.14721373230857	7.98983948386204
lncRNA_4697	6.8601073192155	9.23591780754182	7.72010724497011	4.51953141844693	10.1265547728768
lncRNA_4739	7.18221524977106	6.14995469379624	3.6257260070707	5.83474448765054	3.6257260070707
lncRNA_4809	5.1903754951918	8.60494149469695	5.35630731397405	5.33950688088235	7.14497251789748
lncRNA_4823	9.237457645715	3.6257260070707	7.2343515163175	4.51953141844693	3.6257260070707
lncRNA_4826	4.46212918726909	5.98957611158991	6.96565857150456	3.6257260070707	7.20258647258647
lncRNA_4837	5.55605311012157	3.6257260070707	6.0318409626567	6.50258779568982	7.75701217676922
lncRNA_4878	8.5637646453959	3.6257260070707	3.6257260070707	5.48989921749366	7.0222202838782
lncRNA_4919	5.55605311012157	3.6257260070707	3.6257260070707	7.02585764499127	3.6257260070707
lncRNA_4924	5.40696911468873	5.01582691923953	6.81440761343477	8.01618466837997	3.6257260070707
lncRNA_4951	3.6257260070707	4.96060319802039	6.72160597290911	6.05347013004047	7.72603862629132
lncRNA_4962	6.68939757247358	3.6257260070707	7.27096985676546	3.6257260070707	3.6257260070707
lncRNA_4964	3.6257260070707	5.75021310653205	5.01220115290766	3.99547154506705	7.4788787529354
lncRNA_4991	6.71932816897194	8.25605492272674	6.6449320665596	6.56714841612025	4.06340795046397
lncRNA_4997	6.49497150865842	6.96029760231	9.45224910014063	3.6257260070707	3.6257260070707
lncRNA_4999	5.75105767590603	9.47427015785855	8.76498330280194	6.96062863063472	6.25746515479293
lncRNA_5054	5.2369997123938	8.95619640768584	5.9409000973925	4.91879554386065	6.51912552471834
lncRNA_5151	3.6257260070707	7.73959620539749	4.33867403998861	4.58868475089952	3.6257260070707
lncRNA_5179	3.6257260070707	4.21141176267645	6.99230047402799	3.6257260070707	3.6257260070707
lncRNA_5197	6.52931663291727	5.11848148411225	6.72160597290911	8.57810481410501	4.2423733955749
lncRNA_5211	5.03775404672769	6.86031483883109	7.15031224165667	6.90221971621974	3.6257260070707
lncRNA_5219	5.89375850880432	7.78767219365982	6.24305197427276	3.6257260070707	4.2423733955749
lncRNA_5224	3.6257260070707	6.03737963651603	6.51524826276632	3.6257260070707	3.6257260070707
lncRNA_5225	4.22123325114961	3.6257260070707	7.18144958097755	3.6257260070707	3.6257260070707
lncRNA_5227	3.6257260070707	4.96060319802039	6.76360903167172	6.28863418929372	3.6257260070707
lncRNA_5232	3.6257260070707	7.04233598885124	4.33867403998861	5.59828950461175	3.6257260070707
lncRNA_5245	3.6257260070707	3.6257260070707	3.6257260070707	5.27367205533155	7.62048349305769
lncRNA_5255	5.36668664546727	4.6269313781473	4.62422892788014	4.26271156393339	8.2347497295682
lncRNA_5268	4.22123325114961	6.03737963651603	7.69882869617008	6.42093499499466	7.8243485660038
lncRNA_5270	3.6257260070707	3.6257260070707	3.6257260070707	6.50258779568982	6.83025492129108
lncRNA_5306	5.59069722621206	4.7037295359241	7.32766910339351	6.42093499499466	8.592703568818
lncRNA_5317	5.4837536053476	3.6257260070707	4.42085978048352	7.27573310598149	7.88866464318862
lncRNA_5348	6.79147744633714	3.6257260070707	4.97114801500398	6.12491358125048	9.06032030141446
lncRNA_5349	4.22123325114961	8.80129664934103	3.6257260070707	9.83467876020591	4.37816669831213
lncRNA_5350	3.6257260070707	5.01582691923953	3.6257260070707	7.53358472317929	4.2423733955749
lncRNA_5354	4.35254845024755	5.06835311464471	8.91743689981082	8.22358468604804	8.68798013217588
lncRNA_5356	3.6257260070707	7.13062566957545	3.6257260070707	5.33950688088235	5.50370914136587
lncRNA_5454	5.9205329530837	4.6269313781473	7.83180681759991	8.13414767196771	8.46750106208919
lncRNA_5491	4.04829682179543	10.0497222181461	4.13239402041877	9.61525494992984	3.6257260070707
lncRNA_5492	5.14177448389749	3.6257260070707	3.6257260070707	8.64727202264546	4.59011413136583
lncRNA_5493	4.64328911512325	7.91058009994939	10.6758215518881	5.43194522773466	5.3354432866068
lncRNA_5539	7.25502727743902	3.6257260070707	7.67722931109199	7.2448464506677	8.33035946379908
lncRNA_5602	6.70444269381414	3.6257260070707	6.92933714183118	3.99547154506705	8.16151721068207
lncRNA_5607	8.29118083984888	3.6257260070707	3.6257260070707	7.44819473967882	7.98983948386204
lncRNA_5610	6.07078701142775	10.6131371270586	7.24175091332117	6.84129045996093	7.81702101446446
lncRNA_5637	3.6257260070707	3.6257260070707	3.6257260070707	7.1562802909028	4.2423733955749
lncRNA_5694	3.6257260070707	5.21249640703301	3.6257260070707	7.08821562586831	3.6257260070707
lncRNA_5705	3.6257260070707	4.04128012332645	3.6257260070707	6.74465247167918	7.64554205185968
lncRNA_5721	4.35254845024755	8.67219506911728	4.13239402041877	3.6257260070707	3.6257260070707
lncRNA_5771	3.6257260070707	7.05367738268186	7.01845029270323	7.4816435369722	3.6257260070707
lncRNA_5779	4.22123325114961	7.03090312743325	7.12650319270106	7.37172761319613	3.6257260070707
lncRNA_5828	12.545045582676	8.30869803513145	9.94642359242804	12.011139483252	12.5779301536999
lncRNA_5849	4.98177679498181	6.49226565949867	6.85376702405028	7.18098675204073	3.6257260070707
lncRNA_5860	10.8396018707053	5.21249640703301	10.2303502865752	6.17612679994301	6.44375622768119
lncRNA_5879	8.86398976756148	13.1067481464424	9.29327519069193	9.98965535200581	10.2000135396009
lncRNA_6036	3.6257260070707	7.78767219365982	3.6257260070707	3.99547154506705	5.13946971897814
lncRNA_6064	4.04829682179543	3.6257260070707	7.52223197855097	3.99547154506705	3.6257260070707
lncRNA_6119	3.6257260070707	5.01582691923953	7.62176109047024	3.6257260070707	4.83290381433313
lncRNA_6194	4.22123325114961	5.77906560488303	6.96565857150456	5.89805492886982	8.69597468208642
lncRNA_6202	4.04829682179543	4.34064034581995	6.43906579625546	5.0081657419109	8.00280634906022
lncRNA_6294	8.51827333241849	4.34064034581995	5.92194370674149	3.6257260070707	3.6257260070707
lncRNA_6304	3.6257260070707	3.6257260070707	3.6257260070707	7.09690428430863	3.6257260070707
lncRNA_6313	3.6257260070707	4.44851416604603	7.49777126103522	6.90221971621974	6.21239813113796
lncRNA_6319	4.64328911512325	5.5620441141335	7.6934593071088	3.6257260070707	4.7588209750288
lncRNA_6325	6.89973703934103	3.6257260070707	3.6257260070707	3.99547154506705	6.23511732429884
lncRNA_6346	4.22123325114961	8.39089030789257	4.13239402041877	3.99547154506705	7.51561605645502
lncRNA_6356	3.6257260070707	4.04128012332645	8.23757260390762	3.6257260070707	3.6257260070707
lncRNA_6370	4.22123325114961	6.4232049620503	6.27282326823656	6.89224576556098	3.6257260070707
lncRNA_6384	3.6257260070707	3.6257260070707	5.57405560826767	6.78842388197679	3.6257260070707
lncRNA_6411	4.46212918726909	4.7037295359241	3.6257260070707	8.65020521582467	4.67842982370338
lncRNA_6431	9.24762333950825	4.96060319802039	5.75961580674311	9.5445501595031	9.97065720855036
lncRNA_6482	6.49497150865842	4.5426386732009	7.64976378441567	7.91234379649159	5.19165897096265
lncRNA_6488	5.40696911468873	4.04128012332645	7.98016953141498	6.10740362717871	7.92318807922882
lncRNA_6701	3.6257260070707	7.32997972082051	8.06981261025239	4.14721373230857	7.62888517754855
lncRNA_6711	9.91160893441386	6.72445827209574	6.43906579625546	6.71090520770687	5.37974025433556
lncRNA_6813	6.93828491880064	4.6269313781473	8.68629472958522	3.6257260070707	6.30109617946749
lncRNA_6820	4.22123325114961	5.98957611158991	6.77391653788084	6.92195877663478	3.6257260070707
lncRNA_6834	5.2369997123938	7.92905910033633	3.6257260070707	8.17549188588209	9.6389263155041
lncRNA_6847	4.46212918726909	6.35051660039338	6.59915621165863	7.07067706278074	3.6257260070707
lncRNA_6898	3.6257260070707	3.6257260070707	7.55815589111565	3.6257260070707	3.6257260070707
lncRNA_6936	3.6257260070707	9.87216851866151	4.33867403998861	4.71214776583014	3.6257260070707
lncRNA_6957	5.2369997123938	7.16236846997385	9.14430294543313	4.51953141844693	7.98331187472036
lncRNA_6963	4.04829682179543	3.6257260070707	5.26340885147139	4.51953141844693	7.59497841722014
lncRNA_6967	7.11669299203914	7.43744656217193	5.01220115290766	3.6257260070707	3.6257260070707
lncRNA_6969	4.04829682179543	6.58982093690924	7.60469270182966	4.82091916242344	4.2423733955749
lncRNA_7067	3.6257260070707	3.6257260070707	3.6257260070707	3.6257260070707	7.41222388825545
lncRNA_7069	3.6257260070707	5.01582691923953	4.33867403998861	5.91850204188157	7.40244261257759
lncRNA_7074	6.68939757247358	5.86198804174708	4.88387951766485	7.60205665071879	9.14156455874742
lncRNA_7079	3.6257260070707	5.59539782084739	6.68925787051719	6.52877236357306	3.6257260070707
lncRNA_7108	3.6257260070707	3.6257260070707	3.6257260070707	3.6257260070707	6.91573729720906
lncRNA_7113	3.6257260070707	6.66621132357979	6.94761446705388	6.07168852996706	3.6257260070707
lncRNA_7126	3.6257260070707	7.1090627752439	7.37549610043652	6.20922821601222	5.02717046776224
lncRNA_7145	7.65862040775706	5.62789533663871	6.94761446705388	9.74704365756891	5.71994711066404
lncRNA_7146	7.04800052213865	4.21141176267645	7.55223088871213	4.76808830624964	6.67513077208911
lncRNA_7148	3.6257260070707	3.6257260070707	3.6257260070707	3.6257260070707	7.98331187472036
lncRNA_7154	8.40920258979102	4.34064034581995	7.36876107019565	7.07067706278074	4.67842982370338
lncRNA_7161	7.13887115106342	8.12338277980432	5.73783245024281	4.44376390734423	7.33202947373213
lncRNA_7171	7.36241825690524	6.47532009910858	4.24470062577246	8.28530401599042	5.28944211872561
lncRNA_7173	4.22123325114961	9.41881741193846	10.4915672731303	9.18701821858465	3.6257260070707
lncRNA_7177	3.6257260070707	5.11848148411225	6.56381220224388	7.1727988798943	7.26877797514817
lncRNA_7212	4.35254845024755	8.24627290865245	7.27096985676546	8.12573416794812	7.32168057075019
lncRNA_7214	9.41706933547886	5.5620441141335	8.30588842461444	9.96985080595887	6.21239813113796
lncRNA_7224	7.19284789751937	3.6257260070707	6.47767950593907	3.6257260070707	3.6257260070707
lncRNA_7227	3.6257260070707	7.45459667480611	6.04931139907302	3.99547154506705	6.73924968010814
lncRNA_7268	3.6257260070707	7.17279378501547	6.92010908374404	7.28335123815388	3.6257260070707
lncRNA_7315	6.07078701142775	7.34846244254983	7.9845675527205	3.99547154506705	8.18445020519028
lncRNA_7362	3.6257260070707	6.08354131328487	7.22691345413655	7.26807401339879	6.09274122640914
lncRNA_7363	3.6257260070707	4.44851416604603	5.23074196269192	8.36248841160947	8.26733102520105
lncRNA_7365	4.04829682179543	6.36905057375849	6.9566652920587	5.85618752797827	3.6257260070707
lncRNA_7374	4.79310471405068	3.6257260070707	4.13239402041877	7.43459279221182	3.6257260070707
lncRNA_7408	7.12782535767087	6.75269955561333	7.15031224165667	3.6257260070707	6.16579201027792
lncRNA_7416	7.13887115106342	5.16645993869364	6.41271231332199	4.14721373230857	7.94351042787049
lncRNA_7427	6.47747539051485	9.16767917328306	7.51615592518942	6.56714841612025	10.3644122258892
lncRNA_7469	6.68939757247358	9.18056211188519	5.32614007918109	4.76808830624964	6.06748754086645
lncRNA_7506	3.6257260070707	7.6826017090604	3.98491002808782	5.0081657419109	3.6257260070707
lncRNA_7507	7.45349156878117	6.14995469379624	9.09440447266226	5.97802140599743	5.19165897096265
lncRNA_7508	3.6257260070707	7.1090627752439	7.00978722006415	6.97013311293604	4.83290381433313
lncRNA_7516	4.64328911512325	4.84049726778929	5.44253645584067	7.69044282313941	8.35076978656721
lncRNA_7576	3.6257260070707	6.78038448268013	7.02706071543553	7.0439557879964	5.13946971897814
lncRNA_7674	4.79310471405068	7.71848806534528	6.34454280673786	3.6257260070707	9.01631866818845
lncRNA_7687	3.6257260070707	7.56131994665537	5.01220115290766	6.34900732571561	5.24157634601308
lncRNA_7691	3.6257260070707	5.69050737965663	6.21261834546621	6.80980923885125	3.6257260070707
lncRNA_7725	3.6257260070707	3.6257260070707	3.6257260070707	3.6257260070707	6.92949438601543
lncRNA_7762	7.68887514239477	5.65958408601049	9.43310923040507	5.67388835502229	6.25746515479293
lncRNA_7786	4.72123378178283	5.11848148411225	5.19712938511602	8.3225754018458	3.6257260070707
lncRNA_7794	7.47971823163918	4.21141176267645	8.26312070883054	4.91879554386065	5.28944211872561
lncRNA_7795	7.70376618788601	4.04128012332645	7.02706071543553	4.44376390734423	5.50370914136587
lncRNA_7802	4.92267804032488	3.6257260070707	7.22691345413655	3.6257260070707	5.37974025433556
lncRNA_7818	6.02255064872528	11.4057103489572	7.93996904897271	3.6257260070707	4.96635326307305
lncRNA_7858	6.20595770907228	6.76661015576275	5.95959023431021	11.4140402556494	4.90180624509638
lncRNA_7862	11.6948489392677	11.4510541366931	10.3164116310935	11.2546977300559	7.85329004935585
lncRNA_7864	8.46258896117948	4.34064034581995	8.69703827941585	6.1592693445981	7.08492333955388
lncRNA_7883	6.84664612297748	11.5052886249767	8.80773650356246	3.99547154506705	3.6257260070707
lncRNA_7904	12.0674853760173	5.11848148411225	5.35630731397405	10.9627943760092	11.381592248
lncRNA_7931	6.57929633004173	3.6257260070707	7.52828231943104	4.51953141844693	4.49140508973245
lncRNA_8015	4.35254845024755	6.6810014830746	7.62176109047024	7.20527126110096	4.49140508973245
lncRNA_8063	4.72123378178283	4.77456254880876	10.8903556886164	3.6257260070707	4.37816669831213
lncRNA_8136	5.8664311827924	6.94817983111144	3.6257260070707	6.88220085373694	4.2423733955749
lncRNA_8138	6.0468849821753	3.6257260070707	8.80525643042192	4.35931393750581	7.25795757148568
lncRNA_8193	4.04829682179543	7.29227951478297	3.6257260070707	4.14721373230857	4.06340795046397
lncRNA_8214	4.04829682179543	8.35493885971838	7.79720098817872	6.60449665934513	9.18479678253001
lncRNA_8233	4.04829682179543	4.44851416604603	8.384467226765	4.87104680748061	3.6257260070707
lncRNA_8243	3.6257260070707	3.6257260070707	3.98491002808782	3.6257260070707	7.07260255166051
lncRNA_8251	3.6257260070707	5.41893972720976	3.6257260070707	6.87208394181796	3.6257260070707
lncRNA_8290	8.25632215653094	5.75021310653205	5.19712938511602	9.90752695022435	8.8400028423936
lncRNA_8294	9.99239607775328	10.4599451532543	10.5452775367724	7.22914818127594	7.66200737036625
lncRNA_8300	6.34839571755546	4.77456254880876	8.0235550975594	4.35931393750581	5.19165897096265
lncRNA_8358	5.62441775839135	5.8349253535689	8.36774623645316	8.58118219814138	8.3200446654782
lncRNA_8383	6.14005499850423	8.89496944694534	5.35630731397405	9.34553197475441	4.06340795046397
lncRNA_8411	3.6257260070707	4.21141176267645	3.98491002808782	7.16456357977018	3.6257260070707
lncRNA_8430	4.72123378178283	3.6257260070707	3.6257260070707	7.26037351191982	3.6257260070707
lncRNA_8460	3.6257260070707	4.96060319802039	6.33049504018285	6.91212372188352	3.6257260070707
lncRNA_8473	3.6257260070707	3.6257260070707	4.68229254912748	7.27573310598149	3.6257260070707
lncRNA_8508	3.6257260070707	6.72445827209574	6.22791988261348	6.69947336555852	3.6257260070707
lncRNA_8518	9.83952813172002	3.6257260070707	4.42085978048352	4.82091916242344	4.2423733955749
lncRNA_8546	4.22123325114961	4.6269313781473	10.0661585746669	3.6257260070707	3.6257260070707
lncRNA_8549	7.26513148888627	4.6269313781473	4.5619779121862	7.80039904652685	4.06340795046397
lncRNA_8567	3.6257260070707	6.08354131328487	5.05174285784368	8.0207308664829	6.34338389299078
lncRNA_8580	6.88665037799174	5.62789533663871	10.1338965947894	5.40190848088606	5.61642470301999
lncRNA_8614	9.17491029912653	7.97127352335072	4.83727571042075	7.93179124574933	11.4404248612154
lncRNA_8627	5.14177448389749	9.95395719355194	8.30588842461444	7.29846637870776	9.4906511945308
lncRNA_8632	3.6257260070707	5.75021310653205	4.33867403998861	6.87208394181796	7.07260255166051
lncRNA_8644	5.0909848495987	9.85459633085222	4.24470062577246	6.85162984396651	7.56024870172703
lncRNA_8645	3.6257260070707	6.29336919358861	6.92933714183118	6.57970920609587	3.6257260070707
lncRNA_8708	8.16260106506147	4.44851416604603	7.00107083793137	3.6257260070707	3.6257260070707
lncRNA_8733	5.55605311012157	3.6257260070707	4.42085978048352	4.91879554386065	8.74688477303625
lncRNA_8752	10.6351493164956	10.582414778767	6.08358662874805	9.02479567398806	9.21847256439233
lncRNA_8766	5.0909848495987	8.04087314353309	4.33867403998861	9.63610329839654	4.2423733955749
lncRNA_8781	5.720545482784	5.41893972720976	5.19712938511602	6.07168852996706	9.27823955805752
lncRNA_8812	5.97251589734754	3.6257260070707	3.6257260070707	3.6257260070707	6.55533150474001
lncRNA_8820	3.6257260070707	3.6257260070707	3.6257260070707	7.97928747878394	4.06340795046397
lncRNA_8853	4.92267804032488	4.77456254880876	4.5619779121862	8.64138765047982	4.37816669831213
lncRNA_8861	4.22123325114961	6.45816512792253	6.57569328525672	6.97013311293604	3.6257260070707
lncRNA_8870	6.45975596915876	6.4407953037925	3.6257260070707	3.99547154506705	3.6257260070707
lncRNA_8871	5.4837536053476	3.6257260070707	3.6257260070707	4.71214776583014	8.7275163499289
lncRNA_8891	6.28915218810988	5.75021310653205	4.33867403998861	9.1377347728374	6.40447761725109
lncRNA_8893	7.5881151093675	7.66063025054911	3.6257260070707	8.19973938349696	10.0769480427691
lncRNA_8895	5.81001485604471	4.5426386732009	5.95959023431021	8.90224685769375	4.49140508973245
lncRNA_8920	5.55605311012157	6.17138896861118	7.44755683502819	7.63806848801758	3.6257260070707
lncRNA_8944	3.6257260070707	8.2115020902811	8.10658222488887	9.3953022960351	7.75701217676922
lncRNA_8945	3.6257260070707	4.04128012332645	3.6257260070707	4.14721373230857	7.65379837776792
lncRNA_8947	4.46212918726909	3.6257260070707	3.6257260070707	5.91850204188157	9.00349599160535
lncRNA_8979	8.61965827300597	7.67531527782739	5.75961580674311	5.54526508742741	3.6257260070707
lncRNA_8982	3.6257260070707	6.36905057375849	7.00107083793137	6.56714841612025	3.6257260070707
lncRNA_9043	3.6257260070707	6.35051660039338	7.00107083793137	5.16741470556993	3.6257260070707
lncRNA_9065	4.04829682179543	6.4232049620503	7.79720098817872	5.81294563261261	3.6257260070707
lncRNA_9100	4.22123325114961	3.6257260070707	5.23074196269192	7.32084268544544	3.6257260070707
lncRNA_9106	4.46212918726909	5.88850632725156	5.26340885147139	7.57753527748592	3.6257260070707
lncRNA_9147	8.33479242718516	9.6659864238348	4.5619779121862	9.65227527153825	8.5969797983545
lncRNA_9149	7.50547220067277	6.79402524479365	3.6257260070707	4.44376390734423	5.54241553614165
lncRNA_9189	3.6257260070707	5.2567673794011	7.01845029270323	7.76828873598363	9.15611985600953
lncRNA_9192	6.18434276689797	4.90231372200409	10.3024199500911	6.97957417956905	3.6257260070707
lncRNA_9209	3.6257260070707	4.7037295359241	8.57711719120955	4.71214776583014	7.0222202838782
lncRNA_9232	4.64328911512325	8.4686399112503	5.88319856461152	7.70182597408206	6.04175174550643
lncRNA_9262	3.6257260070707	6.49226565949867	4.97114801500398	5.64918301141431	7.5336366238855
lncRNA_9274	8.04492787412141	5.2567673794011	9.57519543848229	8.21568011376053	8.54922782350242
lncRNA_9278	3.6257260070707	3.6257260070707	6.99230047402799	3.6257260070707	3.6257260070707
lncRNA_9288	4.79310471405068	3.6257260070707	3.98491002808782	3.6257260070707	7.79481099064471
lncRNA_9305	3.6257260070707	3.6257260070707	3.6257260070707	3.6257260070707	6.91573729720906
lncRNA_9324	3.6257260070707	7.05367738268186	7.15816075384228	5.05018811372517	4.49140508973245
lncRNA_9328	4.22123325114961	4.7037295359241	4.24470062577246	7.96047713018141	3.6257260070707
lncRNA_9366	3.6257260070707	4.6269313781473	6.43906579625546	3.99547154506705	7.27951679703665
lncRNA_9376	4.79310471405068	6.63615397673639	6.46492733266492	3.6257260070707	3.6257260070707
lncRNA_9389	4.92267804032488	3.6257260070707	9.30911035295744	5.33950688088235	3.6257260070707
lncRNA_9410	4.72123378178283	8.51008551278685	7.87983879189328	7.46835784212446	6.18929435198724
lncRNA_9421	9.43497093086079	4.04128012332645	3.6257260070707	3.6257260070707	4.37816669831213
lncRNA_9439	3.6257260070707	3.6257260070707	3.6257260070707	7.54628043790251	3.6257260070707
lncRNA_9449	3.6257260070707	4.5426386732009	5.05174285784368	10.0966591167563	11.0085396516372
lncRNA_9452	3.6257260070707	3.6257260070707	7.96244147633859	4.91879554386065	3.6257260070707
lncRNA_9456	7.79000208782416	5.52778210724941	5.86339193567221	3.6257260070707	3.6257260070707
lncRNA_9457	7.16070841355204	5.59539782084739	6.43906579625546	3.6257260070707	3.6257260070707
lncRNA_9478	6.68939757247358	3.6257260070707	5.97802202118381	3.6257260070707	6.9018449353064
lncRNA_9487	4.35254845024755	3.6257260070707	4.33867403998861	7.2448464506677	3.6257260070707
lncRNA_9497	3.6257260070707	6.21327080001137	3.6257260070707	6.37822949447313	3.6257260070707
lncRNA_9519	4.04829682179543	7.0649287853086	3.6257260070707	6.08966410398552	9.22400949153729
lncRNA_9524	6.52931663291727	8.4977766609225	6.41271231332199	10.8346943057519	5.54241553614165
lncRNA_9532	6.07078701142775	3.6257260070707	7.49159011386518	4.14721373230857	4.37816669831213
lncRNA_9560	3.6257260070707	4.34064034581995	6.2874698547161	7.35737336073431	5.46375933437782
lncRNA_9585	7.14983172833783	10.7550587514587	6.49031561647618	7.50785003209993	7.1566836210114
lncRNA_9673	3.6257260070707	6.82091650302273	4.5619779121862	6.34900732571561	7.41222388825545
lncRNA_9679	3.6257260070707	3.6257260070707	6.92010908374404	6.08966410398552	5.37974025433556
lncRNA_9683	3.6257260070707	7.03090312743325	3.6257260070707	3.6257260070707	3.6257260070707
lncRNA_9693	6.7630605691796	3.6257260070707	6.10040320986438	4.51953141844693	7.51561605645502
lncRNA_9696	3.6257260070707	6.21327080001137	6.30196177704176	6.57970920609587	3.6257260070707
lncRNA_9770	3.6257260070707	6.36905057375849	7.17372894986277	7.0794734435159	4.37816669831213
lncRNA_9787	3.6257260070707	6.35051660039338	3.6257260070707	3.6257260070707	6.64193685791493
lncRNA_9818	6.16237922411905	3.6257260070707	3.6257260070707	5.69812704888892	7.27951679703665
lncRNA_9834	3.6257260070707	6.69563719230539	7.18912851918854	5.97802140599743	4.67842982370338
lncRNA_9859	3.6257260070707	3.6257260070707	3.6257260070707	6.89224576556098	3.6257260070707
lncRNA_9868	7.64324991733255	4.77456254880876	3.6257260070707	4.14721373230857	4.59011413136583
lncRNA_9880	3.6257260070707	6.66621132357979	6.85376702405028	7.41394382070028	3.6257260070707
lncRNA_9882	3.6257260070707	6.73864988858028	3.6257260070707	4.65257606857052	6.69143736417888
lncRNA_9920	6.49497150865842	6.76661015576275	10.2023679113197	6.47590054706974	7.88165915577493
lncRNA_9934	7.47971823163918	7.08716734357441	5.38573617486654	3.6257260070707	7.67016957324006
lncRNA_9974	5.62441775839135	12.2785693995781	10.7898962191824	11.9181666396879	11.8392537466464
lncRNA_9992	6.22723550952039	5.16645993869364	4.5619779121862	9.02479567398806	5.08474600712195
lncRNA_10014	9.27769723520732	5.59539782084739	7.12650319270106	6.89224576556098	3.6257260070707
lncRNA_10069	7.897464323869	5.29942422967465	3.6257260070707	7.36456854074214	3.6257260070707
lncRNA_10073	3.6257260070707	8.01804601819944	4.62422892788014	3.6257260070707	3.6257260070707
lncRNA_10088	3.6257260070707	7.42879365381687	3.6257260070707	3.6257260070707	3.6257260070707
lncRNA_10099	7.74753264398607	3.6257260070707	4.13239402041877	6.12491358125048	3.6257260070707
lncRNA_10115	8.59994442396943	5.38040298302546	7.17372894986277	6.48930825346318	3.6257260070707
lncRNA_10162	9.97261956138006	5.8349253535689	5.90271276720413	7.25263114556032	5.50370914136587
lncRNA_10221	3.6257260070707	6.17138896861118	6.92010908374404	6.82038133485425	4.49140508973245
lncRNA_10330	4.64328911512325	3.6257260070707	8.63134076023645	3.99547154506705	3.6257260070707
lncRNA_10349	5.4837536053476	5.88850632725156	8.37780213246546	7.60205665071879	4.2423733955749
lncRNA_10361	4.92267804032488	6.87320673570484	3.98491002808782	6.65279033804045	3.6257260070707
lncRNA_10374	7.39035551779876	6.52554927399043	3.6257260070707	3.6257260070707	3.6257260070707
lncRNA_10420	5.65726779893848	6.62087965551943	6.34454280673786	3.6257260070707	3.6257260070707
lncRNA_10436	7.77598494374774	3.6257260070707	3.6257260070707	5.76822734566177	3.6257260070707
lncRNA_10447	3.6257260070707	3.6257260070707	7.84154273913642	3.6257260070707	3.6257260070707
lncRNA_10452	9.06709996515174	4.34064034581995	4.33867403998861	6.1592693445981	7.79481099064471
lncRNA_10456	4.04829682179543	3.6257260070707	7.15031224165667	4.51953141844693	5.93356591415795
lncRNA_10471	7.98531409523869	7.4965922986343	7.92631476020223	3.6257260070707	7.41222388825545
lncRNA_10474	6.95090407397431	3.6257260070707	5.73783245024281	3.6257260070707	3.6257260070707
lncRNA_10480	3.6257260070707	7.18314320904129	8.07806534372973	3.99547154506705	7.77981084693806
lncRNA_10514	9.04103213569151	3.6257260070707	3.6257260070707	6.01627617116758	9.4176395795542
lncRNA_10552	4.22123325114961	7.83418823819245	4.13239402041877	4.82091916242344	3.6257260070707
lncRNA_10563	3.6257260070707	6.76661015576275	6.56381220224388	6.24154561980632	3.6257260070707
lncRNA_10598	4.64328911512325	7.91676624070243	6.41271231332199	8.59342637408078	6.46298563748787
lncRNA_10603	4.46212918726909	5.16645993869364	6.22791988261348	8.77368594260547	5.02717046776224
lncRNA_10647	3.6257260070707	6.03737963651603	5.7810402331637	7.31342287915261	3.6257260070707
lncRNA_10672	3.6257260070707	5.69050737965663	6.63362782296577	6.68794757944211	3.6257260070707
lncRNA_10673	6.18434276689797	8.05215208856203	3.6257260070707	3.6257260070707	5.90509016385302
lncRNA_10675	3.6257260070707	6.25390568454732	5.35630731397405	6.91212372188352	3.6257260070707
lncRNA_10769	7.26513148888627	4.84049726778929	7.15816075384228	5.59828950461175	3.6257260070707
lncRNA_10889	5.9467780806957	7.1090627752439	3.6257260070707	7.2448464506677	5.19165897096265
lncRNA_10958	4.92267804032488	3.6257260070707	3.6257260070707	5.0081657419109	7.25795757148568
lncRNA_11058	6.09427276077858	5.38040298302546	8.2882228407271	5.09065139018153	8.07210407182313
lncRNA_11064	4.04829682179543	3.6257260070707	7.44115409040782	4.65257606857052	3.6257260070707
lncRNA_11072	7.5556287133731	8.23147397094691	7.55815589111565	8.3225754018458	4.59011413136583
lncRNA_11095	6.20595770907228	7.80779268197852	5.05174285784368	9.75114475596261	6.21239813113796
lncRNA_11128	3.6257260070707	4.21141176267645	6.50283783316823	7.51432726311942	6.14187631556668
lncRNA_11172	3.6257260070707	4.6269313781473	6.18149061368673	9.50299754309107	4.67842982370338
lncRNA_11182	3.6257260070707	6.36905057375849	5.75961580674311	6.64087233884597	3.6257260070707
lncRNA_11189	8.69592066738799	3.6257260070707	5.75961580674311	7.44819473967882	6.18929435198724
lncRNA_11244	8.91910516816649	8.81127429706696	8.54476515462287	8.90960751759256	5.08474600712195
lncRNA_11258	4.35254845024755	3.6257260070707	5.08990194807036	3.6257260070707	7.7023610355094
lncRNA_11277	3.6257260070707	6.10604306984236	6.52754895229496	6.61672735339922	3.6257260070707
lncRNA_11341	7.52238728315003	4.44851416604603	5.26340885147139	5.62399066924202	3.6257260070707
lncRNA_11356	6.59556598083644	8.15510421875838	5.23074196269192	5.76822734566177	9.47448487697379
lncRNA_11359	5.1903754951918	9.07688167935564	5.29519020007849	8.21963783217072	6.64193685791493
lncRNA_11372	4.92267804032488	3.6257260070707	7.95797504572137	3.6257260070707	4.49140508973245
lncRNA_11395	3.6257260070707	7.17279378501547	5.92194370674149	5.40190848088606	3.6257260070707
lncRNA_11425	5.83852569211784	8.18101422321058	4.83727571042075	4.14721373230857	7.44117197113527
lncRNA_11432	6.93828491880064	9.16508871003241	4.33867403998861	3.6257260070707	5.81578671215082
lncRNA_11488	4.92267804032488	7.6970643062994	5.95959023431021	6.12491358125048	9.58831684708963
lncRNA_11496	7.66624422170781	4.6269313781473	4.5619779121862	5.54526508742741	3.6257260070707
lncRNA_11499	3.6257260070707	4.04128012332645	6.149634555541	8.76829698690632	5.61642470301999
lncRNA_11510	3.6257260070707	4.04128012332645	8.63413884218146	6.82038133485425	8.26733102520105
lncRNA_11537	11.0465564468163	11.2148521486171	7.31370435724141	10.8481560920545	10.1353936989712
lncRNA_11540	4.22123325114961	8.26092108883935	5.23074196269192	6.56714841612025	7.46014976502358
lncRNA_11564	3.6257260070707	3.6257260070707	7.4728846274059	5.54526508742741	6.06748754086645
lncRNA_11599	4.04829682179543	8.9829219705657	8.7573051082377	8.47928859867107	9.15322053173399
lncRNA_11634	4.55771386737661	6.76661015576275	6.70012366505991	6.69947336555852	3.6257260070707
lncRNA_11641	4.04829682179543	7.4715433254185	8.77515763847703	9.04052445598234	9.72733467896741
lncRNA_11648	5.36668664546727	3.6257260070707	6.75322539790666	7.0439557879964	3.6257260070707
lncRNA_11652	9.56665023967737	3.6257260070707	3.6257260070707	7.34287319148831	3.6257260070707
lncRNA_11669	10.3551686742049	4.44851416604603	3.6257260070707	6.56714841612025	3.6257260070707
lncRNA_11688	3.6257260070707	6.73864988858028	6.50283783316823	3.6257260070707	5.13946971897814
lncRNA_11690	4.22123325114961	3.6257260070707	6.13342197216275	5.95847557672456	8.4054494757364
lncRNA_11696	3.6257260070707	3.6257260070707	4.62422892788014	5.54526508742741	7.51561605645502
lncRNA_11702	6.65881403173292	3.6257260070707	3.6257260070707	3.6257260070707	7.00933982331335
lncRNA_11709	3.6257260070707	6.97231245228281	6.65614572987411	3.6257260070707	3.6257260070707
lncRNA_11764	3.6257260070707	5.65958408601049	6.77391653788084	6.48930825346318	3.6257260070707
lncRNA_11775	6.14005499850423	3.6257260070707	5.32614007918109	3.6257260070707	7.38267664846054
lncRNA_11776	5.89375850880432	4.04128012332645	4.62422892788014	3.6257260070707	9.1090159026056
lncRNA_11795	5.40696911468873	8.42162738769814	3.6257260070707	3.6257260070707	4.96635326307305
lncRNA_11816	4.46212918726909	6.89864250966716	3.6257260070707	5.72191810296077	8.37089457661111
lncRNA_11818	3.6257260070707	3.6257260070707	4.13239402041877	3.99547154506705	7.55143291441242
lncRNA_11827	8.02730211423773	3.6257260070707	6.70012366505991	4.26271156393339	7.8022526207692
lncRNA_11844	3.6257260070707	8.05215208856203	4.33867403998861	8.47598522671372	4.49140508973245
lncRNA_11922	7.35298292953718	3.6257260070707	7.93543203635332	4.14721373230857	3.6257260070707
lncRNA_11958	3.6257260070707	4.6269313781473	5.54883695845397	5.37111094123581	9.42727080463171
lncRNA_12016	4.64328911512325	7.50484533485339	4.13239402041877	3.6257260070707	4.59011413136583
lncRNA_12027	4.22123325114961	3.6257260070707	8.29884820710281	5.69812704888892	9.73122727863289
lncRNA_12028	3.6257260070707	4.04128012332645	6.41271231332199	5.59828950461175	7.40244261257759
lncRNA_12029	4.55771386737661	4.96060319802039	7.21943631509643	7.23701895574602	7.84610924051052
lncRNA_12031	5.81001485604471	3.6257260070707	8.27033756747768	6.14220017184949	5.68635901246763
lncRNA_12064	4.79310471405068	7.30179846552899	3.6257260070707	5.12968856167094	3.6257260070707
lncRNA_12092	3.6257260070707	6.86031483883109	6.2874698547161	4.82091916242344	3.6257260070707
lncRNA_12162	3.6257260070707	8.2115020902811	3.6257260070707	6.72224466561593	8.13232663870804
lncRNA_12205	7.85810335099974	3.6257260070707	5.35630731397405	3.6257260070707	3.6257260070707
lncRNA_12232	3.6257260070707	3.6257260070707	7.58741828802835	3.6257260070707	7.75701217676922
lncRNA_12233	3.6257260070707	3.6257260070707	4.92843317949241	3.6257260070707	7.59497841722014
lncRNA_12234	3.6257260070707	3.6257260070707	3.6257260070707	6.22548247092839	8.25655240986143
lncRNA_12243	5.8664311827924	3.6257260070707	4.92843317949241	3.6257260070707	8.04101892287395
lncRNA_12261	5.36668664546727	5.06835311464471	5.9409000973925	7.97460794536871	9.76579578404516
lncRNA_12265	9.49379865587497	7.2337900519206	10.4325714207843	7.2448464506677	10.2014171607274
lncRNA_12297	3.6257260070707	3.6257260070707	3.6257260070707	4.51953141844693	11.0865658615594
lncRNA_12333	3.6257260070707	7.81443725704063	5.86339193567221	7.08821562586831	7.31125599282554
lncRNA_12357	7.26513148888627	5.5620441141335	8.43349496625982	5.81294563261261	3.6257260070707
lncRNA_12371	8.26636829790005	7.6970643062994	9.04271624871133	6.97957417956905	3.6257260070707
lncRNA_12377	4.35254845024755	5.45629713293347	7.56993277288849	6.07168852996706	9.11796595526991
