# Position (bp)	A	C	G	T	N
0.0	31.668745771498376	21.948648694542943	14.68205221778974	31.697879693658493	0.002673622510448592
1.0	30.38001774497308	23.888677209227936	11.621611323389637	34.047018346736834	0.06267537567250674
2.0	32.55694813148823	22.877841375952148	11.335178873517373	33.22725445452543	0.0027771645168193243
3.0	28.18853886703307	23.288258382371854	11.452020710684794	37.066428622288086	0.0047534176221980095
4.0	42.645245060590156	11.501149993491405	12.895888243944697	32.95205491312809	0.005661788845655841
5.0	43.47608682811018	11.803646565887197	10.69897257114044	34.01783181404375	0.003462220818428928
6.0	42.0556875103591	11.642322523096388	10.266305227081444	36.02842168748106	0.007263051982016197
7.0	41.764263216406725	12.704709402754819	9.754217246330452	35.77321302923803	0.003597105269971342
8.0	40.89067147304556	11.720970232702992	10.431366296772456	36.939587425737855	0.01740457174113876
9.0	40.08104406341459	12.484524807618111	10.599996487407394	36.831293121117966	0.0031415204419401183
10.0	39.60023752200449	13.676653179378198	10.718638836112627	35.996871598610106	0.007598863894569925
11.0	39.43364794842484	12.9816059136836	11.05562553067377	36.49101099232163	0.03810961489615974
12.0	39.62711366873921	12.052144582744353	11.556913240630514	36.7613642081343	0.002464299751623435
13.0	40.14154169883418	12.056780466197155	10.819417110443041	36.979790827908786	0.002469896616832664
14.0	39.398507470522176	12.140004172798825	10.68909522341919	37.76999039902548	0.0024027342343219183
15.0	39.40431141974415	12.732141877891333	10.90959660112674	36.95135035734809	0.0025997438896867716
16.0	39.910500304564614	11.989626478984224	10.949198899974203	37.14634626061066	0.004328055866296621
17.0	40.27558046404348	11.80119178080643	10.868759074127603	37.05204971587905	0.002418965143428682
18.0	39.882375497201714	11.956320653497146	11.21597236079905	36.94293267207341	0.002398816428675458
19.0	39.47313215341639	12.152891514629596	11.242684519383136	37.12896743444949	0.0023243781213927155
20.0	39.322984884859586	11.927909380301873	11.278967679928076	37.46774344022089	0.002394614689563982
21.0	39.4585783888112	11.840647427738107	11.311938526211874	37.38648889526735	0.0023467619714768887
22.0	39.49716498281709	11.875215224180318	11.27700881318715	37.34826385589918	0.0023471239162671832
23.0	39.73070985837741	11.489782001287981	11.276286675668212	37.50007084142204	0.0031506232443507575
24.0	39.825846488580964	11.496936500232808	11.35518572626973	37.31539329880094	0.006637986115557844
25.0	39.82101083142599	11.541946117694808	11.293370156961393	37.34149464403201	0.002178249885801552
26.0	39.72569950433164	11.43482377999701	11.19229402490189	37.64462784653233	0.002554844237131889
27.0	39.60293875121623	11.489037815178976	11.215960917824091	37.68559677562384	0.006465740156859395
28.0	39.47876581097377	11.529781763566268	11.260192337882557	37.72906897843207	0.002191109145337941
29.0	39.42376350485814	11.31047093761673	11.160215506188825	38.10271086137786	0.0028391899584561983
30.0	39.22225654302898	11.491908176222156	11.206692371280838	38.07679086770403	0.0023520417639967357
31.0	39.19493034039896	11.538445674987434	11.232728951625893	38.03160183164807	0.002293201339638661
32.0	39.32280674615511	11.333563323461059	11.237120676582677	38.10436132193727	0.0021479318638892193
33.0	39.20714246169531	11.347582291172474	11.224037930553248	38.218565180226726	0.0026721363522378386
34.0	39.24266984336988	11.384327357805295	11.219240792787339	38.14501315937589	0.008748846661585834
35.0	39.29312771407073	11.138360570382623	11.187861437066944	38.377525672812986	0.003124605666720482
36.0	39.19104305923849	11.295976292405278	11.251327447378499	38.25250585889579	0.009147342081949759
37.0	39.09164670698045	11.390388714441874	11.237515423938875	38.25314531554275	0.027303839096051302
38.0	39.09777086638792	11.252792812204998	11.17971027913927	38.46753291923644	0.0021931230313755198
39.0	38.954833350698806	11.254647046482232	11.236217479178654	38.542518781972554	0.011783341667755647
40.0	39.06993248426643	11.298191069549365	11.271744913006605	38.358249812644786	0.0018817205328081424
41.0	39.06264795367584	11.1494099530938	11.184338812578405	38.60157191473853	0.002031365913423837
42.0	38.948787789176016	11.22951268474469	11.181173415841343	38.63830533531342	0.0022207749245302067
43.0	38.9482749758951	11.244164685213484	11.196810569125777	38.6085385304284	0.0022112393372345066
44.0	39.05734857974444	11.028178897462078	11.164146706993842	38.74831813125138	0.002007684548262837
45.0	38.86964157400547	11.137637742605671	11.189526085751341	38.80108905088981	0.002105546747712178
46.0	38.798951173674965	11.267511444400714	11.191668599138897	38.73981414945696	0.0020546333284608507
47.0	38.858204322557995	11.089350523347957	11.170700394429389	38.87963281545112	0.0021119442135456843
48.0	38.81382459762504	11.178108982919637	11.287274134973492	38.71880458257603	0.001987701905794737
49.0	38.7520624080954	11.201289390787242	11.296965171477826	38.74725057954524	0.0024324500942912003
50.0	38.783398475126795	11.128657021688849	11.235541056209803	38.85025019029028	0.0021532566842706216
51.0	38.68770588839169	11.174819039751805	11.28187812846186	38.852622467419465	0.0029744759751807867
52.0	38.78849972093772	11.164993294614192	11.278637422319566	38.761334371685834	0.006535190442681529
53.0	38.74913170572282	10.994071463308279	11.212349553059784	39.04217473424889	0.0022725436602281223
54.0	38.68282891858446	11.089824051027412	11.242362397290913	38.98218430153892	0.0028003315582864796
55.0	38.63097932029112	11.099962892893931	11.275053451016689	38.99174512247099	0.0022592133272769576
56.0	38.69642912483521	11.04168411151514	11.262066824579984	38.99766544782322	0.002154491246433497
57.0	38.52804872753081	11.140958525637672	11.298320954149027	39.03049313474148	0.0021786579410189616
58.0	38.48616092101679	11.191989371675838	11.33037573914369	38.9889451232303	0.0025288449333838088
59.0	38.5578984456749	11.017942650933895	11.310686763711477	39.11069981209982	0.002772327579908562
60.0	38.53060589453509	11.079838704200434	11.399619119203704	38.97032767836522	0.0196086036955436
61.0	38.442793094840475	11.189183640618781	11.364266824666617	39.00079075396907	0.0029656859050534987
62.0	38.456264328276845	11.046249230773798	11.297775105726894	39.197429433241545	0.002281901980916475
63.0	38.459957524675445	11.039917846754243	11.340475404079884	39.15722171500421	0.002427509486209387
64.0	38.54435060863272	11.037331116292602	11.390961881092561	39.024382240552015	0.002974153430104224
65.0	38.50839212296039	10.958480045658561	11.322187741728394	39.20853618136867	0.002403908283980723
66.0	38.36951765757142	11.096169936595434	11.360385409043545	39.17072951607427	0.0031974807153275528
67.0	38.44037075339093	11.03883206780229	11.408985889868365	39.107486518905056	0.004324770033360055
68.0	38.45285133737108	10.960868568689737	11.435766759681302	39.13856146149663	0.011951872761253937
69.0	38.304844732766135	11.040876231131898	11.454388048756172	39.19704606505975	0.0028449222860463795
70.0	38.290227974198096	11.159682107623533	11.459573826058692	39.08542668419683	0.005089407922847039
71.0	38.261978699756334	11.003873041696679	11.470434127092188	39.2417304818117	0.02198364964309953
72.0	38.34191664387323	10.993207671195911	11.510013715486531	39.13262543316679	0.022236536277537126
73.0	38.300487599778485	11.042010749434883	11.500749840067378	39.13548983743172	0.021261973287536394
74.0	38.310434981551154	10.977498002718383	11.455700191510678	39.25342605032986	0.0029407738899259236
75.0	38.22454512673593	11.002759896457924	11.500591821650785	39.25886229559373	0.013240859561632672
76.0	38.27945470634535	10.99510393071672	11.530141778551469	39.19265585544779	0.0026437289386713613
77.0	38.27846011725332	10.889135155596547	11.490388060158303	39.33350653483477	0.008510132157069526
78.0	38.13590331131181	11.021351585840177	11.538086849802488	39.295707131145626	0.008951121899901026
79.0	38.117209550140295	11.039401958474446	11.579601149318307	39.221224417784725	0.042562924282224045
80.0	38.17845856519494	10.936306221236007	11.61664974229973	39.261451039627936	0.007134431641384762
81.0	38.12243945530976	11.005806332300699	11.605110134384137	39.26373236251272	0.002911715492688564
82.0	38.11911282575934	11.008463260340076	11.603162804588445	39.261867053980225	0.007394055331918788
83.0	38.1635218550265	10.86536302030548	11.596822672717616	39.36918903754428	0.005103414406125281
84.0	38.1497710912958	10.910459760059867	11.646979294227727	39.28934785091749	0.0034420034991177943
85.0	38.118639685914076	10.92222456428903	11.613299618239994	39.3437895613022	0.0020465702547024737
86.0	38.086894008469706	10.887884157725573	11.572656935494471	39.44991631858752	0.0026485797227344056
87.0	38.03611712816878	10.895115404543855	11.649546972211509	39.41694303932407	0.0022774557517831044
88.0	38.03183971830945	10.962282449383181	11.716752949570916	39.28703642050655	0.002088462229894471
89.0	37.98880103484844	10.877030886934481	11.730407702355622	39.40080946913336	0.0029509067280951867
90.0	37.95706255388065	10.941501952061829	11.762970062815134	39.330101361496745	0.008364069745648375
91.0	37.98918614706607	10.893149451903362	11.803162108030266	39.312245753442184	0.0022565395581137225
92.0	38.01759349598719	10.80585644334979	11.805813768220037	39.36838339830197	0.0023528941410059425
93.0	37.92473098220228	10.857809079676068	11.805683143369924	39.409741013990555	0.002035780761174193
94.0	37.90299860359146	10.859589687729112	11.79738434068544	39.437950045979306	0.0020773220146763313
95.0	37.91033523120062	10.759969661985034	11.786682936058217	39.54072457174323	0.0022875990128977106
96.0	37.89659558917798	10.79841632082518	11.837951949065268	39.46468329141311	0.0023528495184631073
97.0	37.83255652770626	10.858670497447248	11.841479487226158	39.46508223640349	0.0022112512168465702
98.0	37.76674815282014	10.818659034205533	11.868216491566676	39.54184106275653	0.004535258651117253
99.0	37.760984394679355	10.828187088557224	11.947140776113335	39.460897565556145	0.0027901750939402503
100.0	37.80127500118879	10.81515054234592	11.994581744956088	39.38659063000455	0.002402081504645895
101.0	37.790782795191504	10.734242741196995	11.975081922533048	39.49711048337574	0.0027820577027158
102.0	37.7452145430098	10.773943299219644	12.003995907249564	39.474868141121355	0.001978109399634959
103.0	37.76872223937957	10.718127093608977	12.017254217277305	39.49387575178165	0.0020206979524922688
104.0	37.77642548831579	10.660478484348298	12.044895132184493	39.51576312723641	0.0024377679150082527
105.0	37.695937351377204	10.70671415099602	12.040045720424104	39.55514199327026	0.0021607839324106785
106.0	37.64821066007329	10.742722307170496	12.043541898426504	39.56318219708157	0.0023429372481440455
107.0	37.638425912997256	10.655048800604439	12.104349495249783	39.59973028157408	0.002445509574437408
108.0	37.60090655637528	10.715936853421717	12.176865454798685	39.503358493573124	0.002932641831191516
109.0	37.53363163983822	10.71408676762117	12.193797830849427	39.556301392330504	0.002182369360690585
110.0	37.494274899910565	10.679140599093298	12.236044113303462	39.58773450184961	0.002805885843066028
111.0	37.48318736956744	10.653843669595414	12.281400892223488	39.57499608346358	0.006571985150082246
112.0	37.54671703411269	10.621730795222001	12.323507322707606	39.504209218044565	0.0038356299131431662
113.0	37.489323547179026	10.583299326668028	12.31925842307612	39.56014495474972	0.047973748327113055
114.0	37.43289078411438	10.60797701497391	12.329010452867397	39.60113265985669	0.028989088187629367
115.0	37.445251690095105	10.615026881572163	12.339426446431682	39.59717126242975	0.0031237194713036663
116.0	37.375706949942604	10.546550642267368	12.417630560640745	39.628258534136826	0.031853313012461096
117.0	37.34823772273458	10.603555641133976	12.435686829847375	39.61039510990727	0.0021246963767940583
118.0	37.25235444469783	10.665502140344705	12.47969329583982	39.600099517012694	0.00235060210495463
119.0	37.24617734578335	10.557111994358772	12.548537789164332	39.646005282915475	0.0021675877780708936
120.0	37.27364974139058	10.54769844646452	12.593987981784144	39.581990886703146	0.0026729436576111753
121.0	37.29077665607303	10.504259142527482	12.567300799723732	39.633760718578976	0.003902683096785218
122.0	37.20498841272229	10.460677009234304	12.627624032611367	39.704255998004065	0.0024545474279707353
123.0	37.12645186851272	10.446446120458944	12.678717661187006	39.72681500581452	0.021569344026809406
124.0	37.10603671448469	10.456898718301384	12.687703616596188	39.74639289129945	0.0029680593182790454
125.0	36.99529750022252	10.425302478694071	12.703152141683438	39.873035713547715	0.0032121658522497464
126.0	36.94791988012004	10.480978318462158	12.751301669386573	39.7978760397852	0.02192409224603023
127.0	36.980517034725864	10.470273109379692	12.797942252957583	39.7479222471546	0.0033453557822636587
128.0	36.96183846185242	10.417424086736107	12.951832737953692	39.666725622020756	0.0021790914370201564
129.0	36.9251836324312	10.436244997473567	12.972072027431636	39.66447753397674	0.002021808686850173
130.0	36.97798864905237	10.396011151671978	13.08151975922046	39.54239923662876	0.0020812034264271547
131.0	36.86629662451429	10.335880487247442	13.174340339850566	39.62143999740864	0.0020425509790550325
132.0	36.75609271143482	10.329134062399644	13.15317765101196	39.75953091113746	0.002064664016121401
133.0	36.7866265144593	10.240073989940543	13.069523877051479	39.900743243936255	0.00303237461242462
134.0	37.007577884519804	10.1883631562277	13.121517459517895	39.670886011542464	0.011655488192140014
135.0	36.73986129929481	10.214314260579158	13.62667660009963	39.41635008107761	0.0027977589487921607
136.0	37.15857373165686	10.11421852330359	13.29412513299271	39.43055400033355	0.0025286117132918137
137.0	36.631333030232334	10.191168096971392	13.18069837909441	39.99464235611228	0.002158137589580743
138.0	36.37210548284859	10.776017255003628	13.216480109082184	39.63070432862557	0.004692824440025733
139.0	36.254682644012675	10.25690903702803	13.969608355592596	39.48706176510934	0.03173819825735855
140.0	36.14423593295894	9.997656035268696	14.274418926575091	39.56344911045376	0.02023999474351532
141.0	36.78785276457105	9.951216846448196	13.419737180206587	39.83338489316966	0.007808315604505967
142.0	36.78879641559518	9.85986297204949	13.088170828509032	40.22437468799247	0.0387950958538221
143.0	35.99032129163423	9.568816400404035	13.784205603781114	40.654308825479305	0.0023478787013221343
144.0	36.25816945140732	9.78831657381331	13.269514196109263	40.66330468416835	0.020695094501754024
145.0	35.01755459724633	10.05625294969993	13.395256999555777	41.52870489063625	0.0022305628617180673
146.0	34.64074259347705	11.337385487665449	13.405698499856248	40.61097577430704	0.005197644694206349
147.0	36.21538368138957	10.629204829733428	19.686800847329604	33.46600475178334	0.0026058897640650067
148.0	34.15704214175143	10.409439121868752	19.212934258586177	36.21532663717632	0.0052578406173247536
149.0	35.46073932299267	10.539026534988947	19.327972772543216	34.61901957513479	0.05324179434037224
150.0	34.04300934342249	12.316898880061043	18.624215816426975	35.01587596008949	0.0
