1723
1646
3202
3172
1389
1832
994
1495
1835
927
940
763
743
1835
3169
1835
780
1399
1835
1725
758
1603
1725
948
781
2709
3081
1741
901
1373
1148
1745
2893
937
929
1738
3111
3232
1031
946
597
1246
1713
3216
848
1806
1739
2959
1841
2719
1551
1739
1651
2370
622
1821
626
680
2414
1617
1548
1750
1471
793
941
1015
656
906
1989
1179
752
1656
1667
962
1579
1837
599
2564
651
847
1635
1787
1576
1888
2122
1484
3182
3229
1678
622
1504
764
1764
3207
1764
1816
1764
2069
1604
1097
2799
944
1622
1764
871
3136
2992
946
3200
1785
2543
1835
1690
1520
1700
655
830
821
3202
1506
1760
782
921
2302
3177
740
877
1531
1830
1610
847
804
3135
2867
2068
2096
1528
1158
1724
1751
2592
1711
1237
2708
1642
1806
888
2084
2979
1823
1238
934
1711
1508
706
1376
1650
3028
607
1113
2889
3119
1324
1485
1665
1727
773
1474
1727
922
1672
2770
1641
1782
1938
1817
3118
1749
1874
1596
1848
3220
2392
2487
886
1732
3199
3092
1808
892
1400
712
633
1804
1033
1846
1290
938
3178
1423
953
955
3202
728
806
874
2792
3158
1762
918
2709
1641
3228
2472
1340
1650
3059
1423
1114
1363
1262
2694
956
1936
1479
1638
1276
1143
1040
957
1230
1631
1741
968
671
1761
1116
3027
939
952
950
671
587
939
964
1686
1221
923
2320
1730
1620
2632
1439
888
1454
1160
949
661
2969
1528
964
3149
3194
1763
1138
1221
3096
2878
3052
1722
1286
640
1835
2449
2908
2997
1631
1847
2483
885
1527
1452
622
2265
844
3202
2904
916
3186
1835
3219
1527
987
3228
1050
1613
729
961
938
1705
1164
2823
1748
1704
1361
599
684
774
1835
1740
874
1606
1764
1036
1017
3214
2689
1696
1649
929
1737
1483
1878
1169
778
2471
887
1164
1490
865
1826
3202
1051
1976
1835
1143
1581
1643
2235
2976
946
1617
1152
3166
767
668
1721
1840
2868
1544
1838
1449
655
665
2635
1094
3226
1761
964
1679
970
3183
1124
3016
1764
1690
1759
2898
846
944
960
837
648
1202
3104
3117
2210
3039
957
890
2812
2404
1394
772
2355
1591
897
1780
1662
1325
868
1346
960
944
1821
1092
2563
1650
951
1686
1769
758
985
953
737
856
791
1844
845
2737
2689
826
1383
1171
964
614
1716
924
3024
3202
1884
2898
719
843
3053
1733
2172
1690
784
3148
2551
2853
1810
1705
1230
1149
880
2183
940
1719
866
1541
1213
1523
885
2648
1987
1718
1268
737
2709
987
1116
1165
1511
2028
755
3236
2643
1741
2240
1014
734
788
1898
2540
794
3177
3067
1733
3187
923
1374
1259
1171
943
929
2045
1718
1780
1553
3026
1229
2428
2590
765
1321
3202
1520
937
1725
1450
1667
1601
1653
784
896
2109
1775
679
3193
1721
651
1700
993
2607
1828
866
1863
1054
2528
1359
2059
624
2887
984
1766
3242
3177
917
3203
1586
1613
2747
3166
1757
1115
2033
1761
878
875
1475
1828
588
2492
864
1113
742
1667
1025
1695
1860
3148
2063
876
1830
2471
1735
825
1564
2207
1469
1598
733
748
1779
728
672
940
2892
726
2543
767
1520
1040
726
1033
3176
1077
1642
1980
1783
3185
979
847
894
987
628
751
3010
1073
2970
1503
1609
3077
1988
1297
1835
1229
927
604
2344
1839
2923
1679
650
892
952
3206
993
994
2340
2870
863
1764
741
1202
1836
2709
877
1152
2330
1767
1988
551
924
2072
1746
1423
934
1662
1123
1661
3203
1040
1564
1707
1947
1010
1343
980
2297
877
2895
3202
1040
911
1429
1194
2058
1067
2085
1801
1603
1603
2669
2358
1601
1719
2187
1810
1930
863
1352
869
949
676
1126
1647
3218
1463
1283
1788
1681
1232
3202
3186
1475
2950
969
3066
1605
1409
3061
2941
2783
1825
1370
1866
2239
879
2882
686
1790
1780
1795
1572
1790
1172
861
896
2742
1040
3213
829
1210
932
2424
1618
616
926
1011
728
2700
1129
2999
2734
1858
2709
3198
2495
3058
2880
2759
1026
1619
1433
665
1595
700
1759
3190
1757
1517
2017
2405
813
1731
3198
3216
1153
1736
1314
1293
960
1402
2100
939
2886
1206
2709
2046
1772
2071
2342
1886
637
1732
743
1707
1835
2810
1754
991
799
805
1145
718
757
1652
1795
888
1789
867
3215
1150
2863
2844
881
978
1670
564
1807
2663
1826
968
1764
1487
1025
979
1087
924
3216
963
1364
1764
2035
1175
2743
1542
716
1081
2473
961
1030
1675
2187
1422
2963
2406
942
825
2805
701
668
1666
3196
1767
3045
629
1810
1703
1580
3174
907
1679
868
708
2620
1623
849
1008
3047
1302
1753
2860
737
2967
3221
1369
951
856
1432
1584
682
785
1604
1835
755
1192
1780
1807
1056
1517
959
1083
2709
945
864
2709
841
3202
2297
1612
2654
1700
1731
1690
3182
1537
1764
2234
1627
3202
1287
667
1222
939
966
1828
1651
1726
898
2320
940
1650
1862
1812
1630
2709
944
1845
573
874
851
1588
1758
1952
989
792
2114
1421
1366
886
936
948
1502
1407
1354
3123
1602
3074
1759
737
983
1259
1775
1464
3225
2416
1849
3136
2709
1098
3197
1835
811
835
1366
1712
1557
844
810
864
3093
977
905
1027
640
2177
3218
1791
1765
971
1374
3182
1083
713
1827
695
3202
1189
1835
2673
2398
2493
2397
1149
699
3215
666
923
1764
2978
2285
1590
1835
1764
788
3139
1597
3231
2905
2559
3133
1783
1784
1365
1140
708
1696
2004
1125
1840
838
1807
1610
744
2946
1787
2313
1831
1811
3026
1748
1757
983
757
1684
1673
1687
618
1770
774
1695
1308
2709
1863
1764
3034
1835
1715
3165
3184
2558
777
1550
2282
1814
2367
1757
1688
841
2294
2228
3172
3215
2345
954
1808
1374
1835
1393
1660
2452
1622
1088
2574
1470
2413
913
1596
933
1714
641
1457
866
1129
3077
690
3028
3205
3204
661
595
933
947
2664
1299
3092
1041
3150
1501
674
1487
783
3173
1151
3103
2891
660
1764
821
2683
3177
1622
1709
1110
757
1777
924
2864
968
1482
1836
944
985
1556
932
1644
1097
903
911
826
1715
1272
911
775
2633
3156
3220
1605
2724
1086
1630
2896
2630
1833
1118
1728
932
856
1582
719
1879
2175
1383
1717
1827
3202
1380
1933
900
1499
1019
1725
1196
852
1382
826
1767
2678
2709
666
1532
2288
1037
815
985
2189
818
2466
1974
1349
1636
1577
1409
2865
1372
2974
1729
1986
1676
1927
3202
2709
1809
1546
2497
2243
1746
867
1801
793
2131
1505
2882
2886
1439
877
975
662
1718
595
1537
1470
1772
686
1525
2499
2161
614
940
1682
1597
936
1791
583
917
1812
3107
925
3125
1456
2905
914
1849
3222
3177
757
1715
1346
959
1764
1205
1726
1351
2621
1371
1982
1603
3202
656
1835
1610
667
955
1114
1231
1274
1603
1729
1498
1717
1612
1431
1764
1936
3202
1148
1615
781
2007
2136
1956
1703
2851
1066
1640
933
1591
3202
2741
1571
1787
1635
2873
1327
1723
2169
912
831
1308
952
2852
1702
873
1241
1752
2349
802
1803
1113
772
1104
3229
724
3100
1822
1139
1342
1285
1694
3196
1243
779
1297
800
1543
2120
1501
1742
2785
924
2165
1830
699
973
1538
2763
1750
1362
1144
1165
2281
1924
1625
2687
741
1831
654
758
646
726
945
2338
953
1188
604
1470
1556
1416
1348
1226
1270
1651
1594
1781
1192
2794
820
903
1047
1253
1805
1562
1652
867
1146
2674
971
1764
1469
1357
2149
836
2742
666
2966
707
1437
1431
2270
2544
1346
980
3208
1540
1779
690
1037
913
1754
1530
857
1145
1619
1464
1052
2215
771
1668
1764
972
1695
1689
843
862
3202
1701
1740
684
1490
693
612
2988
2709
2712
637
3162
3010
1768
691
2799
714
1761
1383
908
1835
2902
1800
1779
1725
2224
747
1799
1052
1723
2751
1397
2690
1718
3197
1844
919
984
922
928
1255
3241
1064
843
3167
1969
719
934
841
532
2989
1623
1434
3031
2417
901
1646
1016
832
938
1519
3090
665
917
2682
1747
861
2770
1122
2900
833
1922
1725
1780
740
2267
2537
1764
868
839
1505
2092
3018
3184
2975
2501
1742
947
960
729
2416
1437
1669
689
1825
2236
2709
1721
1570
1631
1641
2904
1764
820
950
1229
951
1416
1755
1965
758
753
1010
646
718
1174
2717
2017
1811
762
2328
1448
831
853
1928
1480
692
1629
685
1743
1630
2478
1736
1828
1762
1765
883
1763
902
643
1778
1776
2607
1067
1550
1764
1434
677
1103
2069
2711
1322
1791
1874
1816
2380
1877
1930
1837
871
732
755
2765
1113
972
1826
1670
1372
964
771
1263
897
1764
1446
1165
1528
1402
1336
2480
953
1177
1490
1502
1767
1319
1904
924
1687
694
728
804
793
1738
2471
1611
685
1858
2811
1669
1922
793
1642
3086
810
1465
1939
692
973
3104
1658
1906
911
3202
1055
1893
1250
940
1835
1417
747
1396
1503
1531
2442
1048
1539
2109
2709
1587
1128
1501
3067
3225
1357
758
1150
674
1833
1791
772
1035
1405
1138
1761
1569
1561
1653
764
882
592
1942
869
1001
1845
1156
1835
1403
1726
1083
799
1957
1791
3017
824
1860
1476
1361
463
1009
2971
641
927
1379
2509
2165
1784
1061
732
3195
2304
1321
1571
639
2869
855
817
1603
1770
883
1803
980
2701
618
834
1679
3202
3170
1795
1642
1865
850
1210
1067
1066
951
2928
1732
1836
2248
2323
1710
1271
1530
785
1783
1041
876
1604
1342
1828
1499
1372
1721
833
2591
1158
3135
1665
2842
1537
860
958
1198
2709
1619
1068
1341
918
1410
1767
777
1397
2046
922
1833
3202
2611
2787
3247
796
1615
562
1656
1679
1427
2537
1296
770
1605
1626
1459
1417
1644
1397
1505
2050
893
1828
900
1742
2787
1002
1162
1517
2545
3210
3232
1358
927
2709
3253
1725
1358
916
713
881
1686
1822
1930
739
730
1870
750
2171
915
1485
928
767
1387
991
1757
1460
1764
668
941
1104
1762
742
718
1237
1634
565
1177
624
1796
832
1781
572
980
2868
1797
2120
2878
1717
1593
3229
842
1453
2463
1793
1705
2882
1830
1959
1749
2417
1880
2579
885
845
883
1223
812
1282
681
1688
1476
954
2459
696
801
906
1701
703
3202
2897
1805
1762
1648
1830
1683
1642
1046
646
813
1200
1770
1163
1187
1478
1480
1045
3197
1584
1708
1755
1499
1483
1101
1842
985
1612
750
1754
1632
1807
1867
2810
3198
1804
2949
1795
2938
1490
2648
600
839
698
3202
931
1418
1773
3202
1523
1526
1735
767
1724
2234
1970
1865
826
1295
808
1463
1055
1230
2805
3144
1766
1777
1068
683
908
3091
1670
1109
1947
1728
1415
638
2830
3202
2742
720
1274
908
1464
1358
1004
3072
3210
1525
1601
1813
892
1434
2005
3202
3203
1188
869
813
2019
1892
1770
2909
692
944
1022
1728
1405
806
926
1220
3141
3141
1401
887
1869
3202
1553
1748
1400
958
873
1910
1565
971
781
1568
1465
1286
2417
2247
2578
1834
1665
682
951
1402
1464
2240
1481
3225
1162
2488
2505
1026
1603
1193
2847
1976
1015
1771
1408
2337
1704
1666
1202
985
1954
1835
1533
659
1670
1509
1286
1404
986
3108
3188
1810
1647
1878
1872
639
993
1729
955
658
1335
1835
2077
2491
799
1552
2961
1842
1615
1665
894
1351
1617
622
2821
1312
2059
1701
1687
1701
2523
2612
817
3168
1402
1293
979
1733
825
1377
793
927
1815
2508
1698
670
933
689
630
931
933
1582
2628
1765
1468
2109
1720
1583
1606
982
978
1094
2310
1720
1764
1215
1520
3247
907
2645
1777
1671
1724
2669
2789
1982
2107
2010
995
903
2580
1627
1480
1513
787
903
1835
2967
3197
1524
2244
1171
910
774
3235
2795
1172
1883
806
3202
1043
1076
1451
1679
1574
1496
2174
1354
1129
3203
2660
2898
1279
1935
1325
1599
1373
1409
3194
996
975
1157
1273
1409
943
1537
3230
1934
962
1721
1571
2998
1211
1167
1641
1695
3109
2458
681
1736
1106
1539
1388
942
3196
1100
1941
692
2319
1966
1495
1804
839
1603
1599
571
1850
1530
744
964
1191
1019
2206
2089
3092
664
820
1443
975
2019
832
1463
783
1764
3187
3155
2490
1803
2767
1663
850
2652
3224
1810
1238
3022
3119
2709
781
2058
1893
2208
2377
1737
961
3202
1016
1024
1023
1737
2046
637
1522
2750
967
683
980
930
2877
1693
1884
1997
688
1460
1795
942
2592
3202
1835
1598
1726
603
701
2634
700
960
1060
1035
2275
1207
772
571
2864
946
3155
949
603
1714
1636
1584
2442
704
3202
1819
3033
1598
1683
1743
1752
3065
1818
2804
1825
1780
896
758
2307
775
919
1936
1666
3200
2402
3041
2887
1769
3063
1066
2709
1580
2274
1678
907
1603
3088
2108
1649
1457
888
2299
1817
886
858
1754
2669
827
1669
1524
2557
673
1501
1143
1006
2680
1383
1381
3210
974
1001
3150
1885
1169
850
832
731
1021
790
826
1081
1183
1914
3202
1121
1609
827
1716
1222
1640
840
1600
819
2461
1866
1818
3086
1829
1624
1886
3156
1651
1545
1648
706
1349
1601
1476
1765
1725
2296
2797
1217
1716
1959
1788
923
1729
2116
1623
2247
1232
1873
2798
2960
1901
2957
1136
951
1062
1372
2954
2712
888
2838
2726
778
1759
949
1533
3016
917
782
1852
832
819
1565
3203
801
1764
1457
1810
2260
912
1742
1786
907
2612
1193
920
1612
1123
1738
1041
2658
1780
779
1765
931
2729
1819
898
1751
1699
2710
2999
1554
1404
2106
1655
1606
899
1828
2859
1655
1577
1680
685
834
1790
1694
1904
1852
956
1722
1174
940
916
895
1999
787
3211
795
849
1657
923
853
1099
3211
2635
1030
926
1595
1093
722
853
984
1594
1708
639
1482
659
918
1619
801
1097
910
847
2380
2480
2740
1369
815
958
851
1304
1781
1468
1570
2824
801
1079
1785
2120
1779
3027
2020
2060
1369
2707
1264
943
1104
704
919
958
1829
1151
1603
766
1464
1791
1280
740
838
690
799
3227
1453
1592
746
916
2635
2957
3202
839
705
1928
3202
1764
2729
1778
769
915
1508
2996
2587
738
1470
902
1003
1824
1506
1592
1762
841
2745
1835
1090
2762
1638
1632
2697
796
2776
1636
1502
1426
1585
2741
1780
3118
3202
1162
1009
1584
1028
847
1663
1236
911
1718
1253
1116
881
2076
718
1457
1721
3218
1564
1628
1751
1701
1823
1652
818
1348
1715
923
1337
743
1117
954
1685
1835
1782
1969
1764
593
3168
1904
2979
1449
1641
918
2238
3204
1791
892
1782
1754
1687
1095
3212
586
2736
1634
3202
2951
1434
1659
937
1217
1840
788
1785
1590
1645
1715
764
1807
2501
2899
1838
1056
693
2121
1142
1544
748
1935
839
1751
1840
1788
921
1308
2259
827
580
1102
2824
1051
2956
1267
1398
1768
1525
583
1457
2191
1672
854
1764
2196
792
1764
1877
3213
2285
1933
1680
2692
3085
661
1753
891
611
741
1827
1835
708
1110
2436
830
945
1650
1497
2543
2845
3202
3202
2257
770
937
860
1088
1896
678
661
1062
1715
1503
1721
983
885
1071
3106
1636
1082
1053
1936
868
2600
2694
3201
2274
1763
666
1427
3202
2523
2140
1552
1645
847
866
1070
3202
1594
2767
2104
1661
1760
1921
2646
1791
973
944
587
728
3128
665
1435
2758
818
667
2176
1613
1835
935
1683
1846
1853
1731
1853
1474
2039
2829
2599
901
905
891
1387
1173
1966
1006
936
1835
3211
1712
1767
789
1238
1669
3221
1641
1762
2163
1172
2673
1082
1835
1080
3202
1895
2580
2964
1541
1257
1293
3031
1498
833
769
2742
2870
995
1074
1593
2632
2846
3196
1726
1894
638
813
1555
1083
2663
864
878
1762
891
1751
1566
1487
3024
2860
1899
3201
729
1163
998
2472
2816
1835
971
772
1835
3000
1772
1769
1821
1398
1729
3169
2891
3154
2823
1526
818
3251
2380
1811
1829
1464
1742
1723
2709
1903
1890
1385
953
1330
1720
3232
1541
854
2895
2968
961
1084
847
1721
1782
1170
3097
827
3215
1764
1951
762
1070
1739
1883
1479
1034
834
830
3233
1382
1723
2401
705
749
2603
2560
1395
710
1673
2918
1413
1811
2911
1105
680
958
898
1246
3202
3117
832
2505
3128
3192
1582
1592
897
1799
1068
3202
2514
1799
3050
1297
1734
1762
1722
902
985
1616
1137
1338
901
892
1830
967
2211
3202
1864
857
1709
1355
853
992
2494
884
2274
1456
1298
2155
2632
1672
1125
952
1835
1264
1888
1741
698
887
944
3070
2846
1722
1792
3124
1332
900
856
705
1081
3080
1703
1319
1753
1640
1771
819
1616
994
3038
2075
938
769
1119
1440
1743
1581
2060
1269
1067
647
1678
2987
736
2816
2830
1596
3142
1803
1116
3202
1651
3104
1764
1753
1853
2275
1731
488
803
1082
1634
2630
1594
717
1927
2161
1604
2726
1858
1676
3182
1686
2216
1596
969
934
2709
1706
2471
643
1278
634
565
670
3227
3202
2262
2767
1610
918
913
3030
999
966
1761
962
1742
1029
2312
2409
2709
3226
848
843
943
1676
1764
2709
1174
1429
3024
1081
2658
1080
3162
3087
1432
778
644
1420
1826
1674
1189
2709
1547
1591
844
1737
3080
2747
2887
3127
659
929
1427
2873
2771
1246
1722
1681
1435
744
1671
1764
3233
1517
2648
1071
1670
1303
705
2618
1830
2750
1235
2686
1820
777
1497
3197
913
1764
835
949
844
1096
1363
1119
662
659
777
708
3154
2513
1766
1161
3191
757
673
737
1170
943
3049
2944
714
2244
2749
704
1372
836
1716
789
847
777
1458
1452
3202
1773
3178
1009
1843
1604
1367
2523
1734
2763
1603
939
1746
1823
1719
1842
2281
1732
861
1684
1778
917
3050
2088
893
3235
1068
1579
1702
1821
798
934
1343
1113
589
1672
1715
854
1728
1555
3249
3187
3151
2709
3075
1590
2873
3084
1633
689
1116
1545
947
1296
964
1448
2072
851
1727
1179
2109
1582
1549
1674
1714
1379
733
990
1758
1642
2533
2165
617
1991
821
1457
1335
1451
1082
826
971
2236
1755
840
757
918
2200
1620
1823
599
1911
1736
1528
1783
1619
1322
928
3202
1502
917
1902
957
859
1528
1380
1487
1430
3084
1589
1366
1542
1424
1474
1603
3202
1252
875
1127
713
2468
1514
2562
2408
1773
2640
1730
1744
976
1832
2643
657
974
1761
1431
971
1256
1646
1499
2838
1309
1499
3224
3202
1659
1771
1745
1835
2030
1725
1227
1487
1265
737
1083
1271
3063
1681
1774
1654
1421
2113
1905
1195
1011
910
770
716
2751
2123
1458
889
3204
1754
2886
731
2232
3171
885
1062
987
1774
1729
954
1481
952
856
1819
668
2800
1352
2585
1110
945
755
2713
1750
1742
886
3109
1718
2190
1855
1499
948
1767
1145
1133
954
2300
1749
1596
2639
2501
2874
2803
1334
1845
684
3197
2198
1744
1446
1836
1791
1561
3202
2549
1814
956
1308
620
1809
1764
2070
1898
1352
1329
1801
1327
3151
1711
1464
1767
852
944
2719
2813
914
1676
2123
1612
1350
660
2638
3107
2709
696
767
886
969
1569
999
1465
939
1097
1835
2932
1381
1835
921
1584
1674
770
760
847
972
2690
1830
2353
625
1467
1416
1513
933
1797
2733
1370
1695
978
1603
1284
1825
2805
3153
1552
2815
1499
1293
1839
2366
2078
1145
1782
2982
3168
1701
3189
1235
1718
3196
1496
2013
1083
2818
1598
2428
2473
3202
1835
1325
820
1767
2676
2678
1692
2878
3207
892
675
1732
1839
2715
1847
1150
1673
1766
2709
1020
3056
1774
1520
1564
889
971
1705
1764
1876
3227
1986
1654
1863
720
2338
1502
1772
1079
1449
879
1029
1867
1523
1311
2767
1924
3203
1116
1719
1628
3094
1750
2569
1766
860
1862
963
1087
2904
2966
3015
1522
908
3250
1680
1273
807
1627
1430
1502
703
2970
1835
2293
3099
1850
2486
1908
1623
893
857
1636
1798
1194
1823
1623
1431
1870
948
1791
1178
1042
963
2939
2614
1712
973
3143
1615
2985
946
928
2635
1851
808
732
964
803
2994
1949
1484
639
1835
858
1763
685
1084
2276
3040
1450
762
1550
3045
987
840
1239
1445
1132
1786
622
2215
2009
670
1509
940
784
1761
843
784
2653
2641
801
1616
985
866
722
3188
3200
862
1484
2978
901
1752
3106
3214
770
1029
3208
1603
1661
3037
2810
1851
2102
1834
1672
1110
999
1558
2812
1008
1137
2423
1548
898
1583
1628
1407
1724
1438
973
2595
775
2737
1576
1569
1611
1739
744
1169
1021
1830
1649
1452
768
2112
2013
970
1844
1089
2303
2275
1764
1473
881
962
1492
2606
949
979
3220
1768
2387
2709
1211
1226
591
1735
3114
3103
3171
3127
966
757
1433
1829
1764
850
1757
2709
3172
824
1758
914
665
958
849
691
1198
1450
1835
1756
1744
902
1837
1831
1116
1781
794
1808
2803
2959
1279
1469
2868
2624
3192
2144
1698
1177
2906
937
681
887
1764
905
2773
1652
3194
1817
950
1032
1162
1836
1011
1832
2337
2665
3152
3202
1736
2055
2951
671
1595
630
1758
1656
2367
893
1674
1729
1457
2171
935
1683
2691
925
1053
898
743
990
1713
1261
1508
1772
1690
1449
1840
2007
2668
1862
1660
2027
915
893
1716
1874
2347
1604
1045
1228
1144
2709
2563
798
2625
781
1603
3189
616
2193
2766
2740
1383
1670
2988
1729
3202
1391
2161
1701
1731
618
2709
2989
1725
1197
1367
1836
773
1872
1764
3086
1167
1215
1738
889
3229
2143
2905
1106
2919
1576
764
3038
1030
1497
1172
2787
1792
2640
1652
1635
1311
1361
1908
869
2714
1604
3217
1789
1764
972
1418
3202
816
884
2406
1806
2796
670
3186
1863
639
1562
892
2842
2712
1786
950
782
684
1707
3203
3208
1759
3202
964
882
1812
744
1447
973
749
2472
1683
1693
842
729
857
959
1804
1838
1796
848
1340
1770
1552
1255
719
1206
720
795
2042
3223
1619
2193
1323
783
3208
3031
1775
1322
743
2907
1603
1562
1956
2253
749
1764
2777
3064
1947
2377
904
3204
1918
1244
1718
909
818
872
2676
1587
679
1025
830
643
1007
3105
1763
1603
1161
2552
3214
3229
1665
1800
2977
1637
1147
1750
1836
882
1598
3009
2041
3208
1191
1765
1490
1167
820
1494
1895
1460
681
1076
3094
1690
1223
1656
1777
3209
1618
2889
636
1779
942
1101
1835
1699
3078
2709
741
1493
1083
912
1332
1517
1277
1603
966
2319
1692
1003
2741
2233
3218
2516
1197
1781
1750
688
1744
1769
1572
3121
1912
1844
3202
922
1572
1781
1001
650
1316
620
2415
3123
1440
2760
1751
863
977
3113
1519
2791
1790
2924
910
1701
686
1007
1603
1012
866
1498
1117
1201
1883
731
1817
1838
961
1972
768
1190
1124
1552
1173
2816
601
970
1634
2964
1470
1020
1764
1580
925
1835
2053
2741
1770
2694
1727
1665
942
1166
1765
1134
1095
821
864
1603
3202
788
772
1830
789
763
1086
1251
1135
621
862
1006
739
1738
3133
1258
952
2053
1747
1228
1067
731
866
959
1368
976
933
1826
1816
2809
1737
1021
649
1944
1369
1830
900
664
1611
782
2767
1790
1034
1740
1831
681
1719
1530
1605
1703
1711
2467
1643
708
1638
1138
1057
811
1637
916
1608
1683
1916
646
702
3087
615
766
2988
1461
1729
939
729
1835
2053
1897
2643
1433
3206
980
934
1759
629
745
1767
3202
1451
2503
1835
1375
1592
1634
1780
1730
1383
2397
2259
2094
2635
3202
2791
1592
1665
1260
559
2900
838
3101
985
1754
878
1659
2401
1023
1385
1590
1051
1200
871
1793
1076
1533
1291
1071
1753
967
1074
1242
654
965
850
952
1835
1619
643
1631
1990
2958
1610
1759
1466
1488
3042
2482
1680
1712
1014
975
859
976
989
888
592
2833
1379
2708
779
1361
1102
3051
950
673
2299
1794
1216
2487
1336
928
1737
740
1210
3058
1378
2919
949
784
933
863
835
2841
1873
1840
891
930
2709
2163
883
1233
1251
1115
2222
1676
1818
1500
1831
1724
1514
1603
1542
1816
1815
1703
677
1675
1739
1581
1568
1152
2812
863
2438
1322
2709
3005
1433
1816
1631
939
2697
1603
2319
1645
1243
1706
931
1338
1050
3210
893
1153
1923
1058
693
1720
2704
2729
1375
2094
1552
1592
796
676
3186
867
836
1575
779
2267
1185
2756
1314
942
1751
760
1777
1598
957
1218
2055
1524
1786
2238
3202
937
861
3202
1076
1764
2236
1067
2095
1661
3113
912
792
948
681
2119
2667
1835
624
3221
2925
543
913
3209
1035
769
2630
845
934
1369
2047
1629
1764
1764
1221
1294
939
3178
1584
870
1013
1146
1159
1725
1108
792
1558
1851
2105
1758
3243
962
1316
1195
795
1224
706
1148
613
994
1249
1553
1843
981
1364
1531
1087
863
819
1827
1824
1188
3028
1296
1616
3202
2008
1559
733
987
969
917
3202
2862
3225
1304
868
1283
1954
1643
1210
2239
2050
2371
874
1334
2635
2979
2051
943
1192
1796
3195
843
1721
1764
1756
1526
1874
2480
720
1699
1764
1923
2073
2661
3200
702
1428
1735
2210
2405
904
3202
1524
1075
3230
1725
926
1498
966
1758
935
2076
2058
1712
1701
972
1366
3120
991
697
1030
668
3202
3137
1110
2235
1082
530
2639
1764
938
1348
1825
633
3038
795
1151
916
1587
2052
878
682
1799
722
935
2523
2956
805
2150
2044
1856
3049
2640
1170
1427
1070
1595
1766
1035
773
881
3190
901
702
1811
877
1797
1589
2122
892
885
3212
1654
1764
1100
1460
1564
1764
1051
1305
2035
1378
985
2868
863
1192
973
924
1764
1691
1644
1662
1467
982
1778
941
1939
923
1605
838
950
898
1764
3184
2337
1807
1564
2155
893
1667
1703
1673
1252
1948
1793
1858
906
861
1261
746
3202
1324
1374
710
669
2587
1021
932
1664
1621
1962
2663
910
2265
596
2753
1510
767
2393
1912
1678
1259
1792
1424
778
3195
1744
910
1791
802
1591
1835
737
1075
1837
946
903
1835
2256
1835
2709
891
857
939
1849
2709
1619
1668
1823
901
1412
2977
1551
1281
1203
1540
1835
938
1815
1751
1844
997
1384
999
606
1582
1071
1891
1094
1847
914
556
3202
944
718
949
2814
2920
2938
921
2330
1063
955
2232
2986
983
885
1814
949
1717
887
776
1741
2709
1705
1149
2734
958
1652
1470
1835
689
918
1549
952
2085
2566
924
1857
2963
1154
1555
3136
1765
954
741
916
2787
2128
691
1574
1581
1872
1641
1392
3202
2280
3202
2787
915
1718
1844
1083
1831
1311
945
1122
1698
803
1550
913
1652
1764
1050
1082
693
1766
1648
1543
2743
1106
1809
1631
852
1191
1773
1685
758
1519
726
2709
1669
1820
1643
824
1885
1775
2709
2095
2366
1050
1762
1528
919
959
1192
1433
1437
944
793
1158
2775
936
1534
741
724
974
1211
2183
623
695
2366
3218
944
1337
927
2798
1042
1614
3226
3202
2709
1466
898
871
747
1275
3114
657
1611
2208
1860
3225
1006
3114
1588
1749
939
2333
1431
842
1821
2709
846
2372
680
1732
1843
1706
3026
1652
1603
1835
1709
1558
1774
824
1835
598
954
2599
1033
1530
1153
1771
1790
3135
1766
820
1251
989
1569
1264
993
1054
1788
865
746
814
3181
2536
3233
2674
1267
2374
1888
1160
1765
2348
824
1021
1184
838
1748
1647
2071
1620
979
1400
1699
658
1978
1335
2632
3107
3232
945
1829
1521
969
3096
2789
1775
574
1637
1858
1797
1669
897
1144
1589
1631
1089
1041
1006
733
1107
701
1308
1488
1635
1602
1764
1781
933
1636
2484
723
1345
1748
2450
1370
1703
1854
826
576
3202
1764
1850
933
1014
1802
2499
1761
986
961
3151
1106
3202
721
832
885
1273
3032
1620
1735
2739
1593
604
716
742
3194
1764
2074
628
1712
3116
978
2716
3207
1039
1240
3202
1641
950
929
1201
1564
2692
2845
1587
1713
3202
1012
1749
1208
1483
922
1058
781
1543
944
1845
3202
1986
955
1143
1723
784
2709
1402
1559
1597
2925
1851
2607
3208
1040
840
930
724
2814
2156
1734
1707
1684
903
975
1813
847
1765
854
2194
1827
3121
1938
1493
2251
1196
1549
2484
2858
1914
685
1808
1843
1440
1642
1681
1873
3109
1690
1914
938
740
3062
1684
1131
1080
887
1804
1123
664
1764
1231
3206
958
1799
748
814
1427
1764
1603
1568
970
1461
1522
1764
1854
1351
1618
2157
1238
1649
875
1187
2915
1764
1687
1021
2854
1763
1782
1768
1308
3092
3208
1531
1724
1560
1652
1179
773
1586
1080
753
1832
1285
1554
1764
1839
2879
1731
1764
944
3074
945
1438
2385
1654
800
1711
1789
1773
3074
1826
2360
881
3224
1470
1692
879
2733
1479
1267
1525
1653
1835
1828
911
763
2589
1441
1115
3209
1089
1873
1774
1837
1024
3225
979
1826
1775
1936
1589
1821
1764
1764
935
1862
1745
1800
1815
2992
1717
899
1703
1435
1870
1773
2409
1895
1396
1625
830
1506
955
2505
2650
1668
1917
957
2536
1879
1652
3183
947
1529
1751
2596
2068
1215
3018
1464
1712
3155
2566
1720
1135
2403
927
693
1087
1462
1857
1520
1744
1640
691
1774
1465
1835
1466
1759
756
1316
1609
1044
1454
589
1555
1094
601
694
1835
889
2640
1233
1723
3202
1764
1721
1766
1014
2531
2556
1546
3002
3115
2160
932
920
1372
964
1085
1835
2265
1705
2759
948
1087
1799
684
646
3199
1448
1071
2951
655
952
1588
2352
1974
938
1506
3204
1127
1703
933
1494
2937
2712
2654
1688
1117
2210
764
1009
1478
1309
1520
985
762
1927
1640
3202
1492
1023
1754
1097
1087
655
3178
1627
2032
1836
1445
1796
843
1122
1527
2290
611
1234
721
1676
1863
970
1007
1011
949
1603
773
840
2431
863
2757
2010
3200
1650
1622
2226
3202
2465
2296
1777
915
1632
1759
1656
3177
1768
3171
1579
989
1869
927
929
1276
1033
1688
810
840
1822
1667
717
3065
1465
1539
2709
653
990
3150
1719
1819
1411
796
1352
1516
1499
2069
3257
1017
2340
767
1639
978
853
1588
1144
1273
1774
1754
1412
1956
1039
3202
909
3015
1204
1835
1722
1686
2367
1670
2335
2169
1603
1608
2459
1810
1603
698
1690
966
3176
2995
2132
2752
3119
1798
1680
1602
939
628
938
1452
1715
788
3202
3122
1722
794
1870
1585
2399
1209
2675
1380
909
1557
1093
738
1840
1864
891
1807
1513
930
2284
2342
3202
1829
3202
3228
1829
625
2608
1569
1467
3079
3206
926
1105
574
2521
1583
2784
2458
1295
920
2731
1278
3192
1797
649
1577
1869
870
1787
2907
999
1831
1792
879
1711
846
3168
1762
691
3198
1337
1712
1156
2920
3017
1432
1700
1117
3224
2751
3224
2707
1816
596
1578
1722
1711
1689
1758
1785
1611
1125
1235
1517
1631
2420
953
1184
1687
1072
1061
1715
852
1436
631
1743
2963
1447
1433
1736
860
1149
715
3148
2822
2759
1201
1489
1440
3163
2928
980
3172
1319
1289
1073
833
3077
2066
2500
2787
3220
1107
1652
612
1596
2599
924
929
1040
1678
3116
3202
1706
1666
1096
2947
2046
960
1567
1990
1114
1770
1712
2070
1115
905
2134
690
1701
2425
1835
1486
2011
1977
3065
3063
776
844
1737
1764
1897
1465
1728
1529
1776
1773
1828
1729
3083
2759
1071
2852
2041
748
1350
1749
1633
848
1746
1831
755
718
1764
1164
1121
1777
1175
1443
1165
1374
910
650
1718
1559
1656
1611
2886
2478
1636
1841
1762
3208
2523
1876
806
1050
3198
1275
1335
654
2894
1735
3114
1047
1557
1402
1557
632
1030
1361
930
943
952
3206
1395
593
1448
1815
1276
1674
1909
920
803
1584
1361
1046
752
1505
866
1060
2611
2689
1034
1411
1547
900
1390
1073
882
983
963
821
1375
1728
1304
1634
925
1236
866
1098
3113
2936
1161
2950
1606
1016
3165
2066
1645
1899
1538
1902
1809
1469
1735
848
998
3211
894
1095
938
701
1013
927
868
1237
948
968
740
1329
1868
1730
1525
1682
1431
3202
690
983
1120
928
1431
2028
956
1084
2634
1555
1709
957
1764
2763
559
701
2497
1219
1721
2507
1237
1756
3071
1043
2327
1619
760
3140
1146
1807
1835
2770
1263
1424
760
1118
1781
1827
711
929
2411
1637
1444
602
1833
1779
731
1483
2988
1764
663
961
1716
1786
1061
1836
1686
1317
675
1781
1603
2739
1014
1810
1782
990
1711
961
1508
954
2653
960
1537
1909
690
1643
2709
1568
977
976
980
1076
893
919
671
3202
2685
1786
1056
1715
943
1459
1651
1350
819
2976
2156
1233
1632
1816
1603
2764
1642
953
933
1788
1641
682
807
1738
1322
2871
1523
1207
1066
1705
602
1607
1738
1184
1093
1627
995
1892
1697
869
600
2141
1783
2528
2319
3242
2295
951
1673
1764
1212
1438
842
1824
1031
1709
1945
1733
1896
1835
1838
853
820
1002
1365
1238
997
1255
1583
1722
1600
1160
901
1317
2589
2125
2645
2814
2709
1170
772
967
1418
766
602
634
988
1431
815
1238
1446
1807
709
1660
1622
3204
1207
1618
679
1120
694
2197
1757
985
1755
2586
2608
2384
3073
1719
1806
1020
2387
2161
782
1991
1351
1913
2380
1756
936
1049
781
1594
877
842
1764
2207
3189
932
1499
1753
612
730
1382
722
2816
2709
1707
1440
1764
1673
726
1654
2401
1599
2380
1764
862
3162
3132
1353
1662
837
798
1891
2969
999
1678
1991
985
692
2958
1648
813
1541
2518
1469
1722
1864
1538
956
2059
734
1823
1060
1175
1777
1662
2548
1819
902
936
1241
3237
735
811
1034
1738
1728
1720
711
3203
1737
1956
904
2644
1810
1656
689
3079
751
1850
2419
1424
981
2049
2937
1737
1759
1446
950
931
978
1167
3231
1531
721
1039
1766
1148
2956
3086
3202
607
1616
654
766
1064
1599
2314
949
1716
1258
2519
2550
889
806
1050
2593
1824
1381
1196
770
970
2440
1725
1010
959
659
1810
2752
3228
667
1082
1475
817
2721
2160
2904
1064
910
1746
2776
1360
1607
858
1211
2480
3046
1315
995
2021
3185
622
1815
1832
1767
1035
706
1484
985
1712
570
1570
1701
2530
908
2736
2607
1656
1789
1817
1741
1068
1763
2870
875
1074
1384
654
2793
1765
1201
1789
1504
1220
1312
1764
1736
1656
958
792
3131
931
946
623
734
689
882
1025
712
1828
1764
1208
2125
1791
803
1163
2573
2935
1793
1727
1393
962
1720
1628
3027
2610
961
958
694
1332
1030
802
2579
2735
1687
1740
1709
637
825
1603
933
1010
612
725
738
1791
3202
768
1835
868
843
1603
1316
1377
1749
1208
902
1555
1568
967
723
1073
1591
3194
2267
1817
1671
764
3110
1343
1310
1810
1724
952
835
1739
1607
1060
1934
1449
904
2797
1835
1739
2412
1020
1556
3141
893
1282
2633
1681
671
2604
680
1540
906
692
2709
1770
1789
988
805
1263
2222
1016
1537
1700
2464
1753
3202
815
711
1548
740
786
1825
1649
1600
1277
1835
934
1626
556
733
3202
1764
1552
1913
1806
1779
2031
1058
931
802
945
813
1098
3199
2114
1570
1362
1213
1732
3202
2621
900
988
1627
1109
1645
1625
619
798
949
1577
2697
3199
2988
2718
2526
1120
723
733
644
855
2612
2838
2933
637
991
2631
2890
1349
1712
1206
1764
1599
830
1776
2092
1730
1665
3206
1808
3031
1953
1603
1454
3229
3204
647
2632
2709
1844
616
1306
1252
1466
1392
3090
1621
1659
935
1526
1243
849
886
2547
738
835
2709
1690
2914
2134
794
928
660
2709
3069
1764
804
1603
1130
956
1181
1365
1999
1764
963
950
946
2094
1698
1476
851
955
1379
642
807
1038
948
1062
996
945
1678
1843
1676
3112
1711
752
2793
1080
1781
3130
3147
2941
950
1419
986
921
674
859
665
1057
889
1259
2648
1182
1446
1708
2095
791
1804
943
1685
1650
2698
1658
1455
932
2089
1603
2127
957
2669
2973
1815
1316
3197
2745
972
1906
3204
1324
1694
876
973
840
2847
1603
871
772
976
1800
777
868
1597
1813
1581
1835
1871
1203
1341
2245
2920
1728
1723
2814
1811
1686
1108
1113
1676
2536
2056
2950
3183
1796
1828
698
3160
2181
1128
1756
1476
512
3187
3202
1149
2792
1306
1505
1228
1372
1590
1764
3202
855
845
951
2996
1416
1497
2265
2782
1576
2486
1775
1737
1380
1531
887
1121
1634
1033
3202
1631
2658
1558
1704
2788
1731
755
1190
2305
1151
1433
1872
1127
634
958
895
2446
637
1048
2757
1104
1919
830
1683
2707
1110
2557
947
3202
1702
1390
3036
1520
1873
2424
1762
1848
1524
3106
1283
2493
2986
2398
1863
782
861
707
1127
1022
2845
1657
1135
941
1177
1701
976
1183
2617
1073
1323
1764
1447
1495
1835
1489
3183
898
1082
884
600
621
1811
2808
1273
1603
1712
1765
1586
3141
3205
1772
1626
757
977
3105
2183
1708
3152
1081
1750
769
1104
752
1647
1750
2998
831
2703
3041
2782
1600
2238
625
1456
1629
1835
848
799
2612
2614
3014
1720
921
966
1128
3215
2308
1360
1550
710
1664
698
921
752
999
1610
1284
1604
695
1152
2709
1963
1099
1058
686
1289
1764
2640
1472
1603
914
1040
1796
954
1200
1195
1513
1350
1996
1529
1752
2647
968
1284
3099
1447
944
2046
912
1004
1509
957
2804
3202
2799
740
1697
1764
1708
1456
1400
2427
1783
1758
1723
1338
828
955
1087
1774
3202
2912
782
2834
1764
2820
1636
972
792
833
1826
1762
919
1714
1382
1329
1690
1017
900
831
1432
1129
1160
1954
1770
1762
2333
1164
1157
1048
1569
773
1515
1783
1795
948
1225
882
1368
1545
1810
1237
2183
887
848
1284
1561
600
857
2984
1642
891
1865
1778
2556
914
1426
1017
3202
1718
838
1313
691
1768
586
675
1006
2333
1585
3091
2246
2858
2349
1603
1803
1512
3159
3138
1731
1119
1825
2429
987
1748
3112
1633
1769
1774
2429
1202
793
1707
1427
1578
2378
1680
2912
754
1748
951
1469
1082
648
887
1709
1035
1646
2536
952
3222
1190
1167
2311
3064
832
1936
1835
889
2232
1128
1761
1537
1379
1832
951
1057
795
922
3118
1838
2996
2914
3202
1062
3207
3019
920
932
1808
1367
1764
1745
2129
953
1676
710
3218
1763
1758
1241
925
2565
2021
1764
944
1804
679
730
1589
1308
1742
865
1655
1272
979
1564
1361
1578
624
1567
750
976
2896
2200
1883
959
1454
2473
2099
3045
2913
1745
2071
1116
914
2740
919
1742
954
1156
610
2653
1835
2842
1601
1144
2888
1112
1750
688
821
1056
1066
2344
2404
1833
1443
1901
3120
3074
1873
1299
954
1642
1040
975
1223
1830
1764
1573
1515
1414
1576
1197
1774
852
1476
888
671
966
1694
942
3233
1608
862
1130
1732
1730
1520
1733
806
2812
980
916
3159
2067
1188
1787
2905
1487
3155
963
3202
1156
1793
2806
1388
1117
1557
882
1582
2662
1342
1768
1827
1575
3212
1799
1772
1741
2761
724
1112
1729
2989
1691
1774
2931
1468
1829
2338
2690
1468
995
885
837
954
2206
951
1501
997
2992
724
3050
1091
1573
1011
2085
1746
1423
1664
1765
1653
1558
2011
2135
1619
849
2703
1277
802
1925
3194
1819
2255
1016
1748
1067
993
2192
2009
1494
3144
1755
1597
2712
1732
3161
2714
2914
2425
1799
1662
885
2318
1165
1604
716
711
1412
1760
983
944
724
1762
1192
1679
1740
1989
643
1567
1531
2042
2704
1556
1300
939
942
1715
3202
1424
2337
1052
938
1801
2194
1579
2818
1686
1735
3075
1651
852
794
1358
2407
1379
1618
2329
1481
739
2306
3243
950
1603
1436
3128
968
1538
2433
1136
3157
1683
1565
756
1440
1742
915
1718
956
1262
2889
630
675
2085
1685
1835
3184
1017
643
745
1504
886
1623
1757
918
637
1764
2809
1693
1103
2870
943
1122
1865
1188
3157
1712
2597
1714
1788
818
800
1764
965
726
677
1713
2931
1806
1013
1835
701
1724
923
1693
2910
1510
1538
1648
2108
3177
1414
848
1408
757
742
2677
2750
1721
2261
801
3066
911
2601
1845
762
1784
678
1289
1837
3189
1356
760
1577
1061
2662
871
1761
2615
914
1484
3029
3202
949
903
3217
1405
1307
738
2277
2610
1221
1794
1140
2802
1395
2484
1388
815
670
778
2731
1478
862
710
2756
2500
983
3086
1844
3070
3202
1868
2778
1658
3145
3150
934
1802
947
1364
690
848
1176
946
1830
1656
1289
1853
1687
1674
944
1266
2628
1515
1018
716
1478
2979
1744
2358
1690
1669
1394
1762
3184
1750
3034
1369
1539
1441
1823
1125
1073
640
1806
2883
1866
3013
1765
1072
950
679
671
1374
2254
1810
3085
822
1673
1979
1705
1553
1619
1521
1835
1015
848
988
1682
915
2157
2034
1042
1836
2833
1627
2522
1206
1207
1661
1134
1657
1426
1512
1334
883
2150
1686
1742
1257
1146
2843
2871
1781
2050
1835
1782
3150
2184
1452
1673
867
1849
535
1851
1620
785
1720
1586
1650
675
2541
2149
1114
2663
1164
1788
1066
1582
972
3078
3233
2097
930
557
1764
1789
2555
2345
1879
701
1458
1274
1675
1559
1575
1778
2056
2357
3003
1846
1820
823
2882
1880
1774
1246
2382
3202
1627
887
2801
2171
1896
1691
2606
1359
1810
1209
2859
895
1557
1498
1131
2089
870
3202
647
1606
985
2282
657
1827
846
1703
1749
3161
3050
2567
852
972
787
868
855
940
1216
752
1588
3185
2570
1482
1727
1927
1105
1772
1424
1857
1689
1215
3208
1228
936
1203
2831
1421
1509
1831
860
3044
1723
999
1590
2775
811
912
957
1218
723
1602
1761
1637
1101
2680
985
2305
3202
974
1752
1590
1506
958
882
2344
2064
1531
938
1853
1764
1773
1067
1536
2729
1330
2085
1266
3192
1861
3149
1575
1674
1285
856
2943
1873
953
1916
3076
990
936
1764
1840
1809
2975
1904
961
715
901
1089
565
3010
788
596
928
935
646
695
1768
1056
1548
2027
2651
864
694
1068
692
1807
3202
1163
1665
2482
1060
1573
1238
957
858
1159
2619
972
1345
1764
1599
1764
929
613
1602
2105
1655
1706
1604
1732
1155
3183
2892
3232
2266
3207
1099
2759
1800
874
916
706
3202
2443
1377
1551
3202
909
1602
1573
818
613
2779
1796
2754
3151
2709
1764
640
1061
758
1029
2248
1779
790
926
1688
1792
952
1377
939
3104
966
1214
1700
1764
1835
949
1764
1806
1899
1546
770
857
2655
1441
2947
999
1837
1106
766
2709
1058
3184
1765
673
844
641
1767
1708
912
617
1814
862
1718
2782
977
1786
659
1391
2840
706
3202
1232
1084
3013
1764
3194
923
1691
2251
1537
773
1314
1995
1782
822
2844
875
1588
2961
1137
905
1751
3149
689
1826
1363
1835
3204
3195
3202
2438
1549
2955
2902
1000
1628
1444
1711
2955
682
784
881
1835
1060
1008
1746
993
958
950
1664
894
2837
1863
2452
2896
2025
978
1408
1503
1591
1237
2922
3135
2796
1946
1690
1199
3196
2597
1835
3156
1507
1101
1604
957
1393
951
925
1886
2402
1637
2695
1418
928
1604
1835
1717
790
927
873
1835
2477
926
904
963
2954
1261
1259
957
3200
1002
1335
692
1035
1663
2672
1108
2709
908
1505
2877
3165
1805
1321
3060
1807
1073
1561
1676
3202
1982
2199
2208
2709
2735
681
931
919
958
2382
2984
1474
1687
1409
746
1652
1497
1215
1424
795
2647
1772
1302
1707
1874
2530
1644
723
627
3202
754
1931
1208
653
1342
1129
1665
1027
1543
2486
3014
1742
2820
862
2997
1793
2182
1846
1697
1492
946
835
1555
1912
1975
1603
729
1526
1764
1681
1657
1674
1795
2393
906
1639
780
692
1159
1218
1573
1230
2836
1673
1576
707
1685
1692
1744
2379
960
1541
1023
924
2944
1661
612
1608
934
1067
1835
1199
852
489
1635
2030
3202
1773
3089
869
942
2466
1798
1852
1577
1265
1259
919
1217
895
1416
1806
775
1749
784
1407
2090
1556
1373
1637
1210
1220
1284
821
866
688
1857
1603
731
2769
808
912
684
863
2583
1051
1465
1786
1914
678
2083
1511
2998
1819
1761
859
953
696
1803
1903
1582
1859
1789
926
948
730
1764
2709
1328
961
1764
774
906
1130
2903
3016
712
3202
1716
3234
1764
818
843
3129
1425
2697
2424
1527
3219
1801
1364
1978
1830
1170
1746
1764
707
734
692
1775
1354
2428
1796
1769
700
770
3090
1719
920
696
3085
2834
2427
818
2045
2023
3027
1456
2270
1903
1693
598
1431
869
1160
2360
1821
3183
3224
971
1756
1093
1747
619
1786
791
3179
3014
1667
2573
748
1514
598
1835
2871
2363
674
1808
3066
2370
1144
1800
1683
1775
1748
831
1433
1724
1755
1712
1435
1691
3202
1535
961
1469
2172
2983
3202
1402
2646
674
2916
1833
1819
1743
1195
1021
1701
3038
949
1756
879
1608
1764
2933
1511
1330
2446
703
610
1588
1771
1749
3185
599
1831
1301
1727
712
2972
1444
3042
2842
1147
1421
2097
2956
1468
1835
2388
1779
1069
1639
1783
683
1727
1764
952
1417
814
1344
1623
3094
2442
2914
1715
1313
819
1702
3183
1603
880
982
1785
1682
947
1603
3022
1611
727
1835
2680
779
1835
1417
1641
1802
1759
1603
2043
1032
1512
1007
1812
3145
1701
3202
1839
1700
893
809
661
1674
1783
982
1368
1372
1856
1225
1685
1112
2054
906
887
1835
831
864
899
2838
2072
927
2430
1228
2185
964
987
939
933
1650
1510
755
3233
1114
719
1603
1736
2319
1601
978
2092
2086
785
3225
957
1615
1753
1615
1059
942
830
3071
895
2770
1764
2098
2472
1335
1705
891
1723
1468
1548
970
973
1758
1508
1471
800
1822
2307
1813
1973
1802
767
949
1835
1894
762
915
3202
941
3135
1572
1262
1388
1801
1984
1764
1429
1476
2820
1967
1794
3226
1529
2654
1822
1344
1339
710
1764
1328
729
3185
1132
1575
1509
988
1132
1727
1016
1958
1061
1623
1831
1719
2825
1506
604
2331
2947
1669
2281
1291
996
1601
1542
1511
691
1888
2544
2925
2459
1704
1584
1372
1018
1765
817
893
966
861
3172
947
1672
1662
2419
2709
936
2657
1499
2803
1789
1950
928
2301
680
3014
1089
2243
2392
1713
1733
888
1010
778
1162
1745
2694
1506
1464
2823
1757
620
1801
3216
2654
3232
3202
983
798
869
1081
3181
909
2504
1867
1113
1777
1801
1822
1288
3145
1870
615
703
2649
922
1677
1815
1196
969
2097
1058
936
1739
999
821
1511
1470
2996
2709
1534
924
1764
787
3202
2550
1613
1423
1206
616
2725
2470
1735
1840
1573
1623
1371
923
750
2848
1837
2953
891
3166
1503
1571
1060
608
1951
1712
1766
1894
945
1695
1764
954
1554
1764
1643
839
1856
1835
921
1447
1407
1615
931
2379
1842
1158
1548
1371
2031
1835
1599
2558
2861
778
1624
1603
1767
1035
799
859
1087
3173
3202
1908
1190
1216
1129
1856
871
3202
1654
3219
1850
2256
1509
1801
943
1073
1087
951
2709
1845
2858
3032
2923
1572
1155
1598
1001
1711
771
636
1882
2752
791
1005
1634
3166
937
1090
1503
1041
702
1764
1832
714
556
1444
1985
1536
895
1036
1624
3202
1808
1540
1544
846
1725
1322
1536
1861
909
870
3150
1754
1756
2492
1828
1175
1840
1833
855
2622
908
3057
891
2393
1778
2870
2175
1054
1604
1835
1752
814
2709
1125
1770
699
941
3028
3170
1164
1819
1033
1699
731
1523
729
950
1649
1083
2245
1468
985
1896
894
1714
742
2746
3243
992
1740
792
1652
1391
2155
1625
1154
3066
1475
3147
1301
1163
3212
1420
795
1703
1232
1735
3152
875
929
2324
1311
2781
981
1871
2351
880
788
2612
1021
969
924
2708
2956
1466
1713
1838
1480
1030
2095
1826
1616
705
1519
2471
1775
1478
3202
3064
1844
1400
1225
772
1253
1594
1991
3241
1756
2419
1725
949
878
1817
1664
734
1589
1602
691
1198
2363
873
999
625
3037
1533
2871
2583
1835
750
956
1578
1619
1395
2114
929
1764
1049
969
1828
3193
3202
2907
1756
1835
758
3069
3202
1711
2629
3219
1461
1835
949
1793
1030
2017
1867
1435
1557
1709
924
3202
1489
1150
2065
2567
2623
1835
2661
987
1532
1469
1084
1855
3122
3102
1716
2315
1800
1140
1735
2986
2473
722
1010
1603
1639
923
3008
3204
2951
2359
1497
708
2559
1210
1835
1170
1495
955
1562
851
1311
906
883
955
685
2850
2201
3216
1669
1673
2171
2822
2769
936
596
1478
1516
806
2122
2709
797
3043
1697
1722
1521
1509
1511
908
2550
592
903
692
812
1211
1783
1279
1800
1086
1485
2205
801
930
1156
1835
1883
1691
3082
1631
644
717
1234
1764
1554
3013
2832
1747
723
1735
900
2457
2016
1130
895
917
3224
1748
1005
2676
972
706
1162
932
3210
874
1835
1818
2709
2900
842
1636
1662
669
1024
2747
1741
1574
665
2763
1428
1768
3108
2785
3244
1592
1406
1023
2759
1191
1347
960
1572
944
821
3202
755
3041
885
2028
1671
1840
1757
929
2298
940
1746
2297
2843
965
2709
1369
1813
1645
1243
1353
1748
943
652
731
850
1613
1959
3240
2393
1250
1064
1760
1434
743
1823
2803
1818
1217
724
920
1728
1700
1979
3021
2765
953
3204
1669
742
2838
1281
1868
954
1183
963
1845
3154
958
1389
2191
1065
1718
1764
1825
1818
1764
1901
2259
951
1393
3218
3217
1171
3227
988
979
1763
1576
3179
1847
3112
977
2709
2398
1692
1499
1800
994
978
1762
3202
1378
1583
1793
1681
978
845
1030
2709
669
635
973
867
1040
2986
2094
906
938
1197
3125
828
1837
1551
1322
1391
1975
931
1325
663
2571
1023
1850
980
857
960
1876
1479
1675
961
1256
2125
902
2460
3053
3202
1730
1664
1319
1840
1599
1110
858
1474
1695
2517
960
2876
3177
2583
973
1448
1963
639
748
912
605
2993
1784
2998
1365
1630
2444
1367
827
639
2709
3157
677
1809
1106
1726
1200
1776
701
966
1829
1904
1593
1571
2427
3204
3207
1820
960
823
1648
1052
1112
936
1664
1521
813
823
2748
3155
684
1417
726
568
737
1798
1577
949
2488
680
1703
1060
1567
1750
1581
675
1393
1155
1612
2013
1509
913
1764
3039
1264
1710
1537
871
3145
963
1668
823
3005
1790
1592
3094
1706
574
1065
1412
1610
1619
2192
2841
773
789
883
1750
3118
1603
884
940
1765
2406
1695
892
833
1919
1002
1703
701
902
1343
926
952
893
611
3124
994
757
1541
922
3010
1814
1872
1841
1732
1886
917
1115
698
881
1623
868
2186
2104
1646
1679
886
943
847
964
1989
1766
943
3224
3056
954
1380
1590
632
619
3202
2537
2660
949
761
1807
1392
2072
995
1076
1681
1567
1759
1162
699
3131
760
660
3061
3163
785
1604
1483
3232
2220
842
2724
2255
623
1997
1686
1555
3224
3185
1352
3202
3187
2709
1837
1723
2954
3202
922
997
944
942
1068
1681
839
1298
2985
2281
631
830
1804
910
1796
1323
1270
1711
3202
3112
1752
3202
1528
3202
1658
707
2547
1835
1800
866
1683
1272
1627
1451
1163
2150
940
821
833
1644
861
1680
1388
1439
3003
769
649
1835
1131
906
2436
917
1725
2714
1466
2292
1192
1036
903
757
3202
982
982
808
636
2709
1894
3240
1603
1982
1992
681
686
1780
1112
3212
1561
1696
1288
1098
940
1616
1764
1544
1137
2844
829
2276
802
2961
2885
1434
1766
3174
693
1793
2059
1411
1070
1421
1767
1566
3133
2060
926
937
3142
1487
953
935
888
2914
1606
1648
1676
889
1625
1192
1756
2432
1757
1767
1733
3015
1839
1671
3202
3127
2186
3020
1099
2407
2030
1550
1144
1213
1643
1556
2338
1558
1112
1214
1147
2024
1829
1602
1276
910
685
1090
1156
1746
941
882
1743
1838
886
1735
1894
1027
1726
1433
1761
974
1225
907
927
1184
1707
1685
3126
1877
874
1342
825
824
1559
3106
1155
1052
3202
1035
1779
1721
1482
3204
1060
1004
859
963
834
971
1600
877
682
666
1565
1787
1644
1348
1498
986
1566
1765
948
1501
1705
3202
2742
915
850
566
1597
661
727
1704
1779
786
1419
857
2245
1603
983
2676
1727
1746
947
995
1958
1516
1757
3223
2148
1892
1895
2157
2634
1769
1783
896
3109
1776
1477
950
1665
2427
3187
692
914
1549
599
3077
1749
849
3188
3009
2840
1328
2644
1632
3098
2167
1941
1770
907
3200
888
1110
1206
967
567
1489
2957
1842
2970
921
1580
1848
995
1774
1028
870
2651
891
815
985
604
2375
881
972
812
2357
1970
1678
2810
1614
1467
3163
956
763
2750
1480
2966
1331
670
972
3091
2090
1657
1339
3021
1580
3081
993
728
1795
1651
1768
1443
1035
2850
821
741
1065
1796
1447
987
1328
850
1603
778
1764
1701
2492
1096
1451
953
3166
865
3138
2170
677
1642
2469
1788
1856
1000
3185
1837
1764
2562
1017
938
815
1198
870
1835
1242
711
885
1019
1849
1640
1677
945
1113
831
2302
1598
764
647
992
1618
2609
1274
1496
920
2030
3202
895
1705
2909
1700
1935
3199
3202
3097
1453
954
3164
1661
3030
1752
3176
1156
1829
2110
952
902
793
1866
2827
3202
3129
3206
830
2900
1074
2131
1810
1679
3207
514
1603
1485
1068
3191
1654
2876
2453
1735
2585
1954
1940
977
1814
3243
1458
2573
3202
2351
1762
1727
3201
1396
925
1256
712
1610
2630
1816
1764
1094
1786
2031
1835
484
1009
3182
3148
1544
1371
2821
1192
1728
1554
2599
849
1802
655
602
970
664
743
1870
878
2975
1568
1473
999
1536
3202
1500
1799
1619
1764
896
830
802
1381
2250
1322
1403
1380
806
1629
1716
830
2695
1654
1347
1015
3181
3202
2837
2824
1835
625
2779
985
1434
1611
949
1626
939
1510
1112
916
784
1704
706
973
793
2524
973
2655
3193
1585
1484
1835
2759
718
3194
941
1764
1416
3106
1681
961
1687
1679
1747
1508
899
1835
832
2323
1765
971
779
703
2872
2755
2853
1824
874
2000
1825
869
950
728
1273
1867
1207
975
619
1396
1528
1006
1882
926
1451
722
666
1611
3152
1685
2207
2822
2514
3198
796
1835
695
854
918
1388
2902
2985
2794
839
1244
831
1833
3202
3208
1681
1773
2899
1494
746
1704
1747
770
2172
965
980
900
2372
3185
3112
600
899
1736
1749
695
957
2195
703
3186
1264
3038
796
1305
1470
1927
991
1681
2766
1006
1789
1918
1914
968
1758
1727
1119
1817
1122
757
2963
2237
1181
2553
1533
3202
1614
1790
1347
1082
1691
1835
1362
967
2205
1551
1703
3118
829
2725
1355
816
1711
1835
613
815
2821
1751
1575
1467
1603
617
890
2704
950
3202
1727
681
1655
1068
1839
3124
1450
826
2529
1233
1792
741
1697
2470
988
1608
1944
771
711
1603
1749
3168
3000
1653
1225
2480
844
2617
1019
3173
1126
1527
876
1829
1787
961
715
1762
885
1804
3060
2840
3157
770
647
760
597
1764
1215
1480
1723
1339
2305
1180
944
1627
1833
2130
1852
1855
1131
2548
577
2910
699
1086
2889
1858
1081
3238
2898
978
1542
2056
1667
1091
1835
2974
1006
3150
1082
1729
1190
2753
674
2256
788
952
2043
3146
728
1836
1665
802
1142
1811
1794
1617
688
668
2709
518
1011
2814
2705
703
1675
957
1513
929
2175
1596
1375
1754
1005
2906
2064
1642
925
3076
2053
1586
2376
3151
1652
3144
3199
1514
588
3202
628
1321
1791
2211
729
1658
3196
1534
1729
1522
1002
1110
3028
1013
1764
1871
3070
1892
3221
3191
1051
1739
1300
977
1793
1501
1603
749
2278
1107
1764
957
1135
1239
1036
1599
773
1903
1952
875
893
3119
1808
939
1631
1427
1141
1401
2385
3209
1599
2522
2868
1505
3164
1835
3202
3202
2829
721
953
905
1935
1781
1575
2957
1054
1417
923
1858
1835
879
1676
585
1995
1621
1234
2623
3091
2876
1619
834
1832
1723
1718
1721
749
1142
1113
800
1572
3202
2740
949
1767
906
1756
880
1013
814
639
3202
2183
2055
3214
976
1675
668
1768
1598
955
1447
852
851
2754
1719
1835
1808
1566
1738
2075
1770
2509
812
1733
953
787
1533
1805
1437
3087
2574
872
1374
666
1605
828
1766
1252
809
3200
912
1467
892
862
1642
926
2858
2709
2941
3155
2422
1775
1764
750
3202
3202
2014
1816
2954
1696
633
3076
3071
1651
638
2789
855
1738
925
2072
783
1620
3196
2660
945
3030
894
619
1746
1033
1655
1040
829
1380
3205
1048
1835
944
997
973
1726
2124
3187
3018
2151
1713
1210
595
855
1771
938
1520
3088
1495
2465
1927
1311
3043
938
2640
743
2433
2335
1237
2753
1797
3065
2656
1286
1744
1567
1047
1319
599
950
1644
2927
712
1835
2941
1773
1777
2770
3202
1761
1431
2793
1074
1644
1150
1691
1842
1528
3089
1620
1494
2753
1212
1660
896
3005
1805
747
1890
1227
1840
2860
750
1267
1759
1039
1558
785
3060
1603
1933
1596
2419
2077
1709
815
1794
654
1421
1774
1767
2978
2602
940
3207
1046
1525
1010
1446
978
1614
967
947
1765
1527
1185
3216
1779
2709
731
1892
1750
3210
1874
2721
1150
1707
1219
1431
1673
610
1614
1744
1950
1789
930
1616
1874
937
1379
892
1736
1086
605
1742
1765
1611
3071
1548
1294
865
2375
2535
3156
1360
1666
2212
1028
1150
2899
1130
1830
820
855
783
978
1614
1391
1620
1583
1473
3240
984
703
1782
1832
1822
1603
1760
2975
1401
1311
993
1603
1519
2908
944
1632
1592
1559
3169
2730
1514
920
2643
1444
940
3218
2819
782
2125
2148
1245
1762
1010
1787
1590
1819
1452
1649
2218
2511
1231
979
1644
991
2999
994
3027
850
1801
2459
1014
1138
2324
767
644
1536
834
1484
2834
660
3085
1616
2104
1784
965
1303
1306
2102
2885
1801
1838
1434
1630
1541
2841
3154
1836
1631
1901
1659
1427
1704
1663
1544
1668
788
1427
1835
930
841
1437
2709
779
2709
2726
3207
1701
1770
3030
1717
1541
3198
824
1702
1878
2521
912
2654
1793
915
2845
939
1808
1676
929
1670
915
2003
1427
2803
833
847
3202
989
3168
747
1697
1539
1161
1093
944
725
1500
1118
3082
2579
1608
1915
888
1387
1041
1739
893
1541
699
1282
976
1786
1642
3202
2541
1967
1192
1243
1932
946
891
704
3215
1772
1830
2085
789
2954
935
1688
1733
1800
1653
1678
1087
3062
1161
1728
874
958
1764
2856
1652
1861
1659
3025
680
2023
955
1764
2958
2970
1406
2349
3202
2636
896
830
1206
1273
1326
970
3013
3227
1456
1894
712
3178
1537
1849
1536
1145
1558
2761
2563
865
1613
1942
914
693
906
1671
1544
1764
2446
1819
942
679
2469
966
738
657
1369
2013
1790
1147
825
1571
984
810
670
1764
1454
1612
2662
1756
1657
1413
2366
705
1721
972
1835
2321
991
3177
1439
2709
1245
2527
2805
911
2552
1835
1802
713
2177
1639
1599
933
751
1143
581
2876
3163
938
3159
1698
2534
2205
3202
1684
1457
1415
931
1639
3072
1737
3005
2273
2411
1093
1997
1551
1372
1684
1279
671
1175
1803
1913
1017
1764
3067
1608
1969
2716
835
1712
756
986
718
1821
1646
2788
1721
2169
2697
2069
901
986
863
1786
887
3202
3020
1356
808
1454
1318
2181
3239
1783
1555
2652
1324
958
924
780
1642
1763
729
1181
974
3196
3202
825
1055
976
1870
1382
1701
1234
1791
1764
2849
1194
1142
2728
1988
1835
1647
909
1914
1092
1627
1805
1244
702
1939
2431
1724
2791
1803
2729
727
2527
1755
1777
2009
636
1100
1669
2596
1040
671
1332
1597
1585
1064
914
866
2741
2458
730
918
3127
1733
1821
1376
1181
1763
875
1847
1615
1835
878
787
1719
1468
1180
1430
1849
944
629
1241
1592
1742
1531
531
3201
1232
728
1899
1033
2292
1845
1741
864
1273
954
1195
1873
1931
2042
2309
3093
959
1688
905
1632
2954
1336
792
882
1718
1720
1729
1818
731
912
856
1828
1646
3131
1249
1319
3063
977
644
2717
3241
729
941
1405
1854
1009
1746
1557
848
975
1438
2229
1809
1706
1206
1332
2547
1587
1826
533
2119
1378
1459
3011
1853
1452
3141
2060
2925
1824
1136
1103
1110
1673
1892
950
1838
1522
3042
929
1791
740
2617
718
1050
746
1308
1832
1846
772
3036
2813
3206
1074
2173
574
561
2804
2324
1580
1347
1116
1778
2231
3202
1051
1894
2709
1200
1837
1710
655
1358
1189
1603
975
1764
1155
1483
961
964
1833
2136
3202
889
1863
1597
1818
1824
1788
1373
954
2788
1673
3011
3021
854
1578
1880
1844
1373
3202
1775
3139
1811
2709
761
1264
3214
2800
1829
1501
3202
835
1399
3214
1549
2223
1193
2390
3095
1564
1052
1056
2871
1966
2701
3006
1760
3122
1646
1760
1019
665
979
1114
2709
831
1417
820
1250
965
3058
736
1351
1805
917
703
1603
3208
1561
1311
1070
1754
966
1684
1587
2705
1386
1623
2971
2175
1619
1571
1209
958
539
2709
1677
2709
2117
3202
886
2866
1070
1363
2107
779
1768
1695
1555
1608
1740
2634
1296
1835
559
3020
3199
3073
1443
845
1375
2637
1642
1707
1438
1376
1418
3202
966
2886
3130
1293
2221
919
871
861
1764
1384
750
706
2085
2747
1080
3052
2587
1708
2313
1110
822
1882
866
968
880
888
1217
1048
1812
1603
1835
1531
589
1912
3204
877
1853
761
787
739
1760
951
1120
1720
758
1462
750
767
663
915
1915
2634
1177
557
1696
1785
2749
2920
1783
1756
2854
633
3062
1102
1634
1464
1549
943
2880
1593
990
775
1129
1640
2770
1835
1263
2012
1554
3213
1863
1542
876
772
722
3173
694
924
1199
1993
1841
2631
1764
853
3021
1689
709
639
2243
2210
875
1645
1838
937
1603
1010
601
2245
1599
1339
1169
942
969
3073
1350
1822
2709
2410
1556
1162
700
2355
935
865
2060
1716
698
887
1022
2482
2906
1106
1632
935
2854
1244
1812
1341
871
946
1084
961
954
3069
1112
975
2609
2996
2629
3202
1412
1322
1800
670
737
1754
1606
3202
2508
3044
3182
3053
1527
1389
1283
636
1324
3043
1843
918
1752
3228
1724
2897
972
1372
770
673
1238
1835
1637
3202
1625
1404
1454
988
715
1592
1523
2969
1815
2790
2687
954
988
1722
934
1589
1030
3114
3120
1764
1968
2985
1661
711
823
3202
2126
1007
1175
692
1020
892
632
982
713
491
2822
938
875
1595
2967
1300
827
986
1665
2584
986
1699
1575
910
2217
987
946
702
2084
1389
2946
3189
1392
2012
1347
1841
1765
796
2988
3161
1700
964
3169
1070
1651
705
1270
1712
3048
979
1199
1750
1707
2887
3202
1977
1761
1940
1016
772
1498
2235
1193
1082
2673
1674
1804
1053
1602
1654
943
1764
2923
1560
722
2054
1332
1856
651
1689
1423
978
1807
1021
2709
3106
1965
1838
2186
842
2831
1791
843
1520
1305
2356
1351
1415
831
1184
1271
3014
945
1048
606
782
1000
707
2107
3231
3232
805
847
1550
1226
928
979
803
2648
2914
1016
2471
1774
704
709
1053
1817
2495
1903
1713
785
1129
1375
982
1696
2833
741
1048
928
3056
2984
3250
683
1835
1005
1669
772
3165
1692
3121
1222
1761
1970
1045
1078
833
503
1922
909
1467
3055
1307
1764
1113
736
910
934
723
1222
897
899
1001
1326
1630
875
1170
960
2937
1077
1899
1400
1978
3091
1452
1259
1787
1133
1667
767
940
1159
1655
2486
3026
3189
1689
1258
2647
898
773
802
1586
1175
1775
740
1986
680
891
1815
2884
2191
1894
1155
1732
898
853
3046
1701
1535
3200
2817
1660
3107
757
1078
1087
823
3139
1550
952
1432
2401
1307
949
1365
1728
1067
2709
2974
2709
1317
768
1219
1798
3183
960
1216
1341
3126
937
1586
1832
947
748
2077
2714
1669
1716
2179
2328
751
2661
892
1203
2024
1689
890
893
1437
1674
1754
1063
1099
1832
908
3089
1083
1030
1841
758
3060
2568
3181
1036
819
1763
1475
2545
1630
694
2932
1150
619
914
947
1264
1401
1688
627
769
2549
1449
2136
1690
2863
2361
937
1864
1635
754
713
952
854
855
1830
1215
882
1713
974
1835
1835
1407
3129
958
1167
1603
3202
1472
989
2833
1736
965
878
1764
946
3030
1781
945
2530
1228
969
2300
911
1835
1868
806
1703
1588
1751
1650
2596
1301
1832
977
693
1055
1221
1195
862
3171
620
1877
1465
1340
2945
3129
1623
1416
1652
1615
1493
625
1670
2743
1835
914
1584
1081
1575
1889
741
1768
3176
2709
2172
3234
2617
2715
1630
933
3202
2770
1725
889
2426
1314
1289
773
1791
1572
1500
1719
1420
892
951
758
935
2840
785
1095
986
958
995
1831
2863
3051
2781
877
2103
1764
1353
2275
2901
1816
1752
624
2872
1624
2889
1773
1867
1783
1661
1710
761
1781
3181
658
897
1089
714
2434
2448
3202
3194
964
1160
2938
1371
873
1483
983
3122
1764
2121
1451
3150
2770
3202
2388
1766
3164
1774
841
1324
3205
955
2685
3045
3207
978
943
1240
2764
1735
1739
2838
1764
2619
2341
997
2418
882
1157
3202
1743
2474
2979
680
1535
1814
893
2914
1463
3234
2699
946
939
1142
1657
884
904
983
1538
2522
1054
792
942
1803
1051
1783
1851
1890
681
700
707
2736
2050
974
1276
1413
3208
775
1483
1446
1928
3202
2379
952
935
1715
1896
2377
1890
915
2130
983
814
2706
3156
2772
2292
1773
863
1822
864
946
1647
3033
1800
1988
2070
2925
1546
646
2917
1657
924
816
1077
702
1560
906
912
3072
1819
2583
1271
2038
972
743
1478
850
3202
2561
998
3223
740
1615
1037
796
3141
1611
1828
1208
2643
1036
2013
1194
1475
1835
1851
1004
3014
1795
1649
1790
853
3221
1386
2201
1655
1324
1681
882
1807
1442
1620
3202
785
3193
1770
1085
1651
1035
711
1841
2971
1643
1463
1660
1127
1712
2265
1554
2975
1835
1172
2266
660
589
886
2706
1874
1603
1686
1530
1609
851
1864
1701
1869
3222
1735
1764
1589
2047
953
1784
1713
1056
1648
841
2274
1502
859
3178
1721
1704
1588
1493
2564
1387
1731
1182
902
2118
2689
1610
1679
1828
1008
786
1719
931
1637
1978
1638
1897
1764
1075
1040
3157
959
1744
2432
966
1137
1193
826
1736
3139
3202
1751
1828
1731
2131
3202
999
3103
1764
1804
1532
2584
1288
914
1067
789
3202
1684
785
2694
2358
1805
1056
1805
2897
2003
3009
872
817
1510
951
2114
1764
1670
2150
677
983
804
1491
1001
1560
3232
1422
1051
807
2709
750
1755
1517
1395
3114
1735
1764
3206
898
1596
3075
992
3085
1084
1390
1033
1374
1610
1098
1752
693
950
3166
2316
3205
2508
1726
1028
913
1069
1547
951
1705
1842
3202
3052
745
2709
707
1742
1770
2033
2087
2504
957
762
731
841
1614
1614
1785
883
2774
1601
1037
1119
985
1850
910
579
1557
1636
1620
2622
1668
1680
1542
908
1068
1161
1542
3068
1573
1851
3217
891
1622
1482
3220
2436
1118
2805
3216
2817
886
854
3199
774
1835
1743
1575
1654
1287
731
3027
867
990
3194
3202
3222
2863
2532
1831
1603
2709
1863
3155
1630
1311
2639
1308
3202
3083
1540
1835
1087
703
966
2530
1804
1676
3202
1700
1434
1123
1762
1773
1048
936
1164
1255
1495
942
1701
1660
670
1777
2894
1750
800
2032
1740
954
1770
737
2810
3137
3176
2531
2347
2576
1704
1734
948
751
1861
3157
715
2981
2817
1656
1915
2709
2337
1611
1314
826
3229
1311
1786
1835
1684
1764
863
1776
1764
2537
861
1196
1667
1764
1749
1762
2266
842
882
794
1018
1550
2897
2858
1002
2198
641
1626
1421
600
1368
1363
1627
1095
2996
2921
1916
2950
3122
2660
2969
2844
1684
985
2264
1038
1718
1501
2660
1763
1600
2780
886
1425
904
616
1831
713
993
1958
2968
1207
1583
1799
2679
2126
1788
2987
678
1520
998
1220
1734
1700
1835
1523
1764
2479
3134
1854
2722
2766
1942
3202
1662
872
1610
1810
1815
1278
2629
1473
2738
945
840
3113
1835
1709
1618
1237
2164
1441
1358
870
2827
1711
933
2654
1792
1542
1662
784
1818
2064
904
2478
1093
1725
1925
1180
2888
934
648
2423
925
1877
902
1756
1760
1308
1514
2726
1086
3202
905
996
758
1806
1811
1229
1764
3175
2304
953
3207
3224
2004
1019
1841
1149
1283
703
1579
1442
637
884
868
2542
2709
2492
874
2464
1714
1795
1686
1806
2894
882
862
729
1579
901
1368
1411
1776
3218
2839
2428
1669
3005
920
988
1671
1610
1160
1835
1662
1417
3240
3202
3051
2755
3233
822
625
798
1849
987
1406
2875
677
1324
1729
692
1660
860
3094
3202
1484
3186
1210
780
1139
1480
1811
1116
1664
1119
1863
838
1735
2918
699
918
870
961
976
2589
884
957
2660
976
2574
1732
3150
1178
713
3190
725
1827
2509
1764
1334
1814
3234
1857
1678
1771
1603
1553
1160
855
2921
2982
982
687
1866
3225
861
705
3178
1786
1620
1509
1781
1741
1931
964
1450
1561
1077
2684
3099
1424
1054
1511
785
1765
697
1348
1621
1023
995
1434
1618
1699
2249
1339
795
880
609
2722
661
1130
1185
806
582
1384
1306
929
1736
3217
2868
914
1758
1764
2751
1442
828
1764
942
1685
1820
864
1788
1254
1302
1783
1969
1764
1015
847
1543
2709
1631
1675
506
1643
998
931
954
1773
1847
3221
1699
1682
1887
1461
3096
988
1459
1140
1465
1778
3204
1835
1739
1572
1836
670
1601
1826
716
1100
846
1066
1793
920
1764
1036
1601
1232
1349
719
1816
1702
1254
3170
2687
1589
932
703
964
2709
1598
848
1764
1255
1125
845
1029
2676
2716
843
1767
1462
801
814
1711
3202
1646
1649
2751
3015
2709
2171
1042
695
1801
2194
1653
1555
1644
1717
1560
3193
1340
596
1835
2709
2272
1701
1599
2921
955
654
1171
1835
1619
1835
811
2228
647
781
1259
595
1981
778
1554
1821
790
970
1219
778
1542
603
1496
1404
1603
2958
1427
901
589
1116
3202
2954
1231
2847
1180
770
989
1824
2610
559
908
1448
940
2104
624
3234
3182
1487
2148
1828
1555
3202
1278
743
1369
692
1599
1140
746
2982
2076
1666
859
1404
1482
3220
1612
1794
1856
897
930
1611
2808
778
1040
3186
1759
2838
1084
1582
1436
951
1662
1611
698
1042
3176
3205
3140
1053
1708
1435
610
1602
2104
817
748
769
901
1757
888
3202
970
796
777
929
932
818
609
1783
2804
1170
2448
1577
1845
1756
855
644
946
1175
907
2053
905
1840
775
1581
964
1090
1870
3097
1778
933
1603
922
3188
3071
2668
1613
953
937
1736
1678
841
700
1727
1726
877
917
1765
1505
2052
3233
1639
1001
1279
884
1643
2617
1435
1926
3023
2104
1373
1235
2919
2709
1691
862
886
1015
948
1485
1746
2247
1424
2015
949
1233
645
822
964
1466
1835
1722
928
959
2878
1375
845
1004
1655
2997
3229
1495
1657
2265
1922
1835
803
871
551
2254
928
1109
965
1459
1496
2369
1652
952
1246
1087
901
764
954
1607
929
1486
780
1211
1708
854
691
2811
824
852
2837
3044
1717
1140
2914
950
1054
1751
1582
3211
1685
2491
1835
1835
1819
2709
1558
1798
937
796
1696
869
923
1032
1870
2663
803
1403
1353
1864
1391
1411
903
743
1498
1776
1596
660
3046
1615
1244
2227
1790
1748
982
1728
2364
3202
1985
1617
3040
2206
1537
766
1768
2822
1603
606
1585
1153
794
1872
1306
2376
1701
2336
1763
2019
1424
1266
661
1256
1101
3098
1818
1520
1527
1654
1815
1345
3153
1577
1555
3194
1749
1605
1632
808
1634
1018
1671
1740
2180
1699
1649
908
2265
1249
933
671
2486
1746
1543
1377
928
1754
993
1784
2863
1117
1520
1747
2236
976
1585
2503
1077
618
2279
1031
1481
2230
3202
3192
2677
2405
2971
2779
684
1636
994
2841
1575
2990
3202
1401
1585
1708
3198
1124
2183
1816
1654
1288
955
3191
1606
947
919
1428
1866
1727
3231
922
646
1012
983
1839
783
848
2648
1925
1857
1835
3119
1700
618
1741
2969
2167
1425
1404
919
870
945
3135
1225
636
1413
1604
1832
1482
680
2655
729
1507
1243
1764
1408
1408
1931
1764
1789
2863
2074
2248
2968
2417
1611
575
1364
2549
1568
1635
986
763
1521
768
1213
1626
910
1795
3202
3091
850
1046
893
1650
705
1829
1476
1764
1130
3123
1706
2821
1845
1181
1795
856
1777
2316
1554
1251
1838
918
1625
2797
1912
946
2456
941
3202
806
1740
1702
2309
1730
1870
2693
1218
1842
1625
638
1388
1838
979
923
1537
1817
1467
1716
1895
707
867
981
991
1399
724
727
625
2944
2878
1617
897
3202
3211
888
1563
3096
1524
1211
2262
1359
1763
1761
889
758
581
3195
988
876
2296
1214
1824
744
1527
3204
2892
1742
1099
1983
2860
3008
771
2425
1472
2438
1497
1794
2292
617
961
821
1320
2359
1692
1768
3081
2650
1674
1604
1759
858
2719
1170
944
1065
3236
1429
1603
3032
1766
1485
1793
747
1934
876
652
1339
1772
1985
1036
1134
2893
2862
1529
862
899
1212
1587
837
757
3193
2345
996
3202
3202
1428
994
1557
1523
2012
2709
1331
1764
1713
1372
1627
3202
1781
1722
3069
696
971
2928
3202
1802
1012
726
857
3202
1510
1399
1040
1080
2429
962
660
1916
2762
3134
939
1423
1521
913
1474
2074
1649
1606
1903
1142
693
1812
1022
1745
2076
1826
825
3018
1564
1979
1816
2481
867
1835
1310
1376
1416
757
2709
1919
3113
3193
1144
902
972
946
1322
650
1603
1819
2018
1584
1696
1502
2296
756
3206
2150
1653
1527
1835
924
2248
3106
3204
602
1070
1026
1474
1778
1764
2803
1774
1619
656
1759
2088
1750
1839
1114
1728
733
1284
829
2659
1767
1517
1529
787
1421
1375
1016
1741
827
2256
1615
1096
708
2142
650
2381
1764
880
1872
909
859
1404
621
1406
1041
1743
882
900
1336
2294
3231
1676
1686
1774
1754
1558
1562
1577
1521
719
813
948
2842
1737
2994
702
1404
1605
650
842
1765
2288
2659
1561
1659
1781
1522
840
2619
1806
886
2636
963
1801
1646
2850
2420
1755
722
2368
1269
871
1669
941
838
679
1764
1773
1743
1570
1584
922
1224
2166
2709
2333
2866
1698
1825
805
808
1638
1745
1817
1760
2207
2085
2877
1846
1715
2528
689
901
727
1725
1339
1483
1731
1196
1221
2859
1822
1639
2479
1840
1655
957
737
989
977
2598
2621
1836
896
1268
1461
1488
1696
1089
1629
1642
959
2170
990
1787
839
661
1434
883
1764
920
3156
1303
1845
1516
906
769
961
1809
2630
2090
1846
1543
2068
1637
682
770
624
2601
1138
1580
878
1369
934
1228
1180
1424
3195
2113
570
651
2810
2939
2668
1749
2087
1645
1704
1706
809
2864
3197
1352
658
832
936
747
1825
1764
2883
2836
966
1555
692
2845
1603
841
1129
1740
3000
1797
871
760
892
2511
1838
1624
1764
969
1013
1744
1100
2815
1529
1554
1410
3202
3203
1729
1874
1731
2701
3082
1411
2931
1508
799
816
1092
958
940
974
1417
3138
1796
978
1140
3061
807
1433
2821
2928
1062
1671
2030
1304
748
2515
829
2164
2738
1657
2553
1778
1817
2244
1560
956
1473
949
809
603
1011
1884
1266
1274
1262
3074
957
836
829
861
1189
671
1764
2763
866
940
748
903
1721
1869
2088
1658
1564
2353
1524
1045
3081
945
964
947
1567
1753
3196
1682
1651
1531
992
1764
1187
1666
1793
1148
1418
1138
711
1179
1358
2477
1643
1793
1737
1739
988
754
613
1108
845
3097
3088
1848
595
1803
2061
725
590
922
1090
2755
1747
1786
1690
2747
1517
1795
991
3212
944
1016
929
885
3233
1588
1378
842
1823
983
2505
795
2373
1460
739
761
782
3228
2798
611
1914
1723
753
3205
1835
2942
1197
1062
1814
1774
3210
1570
2769
1986
966
1642
1339
1595
1444
1852
1599
3017
751
2829
945
1624
1795
975
1765
3217
1113
1320
2977
1618
1666
807
2087
3132
1531
1571
951
958
1564
1509
1603
1433
947
951
1594
827
913
697
2878
1362
3180
1237
899
1603
2654
2805
1555
920
816
1397
1736
3217
1274
2831
1363
779
838
2698
1132
1804
644
781
849
1854
3218
1033
1954
1503
2310
1744
965
1081
1603
2049
3204
1766
668
757
1529
2657
3014
1687
1706
3169
955
963
2962
669
1407
3108
1719
947
1284
1368
1991
2951
2765
994
966
680
1024
1019
672
2792
3162
1318
806
571
3222
1924
910
925
1191
1797
3024
785
1785
706
1696
3168
874
1800
1839
1837
1549
1011
1764
833
1494
957
1533
1436
1826
1748
1819
879
3202
1640
1302
1835
1835
2548
1568
2586
926
1325
867
928
1288
2618
1627
3103
1655
1468
1284
1691
3024
3202
2505
974
1477
885
1841
1773
924
2739
781
742
997
2755
1389
2706
1738
1349
1021
1477
1569
1561
1037
3050
863
1849
1202
940
984
1819
1581
1686
1337
997
947
2008
1522
1642
941
3029
3075
2922
967
1072
1764
3205
1708
1661
863
1049
838
3189
1788
1481
837
3170
1320
1758
3214
2427
1686
1536
1457
1258
1805
851
1319
777
1906
1913
811
3197
1845
1040
1073
2506
1033
740
872
623
753
1629
1753
2581
856
1874
1344
727
1540
861
1822
1788
1272
2797
1788
2540
982
887
1148
921
2283
1391
1148
1764
2081
2842
3021
1827
1770
1777
1829
1783
2435
2709
2709
1733
911
2404
820
3202
896
1391
1764
686
898
1091
1206
1742
1648
1385
2203
738
825
1762
1749
1727
831
1838
1114
1836
1393
817
958
1723
2594
2808
686
877
3202
997
1282
1836
1759
957
1795
1467
954
1368
3090
1834
1786
926
1503
2968
903
950
2127
1780
1735
1642
1533
1835
1011
791
954
1071
1129
3054
1774
1235
936
1606
3026
1468
3192
885
3086
1775
2066
1528
685
1962
2123
2018
1648
2529
2638
3034
2922
2893
2571
2748
838
1962
854
985
1718
961
1083
1721
1106
1438
3186
837
1414
1002
2015
1256
1052
894
1721
907
2626
1337
821
928
674
1388
798
1561
1086
2094
2991
2692
1331
1493
779
1703
1732
2724
1306
1676
1988
1329
3000
1138
2908
1017
718
2296
703
1696
1691
1767
3202
1854
1828
2070
2390
1808
2904
873
2743
3148
3102
2965
2564
625
1764
1616
806
1727
1800
2977
1075
2759
1731
1192
1803
3014
2042
2617
1789
928
1816
1773
793
1008
2357
662
1764
687
1766
1881
1756
1668
1548
2240
2837
1852
1140
877
1676
785
675
1246
1262
1830
928
915
2869
1764
1603
3013
2636
949
1354
930
2884
2818
971
1668
778
1681
3222
3202
2687
2890
1554
658
1605
836
2842
735
943
1488
1353
1809
862
627
1162
1144
647
1759
959
773
3179
956
3013
3257
933
758
698
943
1891
1719
1123
1933
3189
1685
1713
980
3177
646
3106
635
956
3183
685
980
1763
1774
994
2889
2237
2475
1649
2515
1559
2753
809
699
1694
889
1835
2101
1805
3214
1304
3177
2387
1036
1729
1634
1030
1244
2709
1039
1176
1757
861
2714
1481
1603
1615
1186
1877
1791
3131
1835
3196
1626
3055
698
1369
1054
1379
1810
3202
1109
1624
689
3041
2034
928
1941
1372
3229
3236
1698
769
763
970
1700
1266
715
3012
1607
3202
1746
939
721
3227
1631
2270
728
1198
2851
1786
3202
710
897
1877
2661
1023
990
632
628
1135
913
1764
1372
924
1166
1011
2674
1828
846
1168
1592
1192
985
1764
1769
1628
1403
3168
925
1736
1438
926
1733
2861
1903
2709
2445
2553
789
2369
1094
1697
1497
974
2358
869
3202
1835
1995
763
1105
3173
1119
2747
1941
1468
841
903
2598
2700
1781
1212
1799
2451
1807
2749
1620
1516
950
679
1542
2812
1757
1430
917
1386
868
765
1679
1382
3220
1904
993
631
1155
937
1286
1390
620
688
814
1840
1088
1764
949
2176
841
1586
1943
3093
1668
1836
912
1123
907
2387
695
1502
1843
1235
3032
2873
1038
1764
1618
967
818
1303
1977
881
1777
1835
2210
750
1248
2550
1198
3042
3109
1584
3060
1722
1822
750
1053
2976
1595
1578
713
3193
1742
903
929
1191
2540
771
702
1030
924
2086
1488
1685
2709
1398
2886
1055
893
2395
1817
1560
909
1780
2186
2790
936
715
1354
2750
1621
746
1891
874
1315
914
1362
758
1713
1869
1835
1830
979
1753
3202
1118
2104
3132
715
960
2475
3202
1429
647
1792
624
1153
681
1430
2776
2975
1408
1408
1786
1086
1726
1023
1094
1420
1707
845
882
988
1046
1557
2528
1635
1765
938
645
717
1963
842
928
1101
1835
1176
1278
1761
981
1710
1780
1645
3190
809
1953
1475
3182
3091
1526
1441
1914
1731
1275
2015
783
1313
1021
1628
1679
2149
704
1109
645
779
2815
1704
1173
1203
846
962
893
1557
1689
1809
1267
931
989
1583
1818
3199
3064
2905
2700
3115
1433
1578
3142
1654
1469
853
963
1602
740
1824
2709
2602
1045
1138
1722
1883
1835
725
618
826
1303
1768
1453
1290
3233
3158
2652
1568
1122
973
2042
1832
934
2112
3122
947
1035
849
3192
1795
1335
618
1603
2662
2565
3202
1571
2005
947
1118
893
873
613
2089
1707
843
683
1179
888
736
770
855
713
956
1323
2329
2764
1861
2612
903
2309
1038
2518
1685
1736
1804
1734
1005
1074
1787
1574
1328
1731
1706
715
3202
694
1330
1266
1835
2294
2619
943
1594
1506
1648
3183
1368
1361
1752
1412
2182
1712
3190
954
785
2740
1764
1847
1118
972
755
1187
941
1797
3036
1771
1740
954
1422
1623
1556
737
909
1003
830
1338
634
2385
856
3071
1186
1064
681
758
1277
821
942
1611
1621
1878
1676
1745
510
997
1710
839
1442
3064
1048
1452
1627
1526
1835
1152
1097
941
2788
1024
1603
1135
1881
1050
2591
980
945
1648
931
2866
1478
3155
3149
1426
1719
699
1359
2709
1779
1708
1458
905
1717
1336
811
1391
866
1850
1143
1831
2183
634
1577
1835
969
804
2084
3036
3220
2486
907
2223
1930
2696
1603
976
2141
2825
1597
1212
1667
1977
766
1097
860
1796
1844
2709
3196
1762
1300
2995
1833
1688
629
1835
1764
1766
1451
1509
1915
2870
1520
1025
936
996
1268
1477
2506
1127
1835
752
750
1678
1177
2795
1013
947
947
3196
1662
904
817
3202
1686
1353
870
1741
3167
655
1803
1516
1374
559
2943
1639
2645
2607
837
929
1237
1490
1676
2526
1502
1666
3079
1764
1639
986
958
1130
1772
923
2928
761
1771
1137
960
2833
705
1360
2461
1809
1770
1001
839
1729
1092
926
3059
1841
3243
1195
3182
849
781
2010
2963
1568
1602
1930
1427
3223
888
1611
962
1329
2584
2521
1002
881
1181
1838
2103
1234
968
1844
1170
1396
1415
1850
1741
1510
801
2704
1623
789
1278
709
849
1352
2217
2681
1561
1664
1469
2824
1562
1064
1589
1408
1686
622
2726
2007
1542
859
1577
770
1088
967
934
3233
1630
1720
2647
1201
1765
1296
2570
827
1756
3246
2394
3217
3173
2145
2436
2827
2166
1759
1091
1030
823
2050
2709
1684
1467
711
1893
3072
1978
3134
2454
1603
1812
2329
2630
1643
657
846
2682
3182
1523
2852
677
948
1792
1104
3131
3021
1803
968
807
1764
3017
2865
1542
1626
946
2245
1927
2482
2421
1831
1084
1753
1603
1568
696
817
2506
2242
1488
2845
1791
1921
1790
1509
2940
902
935
993
1751
2792
920
2795
1032
1338
1655
940
1498
983
1652
3099
914
2046
2633
1997
1245
924
957
3148
1764
2709
1233
2822
1874
3102
3090
898
1204
1711
1117
2817
2006
2321
1505
1608
1057
2207
642
1835
1034
628
844
1835
1747
2914
965
1440
1762
1594
658
1118
750
3121
877
988
1747
1132
1503
1717
1764
1662
1603
1763
1771
1835
1095
1748
1845
1529
2678
1519
749
692
870
753
1220
994
2405
528
3202
3229
1075
1105
1947
1265
1764
1685
2088
2780
2702
2845
1783
661
3188
918
1296
1010
1708
1603
1033
825
933
1552
1628
2265
2657
1562
1700
662
1781
2339
752
944
856
3234
1560
958
2769
814
1404
1469
889
1793
1764
690
695
968
859
1711
1734
941
857
862
1697
1339
1464
1205
1873
1713
940
998
1468
948
1453
667
1835
933
2773
1479
2141
1670
727
1707
828
987
2730
2403
1655
2729
2775
2722
1813
1524
1598
890
1900
1754
2037
1484
2016
3236
1230
1704
810
670
909
1450
1449
1725
1808
3054
1073
1756
974
738
585
985
3202
3218
1514
2973
1542
1361
3115
1764
1161
1141
1715
1835
1816
1867
1550
624
1915
1578
983
1577
792
2450
824
744
925
886
849
1659
1023
3005
1703
1574
1027
859
1259
1581
1760
1187
1611
1017
1221
1173
820
1364
1000
3222
1718
1717
1125
723
1764
1617
859
748
478
760
1788
3082
2661
3182
2183
1696
1740
1696
2630
772
1609
1002
821
1835
790
725
1829
2816
1551
1288
852
2709
1442
859
1912
977
1765
1835
1456
1713
1035
1696
1698
655
3155
1780
1648
1475
826
774
587
739
1368
1090
1607
952
1768
1697
2199
2721
3236
1658
1682
1917
1301
3068
1828
1068
1739
2221
850
1343
1591
1796
1306
1006
2541
3202
1177
2449
1694
836
674
2561
3223
3202
1548
1477
1762
896
992
880
2887
1800
962
1835
1754
1855
1279
1124
1409
950
1394
1344
2601
1656
955
937
1804
937
873
1136
679
1280
818
3089
1828
1824
1797
1651
857
1830
1896
1604
2617
3243
963
1954
1009
1794
579
1199
776
2185
1854
2817
1371
1467
1361
1285
1745
1584
1290
3243
3157
790
1535
945
1839
629
3202
2967
1738
1679
3148
1396
1718
903
1319
909
1724
1794
837
1624
1580
1837
607
509
800
1026
2611
1803
1628
3202
1806
669
3133
1239
1818
758
1518
961
1116
1720
2272
2751
3231
3157
1064
1473
1733
3209
805
1577
1628
948
957
2257
1618
1466
1094
1751
1764
1355
847
1835
3036
3170
1386
1504
873
1718
1704
1011
1379
1028
3186
1856
2472
1703
1282
842
1263
1389
2998
2956
3196
965
2709
3231
862
822
3220
1005
2127
767
730
2569
958
2803
1435
2907
941
991
723
740
613
1547
2008
846
3235
1193
2893
2587
1169
1701
1142
1412
1157
985
1680
1209
1682
956
602
2599
1708
715
2918
702
2004
2944
1351
1696
2064
1766
2850
783
1095
2012
531
1608
1523
1023
3176
1764
2068
2827
1835
1609
2488
2944
1511
1743
2891
1488
3196
1345
2092
500
673
3159
1775
3097
3211
1697
1011
1650
999
2829
3198
920
2356
1078
1797
3176
881
2095
2655
1815
879
1677
2046
1613
1933
905
1805
1084
1028
993
1806
965
1421
1242
1838
1910
1675
1768
1841
1704
1144
1548
846
647
1764
1488
1448
1329
1741
1834
1546
790
1410
1575
1052
1660
1198
708
1575
2465
2903
1002
1764
1537
1106
1575
929
1791
1998
1632
1025
1011
949
1904
839
737
2609
1741
2864
2628
792
1805
1313
702
1844
2661
2600
3083
3057
907
956
1649
1391
680
2632
1001
1683
3159
954
2948
985
1699
1670
1908
790
1656
2730
759
1718
1764
3202
2898
1294
807
1857
1601
3202
1671
1867
1721
714
2394
567
1603
1837
1701
3196
973
2155
3220
1502
1648
1905
1626
1599
2855
3167
3202
2989
2845
2278
910
1741
1174
2354
1177
2839
957
3227
700
1196
1008
1562
895
2652
1928
1841
748
2681
1876
1782
1157
1438
943
1822
878
968
993
1957
1322
1135
1801
840
1828
1739
1673
1129
3202
3246
1803
1764
1294
2814
1030
1300
3058
973
626
1168
1833
1750
1705
1697
958
1652
3091
1821
1006
751
907
984
853
1578
1825
2654
1187
1667
1710
591
3097
2453
1267
1581
946
1090
901
1420
1132
828
1532
786
919
3005
2663
2400
1709
3199
3196
1469
885
2957
720
942
743
883
1839
1249
1149
917
2382
1193
2069
1509
879
1042
3019
1268
1034
1534
1676
1131
2763
3094
1543
1835
1809
797
660
654
3202
3121
3204
2591
3133
1446
929
1306
1388
3129
1393
1764
1886
1772
675
811
1497
2489
742
1107
3202
703
1039
1307
1748
1371
933
1723
677
1804
2115
3204
1548
3202
957
1056
1713
1050
1512
1256
859
1807
2708
3133
1172
1105
1379
1286
2471
1669
1837
1408
919
2081
3099
2684
1773
1255
2316
1181
1472
999
1609
2241
2709
2709
805
3202
1050
657
785
875
1603
584
3208
1608
1787
1913
3032
913
901
949
2965
960
1062
841
2357
1063
723
2578
1764
784
685
2183
1067
3254
1611
1811
1820
620
805
680
914
1887
1831
985
2819
2110
1804
3043
1362
920
951
735
2779
2659
1810
1680
961
1464
663
2964
2145
2475
3209
1807
783
1832
647
1624
842
2764
891
906
960
905
1455
2798
2423
2041
3136
1449
1143
2657
1357
1267
1817
2849
1393
1210
1858
1658
1084
918
2051
1179
1764
993
1144
1720
1908
897
1308
2646
3194
2626
1769
1607
918
2463
992
882
1781
716
2944
1803
938
956
664
1461
2883
1605
1714
1107
1127
1344
696
708
3210
2651
930
776
904
841
958
2083
2256
811
694
1601
723
1764
833
996
1766
2995
725
850
2756
2299
2476
2989
1482
936
2009
1623
1307
864
861
1494
2945
650
1714
1914
1835
899
2626
3195
1095
2803
1519
969
2371
3050
946
1489
2894
1896
1609
1386
1101
737
884
1691
1064
730
2275
2821
1689
1039
1813
982
1578
1073
1769
3186
1135
1541
1199
1746
1170
2709
2794
3199
3207
1764
3005
1295
1592
2389
1927
1224
1930
1341
1925
2880
3121
3208
1701
1303
938
592
1756
3162
1791
1835
606
1384
1520
610
1802
1160
1512
750
1278
894
1502
1837
3108
883
2568
968
1626
1772
1170
1775
1690
1884
2709
1404
853
1032
3206
934
1815
1664
2839
1339
2899
672
2945
1977
2260
904
962
919
2845
936
2468
2931
1604
1707
972
1647
1675
652
699
1030
3202
607
2843
1023
2041
873
2059
628
3216
1764
2198
758
1717
1333
2937
645
1077
987
3166
1811
1789
1811
837
1739
2553
1750
1192
1835
877
1835
1122
1102
2836
1540
1550
566
1536
1835
1366
1795
1647
1667
2503
1725
1650
922
1112
1078
1476
3239
1652
684
1383
3148
2060
1573
1731
2563
2816
2496
806
1667
1979
702
953
3124
3221
1709
2578
1732
2146
2966
2483
1878
2148
680
947
1609
1714
2806
907
964
854
606
574
1015
843
896
1186
783
1801
1094
925
1403
917
1561
1001
1078
1573
1565
2177
1793
1553
3205
3241
1306
1465
694
1643
1630
1590
1175
1206
1760
1364
1811
1473
765
2569
1221
1038
888
1758
3177
951
1645
2178
2097
2795
2765
1775
831
1542
1836
1719
1005
1435
1490
3025
906
1351
2216
2850
1254
1323
1770
1740
1831
2946
1704
1041
3237
2108
954
1762
881
1825
1603
1616
1100
878
3198
1951
1474
2179
734
2216
677
1741
1587
931
763
782
2326
1958
1054
1306
2852
1442
2761
1771
744
1850
1145
1685
2907
760
915
1254
1736
618
998
1137
1754
858
735
1833
1650
913
1597
3184
949
783
3232
1276
922
845
1769
1842
1165
1867
2273
1729
1838
1449
1316
1815
3132
1718
3202
2815
1502
3033
1629
1225
743
1785
1645
3266
2752
1539
3045
1725
780
2101
1233
568
3223
813
823
683
1834
1113
3088
1040
802
2875
1565
1385
2073
896
1817
850
610
2986
1828
3202
2995
2394
3229
798
2411
1112
960
833
1022
2373
3206
2009
2829
2314
1417
876
1536
942
935
1857
3012
795
1706
1675
1459
2974
1756
913
794
1597
3214
737
2529
1352
3085
2921
859
3138
2729
1835
1699
1742
1809
3209
819
3175
759
714
1604
1147
2936
1731
1542
812
1529
1131
2021
1713
1761
894
2924
843
897
1205
1012
950
1540
1820
1219
1187
932
1309
821
1726
1835
1462
615
1835
695
775
743
1350
1491
1382
1371
1712
826
844
901
1036
906
1144
783
1626
2501
1835
2437
924
688
909
773
1717
627
865
992
2088
2127
1668
3234
3202
1793
1430
1621
1764
632
882
1715
940
1450
1336
693
1782
3119
3042
1763
1054
1764
