#Coverage	Number of genomic locations
0.0	5.9925723E7
1.0	4128348.0
2.0	1.8633796E7
3.0	3434967.0
4.0	1.1947093E7
5.0	3225176.0
6.0	9338818.0
7.0	3171476.0
8.0	7993056.0
9.0	3154608.0
10.0	7157475.0
11.0	3168640.0
12.0	6555592.0
13.0	3152713.0
14.0	6105651.0
15.0	3165241.0
16.0	5742402.0
17.0	3153473.0
18.0	5413654.0
19.0	3132588.0
20.0	5131705.0
21.0	3104948.0
22.0	4875181.0
23.0	3066497.0
24.0	4646864.0
25.0	3025709.0
26.0	4441146.0
27.0	2971084.0
28.0	4237776.0
29.0	2902192.0
30.0	4045998.0
31.0	2835432.0
32.0	3870818.0
33.0	2777195.0
34.0	3704316.0
35.0	2698845.0
36.0	3535719.0
37.0	2626684.0
38.0	3378954.0
39.0	2552854.0
40.0	3239405.0
41.0	2479324.0
42.0	3094661.0
43.0	2403120.0
44.0	2953260.0
45.0	2330716.0
46.0	2826724.0
47.0	2255121.0
48.0	2697484.0
49.0	2180349.0
50.0	2593227.0
51.0	2108361.0
52.0	2482671.0
53.0	2037608.0
54.0	2372120.0
55.0	1964524.0
56.0	2266205.0
57.0	1892621.0
58.0	2169998.0
59.0	1818591.0
60.0	2077675.0
61.0	1754805.0
62.0	1986068.0
63.0	1687135.0
64.0	1905392.0
65.0	1623473.0
66.0	1811693.0
67.0	1557769.0
68.0	1728595.0
69.0	1497533.0
70.0	1651460.0
71.0	1440457.0
72.0	1582879.0
73.0	1380039.0
74.0	1513881.0
75.0	1324186.0
76.0	1446436.0
77.0	1271366.0
78.0	1380239.0
79.0	1223791.0
80.0	1314708.0
81.0	1171346.0
82.0	1256212.0
83.0	1124313.0
84.0	1200649.0
85.0	1074972.0
86.0	1146890.0
87.0	1029609.0
88.0	1094234.0
89.0	987008.0
90.0	1049211.0
91.0	945976.0
92.0	1000158.0
93.0	906508.0
94.0	955613.0
95.0	870813.0
96.0	909917.0
97.0	831595.0
98.0	869193.0
99.0	794342.0
100.0	829112.0
101.0	757636.0
102.0	789592.0
103.0	723036.0
104.0	750502.0
105.0	689553.0
106.0	714653.0
107.0	657805.0
108.0	680741.0
109.0	627788.0
110.0	648375.0
111.0	600175.0
112.0	618477.0
113.0	573578.0
114.0	588070.0
115.0	546498.0
116.0	560025.0
117.0	521180.0
118.0	533536.0
119.0	496791.0
120.0	507478.0
121.0	475352.0
122.0	484712.0
123.0	452056.0
124.0	463912.0
125.0	432403.0
126.0	440266.0
127.0	414077.0
128.0	418693.0
129.0	393366.0
130.0	399996.0
131.0	374682.0
132.0	381180.0
133.0	357125.0
134.0	361025.0
135.0	338767.0
136.0	343206.0
137.0	324212.0
138.0	326416.0
139.0	308471.0
140.0	310038.0
141.0	293757.0
142.0	296085.0
143.0	278486.0
144.0	281024.0
145.0	264829.0
146.0	267267.0
147.0	251522.0
148.0	253232.0
149.0	240198.0
150.0	241283.0
151.0	228804.0
152.0	229525.0
153.0	216945.0
154.0	218281.0
155.0	207048.0
156.0	206933.0
157.0	196949.0
158.0	196798.0
159.0	187513.0
160.0	187265.0
161.0	178253.0
162.0	178027.0
163.0	170253.0
164.0	168916.0
165.0	160651.0
166.0	161280.0
167.0	152924.0
168.0	152347.0
169.0	145104.0
170.0	144203.0
171.0	138363.0
172.0	136827.0
173.0	130777.0
174.0	130566.0
175.0	124966.0
176.0	123543.0
177.0	119051.0
178.0	118348.0
179.0	112905.0
180.0	112372.0
181.0	107789.0
182.0	107916.0
183.0	101617.0
184.0	101898.0
185.0	97374.0
186.0	96917.0
187.0	92810.0
188.0	92151.0
189.0	88234.0
190.0	88124.0
191.0	83521.0
192.0	82734.0
193.0	79930.0
194.0	78178.0
195.0	76160.0
196.0	74628.0
197.0	71168.0
198.0	70750.0
199.0	68302.0
200.0	66979.0
201.0	64891.0
202.0	64114.0
203.0	62325.0
204.0	61053.0
205.0	59364.0
206.0	57999.0
207.0	56014.0
208.0	55889.0
209.0	53721.0
210.0	52908.0
211.0	51341.0
212.0	50447.0
213.0	48226.0
214.0	47942.0
215.0	46108.0
216.0	45649.0
217.0	44270.0
218.0	43688.0
219.0	42016.0
220.0	41694.0
221.0	40300.0
222.0	39658.0
223.0	38621.0
224.0	38483.0
225.0	36954.0
226.0	36660.0
227.0	35146.0
228.0	35057.0
229.0	33509.0
230.0	32882.0
231.0	31683.0
232.0	31933.0
233.0	30475.0
234.0	30043.0
235.0	29276.0
236.0	28784.0
237.0	27958.0
238.0	27548.0
239.0	26650.0
240.0	26669.0
241.0	25789.0
242.0	25358.0
243.0	24553.0
244.0	24236.0
245.0	23302.0
246.0	23624.0
247.0	23005.0
248.0	22215.0
249.0	21798.0
250.0	21125.0
251.0	20821.0
252.0	20465.0
253.0	20182.0
254.0	19905.0
255.0	18931.0
256.0	18546.0
257.0	18530.0
258.0	18114.0
259.0	17745.0
260.0	17508.0
261.0	17056.0
262.0	16619.0
263.0	16320.0
264.0	16076.0
265.0	15867.0
266.0	15742.0
267.0	15213.0
268.0	15123.0
269.0	14728.0
270.0	14637.0
271.0	14130.0
272.0	14079.0
273.0	13731.0
274.0	13595.0
275.0	13169.0
276.0	12943.0
277.0	12774.0
278.0	12682.0
279.0	12030.0
280.0	12262.0
281.0	11692.0
282.0	11801.0
283.0	11432.0
284.0	11219.0
285.0	10763.0
286.0	11031.0
287.0	10668.0
288.0	10456.0
289.0	10165.0
290.0	9910.0
291.0	9832.0
292.0	9487.0
293.0	9270.0
294.0	9588.0
295.0	9066.0
296.0	9203.0
297.0	9067.0
298.0	8990.0
299.0	8676.0
300.0	8367.0
301.0	8180.0
302.0	8216.0
303.0	7909.0
304.0	7941.0
305.0	7738.0
306.0	7651.0
307.0	7788.0
308.0	7487.0
309.0	7364.0
310.0	7245.0
311.0	7035.0
312.0	6931.0
313.0	6816.0
314.0	6840.0
315.0	6724.0
316.0	6756.0
317.0	6739.0
318.0	6541.0
319.0	6409.0
320.0	6252.0
321.0	6220.0
322.0	6269.0
323.0	6113.0
324.0	6010.0
325.0	5950.0
326.0	5815.0
327.0	5784.0
328.0	5610.0
329.0	5475.0
330.0	5314.0
331.0	5187.0
332.0	5128.0
333.0	4976.0
334.0	5098.0
335.0	5039.0
336.0	4933.0
337.0	4821.0
338.0	4757.0
339.0	4710.0
340.0	4946.0
341.0	4736.0
342.0	4520.0
343.0	4624.0
344.0	4566.0
345.0	4564.0
346.0	4273.0
347.0	4303.0
348.0	4322.0
349.0	4415.0
350.0	4274.0
351.0	4074.0
352.0	4118.0
353.0	4095.0
354.0	3993.0
355.0	4010.0
356.0	3974.0
357.0	3875.0
358.0	3764.0
359.0	3851.0
360.0	3740.0
361.0	3764.0
362.0	3598.0
363.0	3577.0
364.0	3424.0
365.0	3428.0
366.0	3277.0
367.0	3260.0
368.0	3270.0
369.0	3286.0
370.0	3190.0
371.0	3114.0
372.0	3140.0
373.0	3059.0
374.0	3203.0
375.0	3074.0
376.0	3038.0
377.0	2879.0
378.0	2986.0
379.0	2812.0
380.0	2837.0
381.0	2842.0
382.0	2781.0
383.0	2709.0
384.0	2674.0
385.0	2636.0
386.0	2684.0
387.0	2723.0
388.0	2597.0
389.0	2555.0
390.0	2548.0
391.0	2455.0
392.0	2605.0
393.0	2402.0
394.0	2439.0
395.0	2484.0
396.0	2476.0
397.0	2416.0
398.0	2406.0
399.0	2337.0
400.0	2327.0
401.0	2332.0
402.0	2271.0
403.0	2262.0
404.0	2220.0
405.0	2164.0
406.0	2190.0
407.0	2202.0
408.0	2130.0
409.0	2150.0
410.0	2093.0
411.0	2057.0
412.0	2122.0
413.0	2121.0
414.0	2015.0
415.0	1977.0
416.0	1897.0
417.0	1942.0
418.0	1924.0
419.0	1862.0
420.0	1896.0
421.0	1851.0
422.0	1918.0
423.0	1868.0
424.0	1831.0
425.0	1742.0
426.0	1821.0
427.0	1770.0
428.0	1876.0
429.0	1771.0
430.0	1695.0
431.0	1723.0
432.0	1756.0
433.0	1663.0
434.0	1727.0
435.0	1666.0
436.0	1596.0
437.0	1607.0
438.0	1676.0
439.0	1519.0
440.0	1575.0
441.0	1613.0
442.0	1556.0
443.0	1506.0
444.0	1501.0
445.0	1447.0
446.0	1477.0
447.0	1317.0
448.0	1475.0
449.0	1310.0
450.0	1371.0
451.0	1381.0
452.0	1415.0
453.0	1364.0
454.0	1345.0
455.0	1382.0
456.0	1342.0
457.0	1283.0
458.0	1341.0
459.0	1284.0
460.0	1270.0
461.0	1267.0
462.0	1252.0
463.0	1240.0
464.0	1161.0
465.0	1181.0
466.0	1196.0
467.0	1176.0
468.0	1130.0
469.0	1125.0
470.0	1146.0
471.0	1136.0
472.0	1157.0
473.0	1118.0
474.0	1122.0
475.0	1108.0
476.0	1038.0
477.0	1087.0
478.0	1056.0
479.0	1166.0
480.0	1084.0
481.0	1060.0
482.0	1063.0
483.0	1053.0
484.0	1002.0
485.0	1003.0
486.0	1027.0
487.0	1021.0
488.0	997.0
489.0	1024.0
490.0	1008.0
491.0	1013.0
492.0	983.0
493.0	992.0
494.0	920.0
495.0	930.0
496.0	922.0
497.0	955.0
498.0	922.0
499.0	907.0
500.0	905.0
501.0	927.0
502.0	922.0
503.0	839.0
504.0	838.0
505.0	798.0
506.0	841.0
507.0	838.0
508.0	870.0
509.0	849.0
510.0	826.0
511.0	843.0
512.0	819.0
513.0	789.0
514.0	815.0
515.0	782.0
516.0	779.0
517.0	801.0
518.0	804.0
519.0	805.0
520.0	791.0
521.0	853.0
522.0	771.0
523.0	705.0
524.0	761.0
525.0	701.0
526.0	705.0
527.0	746.0
528.0	711.0
529.0	689.0
530.0	731.0
531.0	645.0
532.0	679.0
533.0	669.0
534.0	691.0
535.0	664.0
536.0	642.0
537.0	702.0
538.0	692.0
539.0	607.0
540.0	640.0
541.0	645.0
542.0	677.0
543.0	631.0
544.0	653.0
545.0	633.0
546.0	616.0
547.0	609.0
548.0	646.0
549.0	555.0
550.0	642.0
551.0	635.0
552.0	630.0
553.0	548.0
554.0	582.0
555.0	591.0
556.0	580.0
557.0	599.0
558.0	581.0
559.0	589.0
560.0	531.0
561.0	518.0
562.0	518.0
563.0	522.0
564.0	540.0
565.0	515.0
566.0	530.0
567.0	496.0
568.0	547.0
569.0	551.0
570.0	519.0
571.0	529.0
572.0	534.0
573.0	542.0
574.0	494.0
575.0	458.0
576.0	503.0
577.0	476.0
578.0	479.0
579.0	509.0
580.0	466.0
581.0	462.0
582.0	440.0
583.0	436.0
584.0	482.0
585.0	411.0
586.0	425.0
587.0	435.0
588.0	478.0
589.0	435.0
590.0	423.0
591.0	445.0
592.0	399.0
593.0	401.0
594.0	427.0
595.0	409.0
596.0	381.0
597.0	405.0
598.0	400.0
599.0	401.0
600.0	385.0
601.0	379.0
602.0	369.0
603.0	385.0
604.0	374.0
605.0	362.0
606.0	384.0
607.0	355.0
608.0	341.0
609.0	362.0
610.0	322.0
611.0	336.0
612.0	363.0
613.0	281.0
614.0	340.0
615.0	330.0
616.0	307.0
617.0	344.0
618.0	291.0
619.0	343.0
620.0	343.0
621.0	323.0
622.0	354.0
623.0	337.0
624.0	366.0
625.0	329.0
626.0	293.0
627.0	326.0
628.0	311.0
629.0	302.0
630.0	307.0
631.0	294.0
632.0	264.0
633.0	316.0
634.0	324.0
635.0	303.0
636.0	305.0
637.0	305.0
638.0	296.0
639.0	286.0
640.0	329.0
641.0	281.0
642.0	321.0
643.0	284.0
644.0	284.0
645.0	289.0
646.0	329.0
647.0	281.0
648.0	296.0
649.0	288.0
650.0	287.0
651.0	271.0
652.0	275.0
653.0	277.0
654.0	244.0
655.0	264.0
656.0	261.0
657.0	250.0
658.0	250.0
659.0	244.0
660.0	268.0
661.0	236.0
662.0	266.0
663.0	275.0
664.0	281.0
665.0	244.0
666.0	266.0
667.0	271.0
668.0	274.0
669.0	245.0
670.0	250.0
671.0	234.0
672.0	228.0
673.0	222.0
674.0	222.0
675.0	225.0
676.0	231.0
677.0	252.0
678.0	202.0
679.0	227.0
680.0	228.0
681.0	208.0
682.0	220.0
683.0	228.0
684.0	227.0
685.0	188.0
686.0	209.0
687.0	189.0
688.0	186.0
689.0	174.0
690.0	167.0
691.0	168.0
692.0	210.0
693.0	163.0
694.0	164.0
695.0	173.0
696.0	180.0
697.0	194.0
698.0	182.0
699.0	154.0
700.0	191.0
701.0	177.0
702.0	192.0
703.0	189.0
704.0	167.0
705.0	200.0
706.0	183.0
707.0	172.0
708.0	162.0
709.0	187.0
710.0	154.0
711.0	156.0
712.0	175.0
713.0	171.0
714.0	173.0
715.0	157.0
716.0	168.0
717.0	165.0
718.0	138.0
719.0	177.0
720.0	161.0
721.0	157.0
722.0	152.0
723.0	166.0
724.0	162.0
725.0	155.0
726.0	142.0
727.0	166.0
728.0	143.0
729.0	147.0
730.0	122.0
731.0	168.0
732.0	158.0
733.0	168.0
734.0	154.0
735.0	144.0
736.0	165.0
737.0	150.0
738.0	148.0
739.0	124.0
740.0	147.0
741.0	132.0
742.0	142.0
743.0	137.0
744.0	135.0
745.0	141.0
746.0	133.0
747.0	133.0
748.0	141.0
749.0	149.0
750.0	133.0
751.0	150.0
752.0	135.0
753.0	136.0
754.0	124.0
755.0	146.0
756.0	123.0
757.0	146.0
758.0	137.0
759.0	167.0
760.0	141.0
761.0	122.0
762.0	126.0
763.0	139.0
764.0	116.0
765.0	128.0
766.0	110.0
767.0	119.0
768.0	127.0
769.0	116.0
770.0	141.0
771.0	154.0
772.0	113.0
773.0	118.0
774.0	108.0
775.0	107.0
776.0	111.0
777.0	125.0
778.0	146.0
779.0	114.0
780.0	121.0
781.0	137.0
782.0	124.0
783.0	119.0
784.0	118.0
785.0	114.0
786.0	114.0
787.0	113.0
788.0	122.0
789.0	99.0
790.0	118.0
791.0	106.0
792.0	115.0
793.0	103.0
794.0	130.0
795.0	116.0
796.0	107.0
797.0	89.0
798.0	94.0
799.0	96.0
800.0	84.0
801.0	89.0
802.0	108.0
803.0	86.0
804.0	94.0
805.0	89.0
806.0	96.0
807.0	92.0
808.0	95.0
809.0	89.0
810.0	105.0
811.0	91.0
812.0	87.0
813.0	110.0
814.0	91.0
815.0	87.0
816.0	85.0
817.0	90.0
818.0	84.0
819.0	79.0
820.0	93.0
821.0	89.0
822.0	76.0
823.0	76.0
824.0	67.0
825.0	74.0
826.0	78.0
827.0	93.0
828.0	80.0
829.0	85.0
830.0	68.0
831.0	86.0
832.0	76.0
833.0	74.0
834.0	67.0
835.0	67.0
836.0	94.0
837.0	93.0
838.0	80.0
839.0	76.0
840.0	66.0
841.0	68.0
842.0	79.0
843.0	79.0
844.0	86.0
845.0	85.0
846.0	82.0
847.0	94.0
848.0	72.0
849.0	66.0
850.0	72.0
851.0	80.0
852.0	63.0
853.0	62.0
854.0	84.0
855.0	60.0
856.0	79.0
857.0	50.0
858.0	81.0
859.0	60.0
860.0	67.0
861.0	56.0
862.0	54.0
863.0	66.0
864.0	68.0
865.0	86.0
866.0	70.0
867.0	66.0
868.0	69.0
869.0	79.0
870.0	72.0
871.0	85.0
872.0	69.0
873.0	57.0
874.0	51.0
875.0	60.0
876.0	53.0
877.0	77.0
878.0	65.0
879.0	61.0
880.0	55.0
881.0	59.0
882.0	37.0
883.0	62.0
884.0	50.0
885.0	69.0
886.0	57.0
887.0	42.0
888.0	54.0
889.0	64.0
890.0	46.0
891.0	66.0
892.0	52.0
893.0	50.0
894.0	50.0
895.0	74.0
896.0	63.0
897.0	71.0
898.0	55.0
899.0	47.0
900.0	49.0
901.0	57.0
902.0	57.0
903.0	41.0
904.0	53.0
905.0	50.0
906.0	56.0
907.0	49.0
908.0	45.0
909.0	57.0
910.0	63.0
911.0	50.0
912.0	48.0
913.0	62.0
914.0	47.0
915.0	62.0
916.0	61.0
917.0	52.0
918.0	55.0
919.0	52.0
920.0	64.0
921.0	53.0
922.0	57.0
923.0	68.0
924.0	51.0
925.0	57.0
926.0	45.0
927.0	45.0
928.0	45.0
929.0	51.0
930.0	58.0
931.0	52.0
932.0	56.0
933.0	54.0
934.0	53.0
935.0	30.0
936.0	47.0
937.0	44.0
938.0	61.0
939.0	57.0
940.0	33.0
941.0	46.0
942.0	49.0
943.0	44.0
944.0	57.0
945.0	40.0
946.0	41.0
947.0	46.0
948.0	61.0
949.0	38.0
950.0	55.0
951.0	54.0
952.0	59.0
953.0	46.0
954.0	42.0
955.0	50.0
956.0	54.0
957.0	48.0
958.0	52.0
959.0	60.0
960.0	42.0
961.0	53.0
962.0	48.0
963.0	56.0
964.0	53.0
965.0	49.0
966.0	46.0
967.0	35.0
968.0	43.0
969.0	42.0
970.0	45.0
971.0	37.0
972.0	42.0
973.0	36.0
974.0	41.0
975.0	38.0
976.0	46.0
977.0	37.0
978.0	29.0
979.0	41.0
980.0	36.0
981.0	42.0
982.0	52.0
983.0	37.0
984.0	34.0
985.0	39.0
986.0	36.0
987.0	40.0
988.0	35.0
989.0	49.0
990.0	41.0
991.0	47.0
992.0	49.0
993.0	40.0
994.0	43.0
995.0	41.0
996.0	40.0
997.0	52.0
998.0	29.0
999.0	38.0
1000.0	38.0
1001.0	47.0
1002.0	34.0
1003.0	51.0
1004.0	26.0
1005.0	38.0
1006.0	41.0
1007.0	36.0
1008.0	36.0
1009.0	30.0
1010.0	30.0
1011.0	31.0
1012.0	36.0
1013.0	34.0
1014.0	40.0
1015.0	25.0
1016.0	21.0
1017.0	44.0
1018.0	31.0
1019.0	29.0
1020.0	29.0
1021.0	35.0
1022.0	31.0
1023.0	19.0
1024.0	32.0
1025.0	27.0
1026.0	32.0
1027.0	35.0
1028.0	26.0
1029.0	42.0
1030.0	28.0
1031.0	40.0
1032.0	26.0
1033.0	33.0
1034.0	24.0
1035.0	33.0
1036.0	34.0
1037.0	44.0
1038.0	41.0
1039.0	31.0
1040.0	28.0
1041.0	45.0
1042.0	36.0
1043.0	46.0
1044.0	37.0
1045.0	46.0
1046.0	39.0
1047.0	38.0
1048.0	38.0
1049.0	32.0
1050.0	31.0
1051.0	37.0
1052.0	21.0
1053.0	44.0
1054.0	36.0
1055.0	29.0
1056.0	34.0
1057.0	30.0
1058.0	38.0
1059.0	24.0
1060.0	24.0
1061.0	30.0
1062.0	21.0
1063.0	32.0
1064.0	33.0
1065.0	27.0
1066.0	35.0
1067.0	30.0
1068.0	22.0
1069.0	28.0
1070.0	28.0
1071.0	35.0
1072.0	29.0
1073.0	22.0
1074.0	29.0
1075.0	38.0
1076.0	45.0
1077.0	39.0
1078.0	39.0
1079.0	28.0
1080.0	30.0
1081.0	29.0
1082.0	29.0
1083.0	36.0
1084.0	26.0
1085.0	28.0
1086.0	17.0
1087.0	30.0
1088.0	18.0
1089.0	32.0
1090.0	29.0
1091.0	26.0
1092.0	24.0
1093.0	22.0
1094.0	29.0
1095.0	26.0
1096.0	36.0
1097.0	39.0
1098.0	26.0
1099.0	27.0
1100.0	31.0
1101.0	32.0
1102.0	30.0
1103.0	34.0
1104.0	29.0
1105.0	26.0
1106.0	27.0
1107.0	33.0
1108.0	39.0
1109.0	37.0
1110.0	27.0
1111.0	37.0
1112.0	33.0
1113.0	19.0
1114.0	32.0
1115.0	27.0
1116.0	18.0
1117.0	17.0
1118.0	24.0
1119.0	16.0
1120.0	32.0
1121.0	31.0
1122.0	34.0
1123.0	25.0
1124.0	24.0
1125.0	32.0
1126.0	40.0
1127.0	26.0
1128.0	28.0
1129.0	25.0
1130.0	28.0
1131.0	23.0
1132.0	28.0
1133.0	40.0
1134.0	31.0
1135.0	21.0
1136.0	38.0
1137.0	29.0
1138.0	35.0
1139.0	24.0
1140.0	29.0
1141.0	33.0
1142.0	33.0
1143.0	25.0
1144.0	22.0
1145.0	32.0
1146.0	28.0
1147.0	25.0
1148.0	30.0
1149.0	27.0
1150.0	37.0
1151.0	30.0
1152.0	30.0
1153.0	29.0
1154.0	34.0
1155.0	26.0
1156.0	18.0
1157.0	34.0
1158.0	24.0
1159.0	24.0
1160.0	35.0
1161.0	26.0
1162.0	31.0
1163.0	24.0
1164.0	27.0
1165.0	15.0
1166.0	27.0
1167.0	23.0
1168.0	24.0
1169.0	24.0
1170.0	32.0
1171.0	21.0
1172.0	22.0
1173.0	24.0
1174.0	29.0
1175.0	29.0
1176.0	19.0
1177.0	22.0
1178.0	18.0
1179.0	21.0
1180.0	31.0
1181.0	25.0
1182.0	19.0
1183.0	25.0
1184.0	27.0
1185.0	13.0
1186.0	26.0
1187.0	19.0
1188.0	19.0
1189.0	18.0
1190.0	15.0
1191.0	14.0
1192.0	18.0
1193.0	32.0
1194.0	20.0
1195.0	27.0
1196.0	16.0
1197.0	17.0
1198.0	17.0
1199.0	24.0
1200.0	22.0
1201.0	19.0
1202.0	18.0
1203.0	15.0
1204.0	17.0
1205.0	30.0
1206.0	19.0
1207.0	25.0
1208.0	21.0
1209.0	19.0
1210.0	19.0
1211.0	15.0
1212.0	23.0
1213.0	23.0
1214.0	27.0
1215.0	20.0
1216.0	15.0
1217.0	22.0
1218.0	22.0
1219.0	20.0
1220.0	16.0
1221.0	23.0
1222.0	18.0
1223.0	16.0
1224.0	24.0
1225.0	21.0
1226.0	18.0
1227.0	24.0
1228.0	19.0
1229.0	15.0
1230.0	20.0
1231.0	17.0
1232.0	27.0
1233.0	20.0
1234.0	33.0
1235.0	18.0
1236.0	20.0
1237.0	23.0
1238.0	30.0
1239.0	21.0
1240.0	16.0
1241.0	17.0
1242.0	31.0
1243.0	21.0
1244.0	15.0
1245.0	20.0
1246.0	19.0
1247.0	20.0
1248.0	26.0
1249.0	24.0
1250.0	27.0
1251.0	16.0
1252.0	17.0
1253.0	27.0
1254.0	29.0
1255.0	25.0
1256.0	20.0
1257.0	25.0
1258.0	14.0
1259.0	24.0
1260.0	26.0
1261.0	22.0
1262.0	27.0
1263.0	27.0
1264.0	24.0
1265.0	16.0
1266.0	23.0
1267.0	13.0
1268.0	34.0
1269.0	14.0
1270.0	29.0
1271.0	17.0
1272.0	18.0
1273.0	31.0
1274.0	21.0
1275.0	22.0
1276.0	24.0
1277.0	15.0
1278.0	38.0
1279.0	23.0
1280.0	20.0
1281.0	22.0
1282.0	28.0
1283.0	19.0
1284.0	18.0
1285.0	26.0
1286.0	28.0
1287.0	32.0
1288.0	29.0
1289.0	16.0
1290.0	31.0
1291.0	49.0
1292.0	20.0
1293.0	33.0
1294.0	24.0
1295.0	29.0
1296.0	34.0
1297.0	24.0
1298.0	25.0
1299.0	28.0
1300.0	33.0
1301.0	28.0
1302.0	21.0
1303.0	25.0
1304.0	25.0
1305.0	22.0
1306.0	18.0
1307.0	20.0
1308.0	18.0
1309.0	22.0
1310.0	14.0
1311.0	28.0
1312.0	31.0
1313.0	19.0
1314.0	26.0
1315.0	23.0
1316.0	19.0
1317.0	12.0
1318.0	26.0
1319.0	14.0
1320.0	19.0
1321.0	10.0
1322.0	15.0
1323.0	28.0
1324.0	21.0
1325.0	16.0
1326.0	16.0
1327.0	18.0
1328.0	15.0
1329.0	21.0
1330.0	26.0
1331.0	14.0
1332.0	22.0
1333.0	12.0
1334.0	14.0
1335.0	16.0
1336.0	26.0
1337.0	16.0
1338.0	14.0
1339.0	23.0
1340.0	14.0
1341.0	19.0
1342.0	19.0
1343.0	24.0
1344.0	23.0
1345.0	24.0
1346.0	19.0
1347.0	22.0
1348.0	28.0
1349.0	23.0
1350.0	15.0
1351.0	25.0
1352.0	31.0
1353.0	20.0
1354.0	28.0
1355.0	24.0
1356.0	20.0
1357.0	27.0
1358.0	22.0
1359.0	21.0
1360.0	25.0
1361.0	12.0
1362.0	22.0
1363.0	19.0
1364.0	20.0
1365.0	20.0
1366.0	17.0
1367.0	19.0
1368.0	26.0
1369.0	27.0
1370.0	28.0
1371.0	25.0
1372.0	19.0
1373.0	23.0
1374.0	21.0
1375.0	17.0
1376.0	20.0
1377.0	20.0
1378.0	28.0
1379.0	20.0
1380.0	20.0
1381.0	23.0
1382.0	26.0
1383.0	21.0
1384.0	20.0
1385.0	20.0
1386.0	19.0
1387.0	26.0
1388.0	18.0
1389.0	28.0
1390.0	14.0
1391.0	18.0
1392.0	24.0
1393.0	22.0
1394.0	21.0
1395.0	20.0
1396.0	22.0
1397.0	20.0
1398.0	18.0
1399.0	18.0
1400.0	16.0
1401.0	24.0
1402.0	16.0
1403.0	12.0
1404.0	19.0
1405.0	15.0
1406.0	23.0
1407.0	9.0
1408.0	9.0
1409.0	17.0
1410.0	15.0
1411.0	19.0
1412.0	17.0
1413.0	14.0
1414.0	18.0
1415.0	14.0
1416.0	15.0
1417.0	14.0
1418.0	11.0
1419.0	13.0
1420.0	13.0
1421.0	16.0
1422.0	13.0
1423.0	16.0
1424.0	13.0
1425.0	16.0
1426.0	11.0
1427.0	20.0
1428.0	8.0
1429.0	11.0
1430.0	16.0
1431.0	13.0
1432.0	13.0
1433.0	14.0
1434.0	10.0
1435.0	14.0
1436.0	20.0
1437.0	14.0
1438.0	15.0
1439.0	16.0
1440.0	9.0
1441.0	16.0
1442.0	16.0
1443.0	15.0
1444.0	12.0
1445.0	20.0
1446.0	12.0
1447.0	15.0
1448.0	16.0
1449.0	13.0
1450.0	6.0
1451.0	24.0
1452.0	16.0
1453.0	14.0
1454.0	12.0
1455.0	15.0
1456.0	18.0
1457.0	15.0
1458.0	10.0
1459.0	20.0
1460.0	9.0
1461.0	14.0
1462.0	10.0
1463.0	11.0
1464.0	9.0
1465.0	16.0
1466.0	17.0
1467.0	10.0
1468.0	17.0
1469.0	14.0
1470.0	15.0
1471.0	11.0
1472.0	12.0
1473.0	11.0
1474.0	8.0
1475.0	6.0
1476.0	8.0
1477.0	13.0
1478.0	15.0
1479.0	13.0
1480.0	15.0
1481.0	9.0
1482.0	5.0
1483.0	14.0
1484.0	13.0
1485.0	9.0
1486.0	12.0
1487.0	9.0
1488.0	15.0
1489.0	14.0
1490.0	11.0
1491.0	6.0
1492.0	17.0
1493.0	10.0
1494.0	11.0
1495.0	17.0
1496.0	12.0
1497.0	11.0
1498.0	12.0
1499.0	6.0
1500.0	13.0
1501.0	11.0
1502.0	11.0
1503.0	10.0
1504.0	11.0
1505.0	8.0
1506.0	9.0
1507.0	11.0
1508.0	4.0
1509.0	11.0
1510.0	7.0
1511.0	11.0
1512.0	13.0
1513.0	9.0
1514.0	12.0
1515.0	17.0
1516.0	12.0
1517.0	20.0
1518.0	9.0
1519.0	6.0
1520.0	13.0
1521.0	15.0
1522.0	13.0
1523.0	13.0
1524.0	14.0
1525.0	20.0
1526.0	14.0
1527.0	10.0
1528.0	11.0
1529.0	7.0
1530.0	15.0
1531.0	13.0
1532.0	14.0
1533.0	13.0
1534.0	15.0
1535.0	15.0
1536.0	11.0
1537.0	18.0
1538.0	9.0
1539.0	16.0
1540.0	18.0
1541.0	10.0
1542.0	9.0
1543.0	17.0
1544.0	10.0
1545.0	12.0
1546.0	21.0
1547.0	16.0
1548.0	7.0
1549.0	17.0
1550.0	12.0
1551.0	14.0
1552.0	15.0
1553.0	11.0
1554.0	15.0
1555.0	21.0
1556.0	15.0
1557.0	17.0
1558.0	16.0
1559.0	10.0
1560.0	11.0
1561.0	13.0
1562.0	14.0
1563.0	7.0
1564.0	13.0
1565.0	11.0
1566.0	12.0
1567.0	15.0
1568.0	12.0
1569.0	12.0
1570.0	8.0
1571.0	9.0
1572.0	16.0
1573.0	6.0
1574.0	10.0
1575.0	10.0
1576.0	18.0
1577.0	13.0
1578.0	12.0
1579.0	24.0
1580.0	16.0
1581.0	13.0
1582.0	10.0
1583.0	6.0
1584.0	9.0
1585.0	16.0
1586.0	5.0
1587.0	11.0
1588.0	14.0
1589.0	7.0
1590.0	8.0
1591.0	11.0
1592.0	14.0
1593.0	11.0
1594.0	16.0
1595.0	13.0
1596.0	11.0
1597.0	10.0
1598.0	10.0
1599.0	11.0
1600.0	17.0
1601.0	8.0
1602.0	11.0
1603.0	5.0
1604.0	7.0
1605.0	8.0
1606.0	13.0
1607.0	7.0
1608.0	6.0
1609.0	21.0
1610.0	11.0
1611.0	7.0
1612.0	19.0
1613.0	18.0
1614.0	12.0
1615.0	13.0
1616.0	19.0
1617.0	15.0
1618.0	10.0
1619.0	10.0
1620.0	9.0
1621.0	13.0
1622.0	12.0
1623.0	10.0
1624.0	13.0
1625.0	13.0
1626.0	15.0
1627.0	9.0
1628.0	10.0
1629.0	17.0
1630.0	12.0
1631.0	17.0
1632.0	14.0
1633.0	16.0
1634.0	13.0
1635.0	16.0
1636.0	11.0
1637.0	9.0
1638.0	15.0
1639.0	16.0
1640.0	14.0
1641.0	15.0
1642.0	14.0
1643.0	13.0
1644.0	12.0
1645.0	15.0
1646.0	10.0
1647.0	7.0
1648.0	15.0
1649.0	16.0
1650.0	9.0
1651.0	13.0
1652.0	9.0
1653.0	10.0
1654.0	20.0
1655.0	17.0
1656.0	12.0
1657.0	11.0
1658.0	7.0
1659.0	9.0
1660.0	13.0
1661.0	9.0
1662.0	13.0
1663.0	12.0
1664.0	16.0
1665.0	12.0
1666.0	19.0
1667.0	9.0
1668.0	12.0
1669.0	6.0
1670.0	13.0
1671.0	16.0
1672.0	12.0
1673.0	10.0
1674.0	9.0
1675.0	10.0
1676.0	16.0
1677.0	13.0
1678.0	10.0
1679.0	11.0
1680.0	8.0
1681.0	10.0
1682.0	12.0
1683.0	12.0
1684.0	8.0
1685.0	11.0
1686.0	10.0
1687.0	12.0
1688.0	11.0
1689.0	12.0
1690.0	13.0
1691.0	11.0
1692.0	12.0
1693.0	17.0
1694.0	14.0
1695.0	16.0
1696.0	6.0
1697.0	10.0
1698.0	13.0
1699.0	12.0
1700.0	11.0
1701.0	8.0
1702.0	9.0
1703.0	16.0
1704.0	9.0
1705.0	8.0
1706.0	13.0
1707.0	7.0
1708.0	14.0
1709.0	15.0
1710.0	11.0
1711.0	6.0
1712.0	13.0
1713.0	16.0
1714.0	19.0
1715.0	4.0
1716.0	12.0
1717.0	10.0
1718.0	11.0
1719.0	12.0
1720.0	8.0
1721.0	17.0
1722.0	7.0
1723.0	14.0
1724.0	11.0
1725.0	12.0
1726.0	10.0
1727.0	8.0
1728.0	14.0
1729.0	12.0
1730.0	7.0
1731.0	9.0
1732.0	12.0
1733.0	6.0
1734.0	12.0
1735.0	13.0
1736.0	9.0
1737.0	12.0
1738.0	8.0
1739.0	9.0
1740.0	13.0
1741.0	9.0
1742.0	4.0
1743.0	13.0
1744.0	12.0
1745.0	5.0
1746.0	10.0
1747.0	13.0
1748.0	16.0
1749.0	14.0
1750.0	8.0
1751.0	11.0
1752.0	11.0
1753.0	17.0
1754.0	15.0
1755.0	5.0
1756.0	12.0
1757.0	18.0
1758.0	13.0
1759.0	11.0
1760.0	13.0
1761.0	16.0
1762.0	12.0
1763.0	7.0
1764.0	23.0
1765.0	7.0
1766.0	15.0
1767.0	11.0
1768.0	17.0
1769.0	18.0
1770.0	16.0
1771.0	9.0
1772.0	12.0
1773.0	9.0
1774.0	18.0
1775.0	5.0
1776.0	6.0
1777.0	11.0
1778.0	9.0
1779.0	7.0
1780.0	11.0
1781.0	11.0
1782.0	10.0
1783.0	10.0
1784.0	12.0
1785.0	6.0
1786.0	8.0
1787.0	5.0
1788.0	9.0
1789.0	9.0
1790.0	13.0
1791.0	9.0
1792.0	9.0
1793.0	9.0
1794.0	11.0
1795.0	7.0
1796.0	3.0
1797.0	6.0
1798.0	7.0
1799.0	5.0
1800.0	12.0
1801.0	7.0
1802.0	8.0
1803.0	8.0
1804.0	13.0
1805.0	9.0
1806.0	10.0
1807.0	7.0
1808.0	8.0
1809.0	14.0
1810.0	7.0
1811.0	8.0
1812.0	14.0
1813.0	10.0
1814.0	6.0
1815.0	9.0
1816.0	6.0
1817.0	9.0
1818.0	7.0
1819.0	17.0
1820.0	4.0
1821.0	5.0
1822.0	9.0
1823.0	7.0
1824.0	11.0
1825.0	7.0
1826.0	13.0
1827.0	10.0
1828.0	11.0
1829.0	12.0
1830.0	14.0
1831.0	10.0
1832.0	9.0
1833.0	8.0
1834.0	12.0
1835.0	5.0
1837.0	7.0
1838.0	5.0
1839.0	10.0
1840.0	6.0
1841.0	8.0
1842.0	2.0
1843.0	7.0
1844.0	7.0
1845.0	2.0
1846.0	4.0
1847.0	9.0
1848.0	5.0
1849.0	5.0
1850.0	11.0
1851.0	6.0
1852.0	12.0
1853.0	11.0
1854.0	6.0
1855.0	12.0
1856.0	10.0
1857.0	7.0
1858.0	4.0
1859.0	8.0
1860.0	5.0
1861.0	12.0
1862.0	7.0
1863.0	3.0
1864.0	8.0
1865.0	9.0
1866.0	12.0
1867.0	10.0
1868.0	4.0
1869.0	9.0
1870.0	4.0
1871.0	13.0
1872.0	8.0
1873.0	6.0
1874.0	9.0
1875.0	6.0
1876.0	7.0
1877.0	4.0
1878.0	5.0
1879.0	8.0
1880.0	9.0
1881.0	7.0
1882.0	7.0
1883.0	5.0
1884.0	7.0
1885.0	8.0
1886.0	9.0
1887.0	4.0
1888.0	11.0
1889.0	8.0
1890.0	9.0
1891.0	10.0
1892.0	4.0
1893.0	9.0
1894.0	8.0
1895.0	4.0
1896.0	9.0
1897.0	3.0
1898.0	8.0
1899.0	8.0
1900.0	8.0
1901.0	8.0
1902.0	11.0
1903.0	9.0
1904.0	9.0
1905.0	9.0
1906.0	7.0
1907.0	5.0
1908.0	5.0
1909.0	9.0
1910.0	9.0
1911.0	6.0
1912.0	3.0
1913.0	9.0
1914.0	1.0
1915.0	3.0
1916.0	8.0
1917.0	8.0
1918.0	1.0
1919.0	4.0
1920.0	5.0
1921.0	10.0
1922.0	8.0
1923.0	5.0
1924.0	5.0
1925.0	5.0
1926.0	4.0
1927.0	6.0
1928.0	6.0
1929.0	8.0
1930.0	6.0
1931.0	2.0
1932.0	7.0
1933.0	8.0
1934.0	10.0
1935.0	10.0
1936.0	6.0
1937.0	5.0
1938.0	5.0
1939.0	3.0
1940.0	8.0
1941.0	9.0
1942.0	13.0
1943.0	8.0
1944.0	3.0
1945.0	2.0
1946.0	3.0
1947.0	3.0
1948.0	6.0
1949.0	6.0
1950.0	6.0
1951.0	5.0
1952.0	7.0
1953.0	9.0
1954.0	6.0
1955.0	6.0
1956.0	9.0
1957.0	5.0
1958.0	4.0
1959.0	7.0
1960.0	7.0
1961.0	5.0
1962.0	2.0
1963.0	3.0
1964.0	8.0
1965.0	6.0
1966.0	8.0
1967.0	7.0
1968.0	5.0
1969.0	6.0
1970.0	12.0
1971.0	6.0
1972.0	6.0
1973.0	9.0
1974.0	3.0
1975.0	5.0
1976.0	7.0
1977.0	5.0
1978.0	4.0
1979.0	6.0
1980.0	7.0
1981.0	5.0
1982.0	8.0
1983.0	6.0
1984.0	7.0
1985.0	8.0
1986.0	5.0
1987.0	3.0
1988.0	6.0
1989.0	9.0
1990.0	10.0
1991.0	5.0
1992.0	5.0
1993.0	6.0
1994.0	6.0
1995.0	7.0
1996.0	13.0
1997.0	6.0
1998.0	7.0
1999.0	11.0
2000.0	6.0
2001.0	2.0
2002.0	6.0
2003.0	6.0
2004.0	6.0
2005.0	9.0
2006.0	5.0
2007.0	6.0
2008.0	10.0
2009.0	9.0
2010.0	9.0
2011.0	5.0
2012.0	8.0
2013.0	10.0
2014.0	11.0
2015.0	6.0
2016.0	4.0
2017.0	7.0
2018.0	2.0
2019.0	5.0
2020.0	5.0
2021.0	3.0
2022.0	11.0
2023.0	7.0
2024.0	7.0
2025.0	1.0
2026.0	2.0
2027.0	12.0
2028.0	6.0
2029.0	11.0
2030.0	7.0
2031.0	4.0
2032.0	7.0
2033.0	5.0
2034.0	10.0
2035.0	7.0
2036.0	7.0
2037.0	4.0
2038.0	5.0
2039.0	10.0
2040.0	8.0
2041.0	8.0
2042.0	8.0
2043.0	8.0
2044.0	6.0
2045.0	4.0
2046.0	5.0
2047.0	8.0
2048.0	9.0
2049.0	7.0
2050.0	7.0
2051.0	8.0
2052.0	7.0
2053.0	6.0
2054.0	2.0
2055.0	3.0
2056.0	7.0
2057.0	4.0
2058.0	5.0
2059.0	6.0
2060.0	9.0
2061.0	9.0
2062.0	8.0
2063.0	4.0
2064.0	10.0
2065.0	10.0
2066.0	9.0
2067.0	11.0
2068.0	8.0
2069.0	8.0
2070.0	5.0
2071.0	11.0
2072.0	4.0
2073.0	9.0
2074.0	3.0
2075.0	12.0
2076.0	4.0
2077.0	10.0
2078.0	8.0
2079.0	4.0
2080.0	5.0
2081.0	2.0
2082.0	7.0
2083.0	9.0
2084.0	4.0
2085.0	8.0
2086.0	5.0
2087.0	5.0
2088.0	5.0
2089.0	1.0
2090.0	4.0
2091.0	8.0
2092.0	5.0
2093.0	3.0
2094.0	6.0
2095.0	10.0
2096.0	8.0
2097.0	12.0
2098.0	5.0
2099.0	6.0
2100.0	8.0
2101.0	7.0
2102.0	6.0
2103.0	12.0
2104.0	6.0
2105.0	9.0
2106.0	8.0
2107.0	4.0
2108.0	9.0
2109.0	8.0
2110.0	5.0
2111.0	7.0
2112.0	7.0
2113.0	3.0
2114.0	3.0
2116.0	7.0
2117.0	4.0
2118.0	2.0
2119.0	9.0
2120.0	11.0
2121.0	14.0
2122.0	8.0
2123.0	1.0
2124.0	7.0
2125.0	5.0
2126.0	10.0
2127.0	5.0
2128.0	11.0
2129.0	6.0
2130.0	2.0
2131.0	10.0
2132.0	12.0
2133.0	3.0
2134.0	5.0
2135.0	13.0
2136.0	7.0
2137.0	6.0
2138.0	8.0
2139.0	5.0
2140.0	4.0
2141.0	7.0
2142.0	7.0
2143.0	5.0
2144.0	7.0
2145.0	6.0
2146.0	5.0
2147.0	9.0
2148.0	3.0
2149.0	9.0
2150.0	10.0
2151.0	7.0
2152.0	6.0
2153.0	2.0
2154.0	6.0
2155.0	14.0
2156.0	4.0
2157.0	8.0
2158.0	6.0
2159.0	7.0
2160.0	5.0
2161.0	7.0
2162.0	4.0
2163.0	3.0
2164.0	2.0
2165.0	7.0
2166.0	11.0
2167.0	4.0
2168.0	5.0
2169.0	5.0
2170.0	8.0
2171.0	3.0
2172.0	6.0
2173.0	6.0
2174.0	3.0
2175.0	4.0
2176.0	4.0
2177.0	5.0
2178.0	7.0
2179.0	6.0
2180.0	5.0
2181.0	6.0
2182.0	4.0
2183.0	7.0
2184.0	6.0
2185.0	4.0
2186.0	7.0
2187.0	6.0
2188.0	4.0
2189.0	1.0
2190.0	7.0
2191.0	8.0
2192.0	7.0
2193.0	3.0
2194.0	5.0
2195.0	5.0
2196.0	5.0
2197.0	4.0
2198.0	6.0
2199.0	7.0
2200.0	1.0
2201.0	4.0
2202.0	4.0
2203.0	7.0
2204.0	11.0
2205.0	6.0
2206.0	4.0
2207.0	4.0
2208.0	1.0
2209.0	4.0
2210.0	8.0
2211.0	10.0
2212.0	4.0
2213.0	5.0
2214.0	3.0
2215.0	2.0
2216.0	2.0
2217.0	7.0
2218.0	8.0
2219.0	1.0
2220.0	4.0
2221.0	3.0
2222.0	2.0
2223.0	1.0
2224.0	8.0
2225.0	3.0
2226.0	5.0
2227.0	2.0
2228.0	4.0
2229.0	6.0
2230.0	9.0
2231.0	5.0
2232.0	3.0
2233.0	3.0
2234.0	8.0
2235.0	5.0
2236.0	7.0
2237.0	4.0
2238.0	7.0
2239.0	4.0
2240.0	9.0
2241.0	4.0
2242.0	4.0
2243.0	3.0
2244.0	7.0
2245.0	2.0
2246.0	1.0
2247.0	5.0
2248.0	8.0
2249.0	5.0
2250.0	3.0
2251.0	6.0
2252.0	3.0
2253.0	3.0
2254.0	3.0
2255.0	7.0
2256.0	8.0
2257.0	3.0
2258.0	3.0
2259.0	2.0
2260.0	7.0
2261.0	5.0
2262.0	5.0
2263.0	6.0
2264.0	4.0
2265.0	1.0
2266.0	7.0
2267.0	3.0
2268.0	6.0
2269.0	4.0
2270.0	3.0
2271.0	2.0
2272.0	3.0
2273.0	1.0
2274.0	9.0
2275.0	1.0
2276.0	3.0
2277.0	8.0
2278.0	5.0
2279.0	7.0
2280.0	9.0
2281.0	3.0
2282.0	1.0
2283.0	3.0
2284.0	3.0
2285.0	6.0
2286.0	7.0
2287.0	5.0
2288.0	5.0
2289.0	5.0
2290.0	8.0
2291.0	1.0
2292.0	4.0
2293.0	2.0
2294.0	5.0
2295.0	2.0
2296.0	8.0
2297.0	2.0
2298.0	3.0
2299.0	6.0
2301.0	3.0
2302.0	4.0
2303.0	4.0
2304.0	4.0
2305.0	2.0
2306.0	7.0
2307.0	2.0
2308.0	4.0
2309.0	2.0
2310.0	1.0
2311.0	3.0
2312.0	4.0
2313.0	2.0
2314.0	1.0
2315.0	7.0
2316.0	3.0
2317.0	3.0
2318.0	6.0
2319.0	3.0
2320.0	4.0
2321.0	2.0
2322.0	9.0
2323.0	2.0
2324.0	1.0
2325.0	3.0
2326.0	3.0
2327.0	1.0
2328.0	2.0
2329.0	2.0
2330.0	1.0
2331.0	3.0
2332.0	4.0
2333.0	3.0
2334.0	9.0
2335.0	2.0
2336.0	4.0
2337.0	4.0
2338.0	6.0
2339.0	3.0
2340.0	1.0
2341.0	3.0
2342.0	5.0
2343.0	3.0
2344.0	1.0
2345.0	4.0
2346.0	3.0
2347.0	5.0
2348.0	5.0
2349.0	1.0
2350.0	1.0
2351.0	3.0
2352.0	2.0
2353.0	1.0
2354.0	3.0
2355.0	6.0
2356.0	5.0
2357.0	2.0
2358.0	6.0
2359.0	2.0
2360.0	4.0
2362.0	4.0
2363.0	4.0
2364.0	4.0
2365.0	2.0
2366.0	1.0
2367.0	3.0
2368.0	8.0
2369.0	4.0
2370.0	4.0
2371.0	3.0
2372.0	3.0
2373.0	6.0
2374.0	4.0
2375.0	4.0
2376.0	1.0
2377.0	3.0
2379.0	1.0
2381.0	2.0
2382.0	2.0
2383.0	3.0
2384.0	1.0
2385.0	2.0
2386.0	4.0
2387.0	6.0
2388.0	2.0
2389.0	3.0
2392.0	2.0
2393.0	2.0
2394.0	4.0
2395.0	2.0
2396.0	2.0
2397.0	4.0
2398.0	4.0
2399.0	6.0
2400.0	5.0
2401.0	2.0
2402.0	1.0
2403.0	4.0
2404.0	4.0
2405.0	2.0
2406.0	1.0
2407.0	1.0
2408.0	3.0
2409.0	4.0
2410.0	5.0
2411.0	1.0
2412.0	3.0
2413.0	2.0
2414.0	3.0
2417.0	2.0
2418.0	5.0
2419.0	3.0
2420.0	4.0
2422.0	4.0
2423.0	2.0
2424.0	3.0
2426.0	2.0
2427.0	4.0
2428.0	2.0
2429.0	2.0
2430.0	1.0
2431.0	1.0
2432.0	1.0
2433.0	2.0
2434.0	5.0
2435.0	9.0
2436.0	4.0
2437.0	2.0
2438.0	2.0
2439.0	2.0
2440.0	5.0
2441.0	3.0
2442.0	2.0
2443.0	2.0
2445.0	1.0
2446.0	2.0
2447.0	3.0
2448.0	3.0
2449.0	4.0
2450.0	3.0
2451.0	2.0
2452.0	5.0
2453.0	3.0
2454.0	1.0
2455.0	5.0
2456.0	3.0
2457.0	4.0
2458.0	1.0
2459.0	2.0
2460.0	3.0
2461.0	4.0
2462.0	2.0
2463.0	3.0
2464.0	3.0
2465.0	2.0
2466.0	5.0
2467.0	1.0
2468.0	2.0
2471.0	6.0
2472.0	2.0
2473.0	2.0
2474.0	3.0
2475.0	3.0
2476.0	6.0
2477.0	1.0
2478.0	4.0
2479.0	2.0
2480.0	2.0
2481.0	2.0
2482.0	4.0
2483.0	5.0
2484.0	4.0
2485.0	1.0
2486.0	1.0
2487.0	1.0
2488.0	2.0
2489.0	2.0
2490.0	6.0
2491.0	1.0
2492.0	2.0
2493.0	1.0
2495.0	4.0
2497.0	3.0
2499.0	3.0
2500.0	7.0
2501.0	4.0
2502.0	2.0
2503.0	1.0
2504.0	2.0
2505.0	2.0
2506.0	2.0
2508.0	2.0
2509.0	3.0
2510.0	5.0
2511.0	2.0
2513.0	2.0
2514.0	4.0
2516.0	5.0
2517.0	1.0
2518.0	3.0
2519.0	5.0
2520.0	5.0
2521.0	2.0
2522.0	3.0
2523.0	2.0
2524.0	3.0
2525.0	4.0
2526.0	3.0
2527.0	3.0
2528.0	1.0
2529.0	3.0
2530.0	2.0
2531.0	6.0
2532.0	5.0
2533.0	3.0
2534.0	5.0
2535.0	4.0
2536.0	2.0
2537.0	2.0
2538.0	4.0
2539.0	6.0
2541.0	5.0
2542.0	6.0
2543.0	3.0
2544.0	3.0
2545.0	5.0
2546.0	5.0
2547.0	2.0
2548.0	4.0
2549.0	3.0
2550.0	5.0
2551.0	2.0
2552.0	4.0
2553.0	2.0
2555.0	1.0
2557.0	1.0
2558.0	5.0
2559.0	4.0
2560.0	4.0
2561.0	2.0
2562.0	2.0
2563.0	3.0
2564.0	4.0
2565.0	5.0
2566.0	1.0
2567.0	2.0
2568.0	1.0
2569.0	2.0
2570.0	1.0
2571.0	4.0
2572.0	3.0
2573.0	3.0
2574.0	4.0
2575.0	1.0
2576.0	6.0
2577.0	4.0
2578.0	4.0
2580.0	3.0
2581.0	4.0
2582.0	3.0
2583.0	1.0
2584.0	1.0
2585.0	1.0
2586.0	3.0
2587.0	2.0
2588.0	4.0
2589.0	1.0
2590.0	1.0
2591.0	1.0
2592.0	2.0
2593.0	2.0
2594.0	1.0
2595.0	2.0
2596.0	1.0
2597.0	3.0
2598.0	2.0
2599.0	4.0
2600.0	3.0
2601.0	1.0
2602.0	5.0
2603.0	3.0
2604.0	1.0
2605.0	3.0
2606.0	2.0
2607.0	2.0
2608.0	1.0
2609.0	2.0
2610.0	2.0
2613.0	3.0
2614.0	4.0
2615.0	2.0
2616.0	2.0
2617.0	3.0
2618.0	7.0
2619.0	3.0
2620.0	3.0
2621.0	2.0
2622.0	2.0
2623.0	1.0
2624.0	2.0
2625.0	5.0
2626.0	2.0
2627.0	5.0
2628.0	2.0
2629.0	5.0
2630.0	5.0
2631.0	4.0
2632.0	2.0
2633.0	1.0
2634.0	2.0
2635.0	3.0
2636.0	1.0
2637.0	1.0
2638.0	2.0
2639.0	4.0
2640.0	5.0
2641.0	4.0
2642.0	4.0
2643.0	2.0
2644.0	3.0
2645.0	1.0
2646.0	2.0
2647.0	2.0
2648.0	4.0
2649.0	3.0
2651.0	2.0
2652.0	1.0
2653.0	4.0
2655.0	4.0
2656.0	3.0
2657.0	3.0
2659.0	7.0
2660.0	4.0
2661.0	3.0
2662.0	2.0
2664.0	2.0
2665.0	3.0
2666.0	3.0
2667.0	4.0
2668.0	1.0
2669.0	2.0
2670.0	2.0
2671.0	4.0
2672.0	3.0
2673.0	2.0
2674.0	2.0
2675.0	4.0
2676.0	4.0
2680.0	4.0
2681.0	2.0
2682.0	4.0
2683.0	1.0
2684.0	3.0
2685.0	2.0
2686.0	2.0
2687.0	1.0
2688.0	1.0
2689.0	3.0
2690.0	2.0
2691.0	5.0
2692.0	2.0
2693.0	4.0
2694.0	2.0
2695.0	2.0
2696.0	2.0
2697.0	2.0
2698.0	4.0
2699.0	2.0
2700.0	1.0
2701.0	3.0
2702.0	2.0
2704.0	3.0
2705.0	5.0
2706.0	2.0
2707.0	5.0
2708.0	2.0
2709.0	2.0
2710.0	3.0
2711.0	3.0
2712.0	6.0
2713.0	1.0
2714.0	3.0
2715.0	4.0
2716.0	3.0
2717.0	4.0
2718.0	4.0
2719.0	1.0
2720.0	4.0
2721.0	2.0
2722.0	4.0
2723.0	1.0
2725.0	5.0
2726.0	6.0
2727.0	3.0
2728.0	2.0
2729.0	2.0
2730.0	2.0
2732.0	1.0
2734.0	4.0
2735.0	1.0
2736.0	2.0
2737.0	2.0
2738.0	1.0
2739.0	4.0
2740.0	2.0
2741.0	1.0
2742.0	2.0
2743.0	4.0
2744.0	1.0
2745.0	3.0
2746.0	1.0
2747.0	5.0
2748.0	1.0
2750.0	5.0
2751.0	2.0
2752.0	4.0
2753.0	1.0
2754.0	1.0
2755.0	3.0
2756.0	4.0
2757.0	2.0
2758.0	3.0
2759.0	2.0
2760.0	2.0
2761.0	2.0
2762.0	2.0
2763.0	1.0
2764.0	1.0
2765.0	3.0
2766.0	4.0
2767.0	3.0
2769.0	3.0
2771.0	1.0
2772.0	2.0
2773.0	2.0
2774.0	2.0
2775.0	5.0
2777.0	3.0
2778.0	4.0
2779.0	2.0
2781.0	1.0
2783.0	1.0
2785.0	2.0
2787.0	1.0
2788.0	3.0
2789.0	4.0
2790.0	1.0
2791.0	1.0
2792.0	2.0
2793.0	7.0
2794.0	1.0
2795.0	3.0
2796.0	2.0
2797.0	4.0
2798.0	2.0
2799.0	3.0
2800.0	3.0
2801.0	1.0
2802.0	3.0
2803.0	2.0
2804.0	3.0
2805.0	1.0
2807.0	3.0
2809.0	5.0
2810.0	4.0
2811.0	1.0
2812.0	7.0
2813.0	4.0
2814.0	2.0
2815.0	5.0
2816.0	2.0
2817.0	3.0
2818.0	2.0
2819.0	1.0
2820.0	1.0
2821.0	6.0
2822.0	1.0
2823.0	3.0
2824.0	2.0
2827.0	3.0
2828.0	4.0
2829.0	4.0
2830.0	2.0
2831.0	4.0
2832.0	3.0
2833.0	1.0
2834.0	2.0
2836.0	3.0
2837.0	4.0
2838.0	4.0
2839.0	4.0
2840.0	2.0
2841.0	3.0
2842.0	1.0
2843.0	1.0
2844.0	2.0
2845.0	3.0
2846.0	5.0
2847.0	3.0
2848.0	1.0
2849.0	3.0
2850.0	2.0
2851.0	2.0
2853.0	2.0
2854.0	2.0
2855.0	1.0
2856.0	4.0
2857.0	2.0
2858.0	1.0
2859.0	2.0
2862.0	4.0
2864.0	1.0
2865.0	2.0
2866.0	1.0
2867.0	1.0
2869.0	2.0
2870.0	1.0
2871.0	1.0
2872.0	2.0
2873.0	3.0
2874.0	6.0
2875.0	6.0
2876.0	1.0
2877.0	5.0
2878.0	3.0
2879.0	1.0
2880.0	2.0
2881.0	2.0
2882.0	2.0
2883.0	1.0
2884.0	1.0
2885.0	3.0
2887.0	3.0
2888.0	4.0
2889.0	3.0
2890.0	2.0
2891.0	2.0
2893.0	2.0
2894.0	2.0
2895.0	2.0
2896.0	1.0
2897.0	3.0
2898.0	4.0
2899.0	3.0
2900.0	2.0
2901.0	4.0
2902.0	4.0
2903.0	1.0
2904.0	2.0
2905.0	1.0
2907.0	1.0
2908.0	3.0
2909.0	1.0
2910.0	4.0
2911.0	2.0
2912.0	2.0
2913.0	4.0
2914.0	2.0
2915.0	2.0
2916.0	4.0
2917.0	6.0
2918.0	2.0
2919.0	4.0
2920.0	2.0
2921.0	1.0
2922.0	2.0
2924.0	3.0
2925.0	2.0
2926.0	3.0
2927.0	3.0
2928.0	2.0
2929.0	1.0
2931.0	2.0
2932.0	1.0
2933.0	4.0
2934.0	1.0
2935.0	3.0
2936.0	3.0
2937.0	5.0
2938.0	1.0
2939.0	2.0
2940.0	3.0
2941.0	2.0
2942.0	2.0
2943.0	4.0
2944.0	3.0
2945.0	3.0
2946.0	2.0
2947.0	1.0
2948.0	2.0
2949.0	1.0
2950.0	2.0
2951.0	1.0
2953.0	3.0
2957.0	1.0
2958.0	1.0
2959.0	1.0
2960.0	2.0
2961.0	3.0
2962.0	1.0
2963.0	2.0
2965.0	3.0
2966.0	2.0
2970.0	2.0
2971.0	4.0
2973.0	1.0
2974.0	1.0
2975.0	3.0
2976.0	4.0
2977.0	4.0
2978.0	2.0
2979.0	1.0
2980.0	3.0
2981.0	3.0
2982.0	2.0
2983.0	4.0
2984.0	1.0
2985.0	2.0
2986.0	1.0
2988.0	1.0
2989.0	1.0
2990.0	1.0
2991.0	4.0
2992.0	5.0
2993.0	1.0
2994.0	2.0
2995.0	2.0
2996.0	3.0
2997.0	1.0
2998.0	4.0
2999.0	1.0
3000.0	1.0
3002.0	2.0
3006.0	2.0
3009.0	4.0
3010.0	1.0
3012.0	5.0
3014.0	2.0
3016.0	3.0
3017.0	1.0
3018.0	1.0
3019.0	1.0
3021.0	2.0
3023.0	3.0
3024.0	1.0
3025.0	1.0
3026.0	2.0
3027.0	1.0
3028.0	3.0
3029.0	2.0
3030.0	1.0
3031.0	1.0
3032.0	1.0
3033.0	1.0
3035.0	1.0
3036.0	1.0
3037.0	2.0
3038.0	4.0
3039.0	2.0
3040.0	2.0
3041.0	1.0
3043.0	1.0
3044.0	5.0
3045.0	2.0
3048.0	1.0
3049.0	3.0
3050.0	4.0
3051.0	2.0
3052.0	1.0
3053.0	2.0
3054.0	6.0
3055.0	1.0
3056.0	4.0
3057.0	2.0
3058.0	1.0
3059.0	2.0
3060.0	2.0
3062.0	3.0
3063.0	4.0
3064.0	1.0
3065.0	3.0
3066.0	2.0
3067.0	2.0
3068.0	4.0
3069.0	1.0
3070.0	4.0
3071.0	2.0
3072.0	1.0
3073.0	3.0
3074.0	4.0
3075.0	3.0
3076.0	3.0
3077.0	2.0
3078.0	1.0
3079.0	2.0
3080.0	2.0
3081.0	2.0
3082.0	1.0
3084.0	3.0
3085.0	2.0
3086.0	2.0
3087.0	2.0
3088.0	3.0
3089.0	1.0
3090.0	1.0
3091.0	1.0
3092.0	1.0
3093.0	2.0
3094.0	1.0
3095.0	2.0
3096.0	2.0
3097.0	3.0
3098.0	3.0
3099.0	2.0
3100.0	4.0
3101.0	2.0
3102.0	2.0
3103.0	4.0
3105.0	3.0
3106.0	2.0
3107.0	3.0
3108.0	2.0
3109.0	3.0
3110.0	4.0
3111.0	5.0
3112.0	4.0
3113.0	3.0
3114.0	1.0
3115.0	1.0
3116.0	6.0
3117.0	4.0
3118.0	4.0
3119.0	1.0
3120.0	1.0
3121.0	1.0
3122.0	4.0
3123.0	1.0
3124.0	3.0
3126.0	4.0
3129.0	2.0
3130.0	8.0
3132.0	1.0
3133.0	1.0
3134.0	2.0
3135.0	2.0
3136.0	4.0
3137.0	3.0
3139.0	3.0
3140.0	2.0
3141.0	4.0
3142.0	2.0
3144.0	3.0
3145.0	4.0
3146.0	2.0
3147.0	4.0
3148.0	2.0
3149.0	4.0
3150.0	3.0
3151.0	2.0
3152.0	2.0
3154.0	1.0
3155.0	7.0
3156.0	3.0
3157.0	2.0
3158.0	1.0
3159.0	1.0
3160.0	1.0
3161.0	4.0
3162.0	3.0
3164.0	2.0
3166.0	1.0
3169.0	3.0
3171.0	3.0
3172.0	1.0
3173.0	4.0
3175.0	1.0
3177.0	2.0
3178.0	3.0
3180.0	4.0
3181.0	2.0
3182.0	1.0
3183.0	4.0
3184.0	7.0
3185.0	2.0
3186.0	1.0
3187.0	4.0
3188.0	2.0
3189.0	3.0
3190.0	1.0
3191.0	3.0
3192.0	2.0
3193.0	1.0
3194.0	3.0
3196.0	2.0
3197.0	2.0
3198.0	2.0
3199.0	2.0
3201.0	2.0
3203.0	1.0
3204.0	3.0
3205.0	1.0
3206.0	2.0
3207.0	1.0
3209.0	1.0
3210.0	2.0
3212.0	3.0
3213.0	3.0
3214.0	2.0
3215.0	1.0
3216.0	1.0
3217.0	1.0
3218.0	2.0
3219.0	1.0
3220.0	1.0
3221.0	3.0
3222.0	1.0
3223.0	2.0
3224.0	3.0
3225.0	1.0
3226.0	2.0
3227.0	1.0
3228.0	3.0
3231.0	3.0
3232.0	2.0
3233.0	1.0
3234.0	1.0
3235.0	1.0
3236.0	3.0
3237.0	1.0
3238.0	2.0
3242.0	4.0
3243.0	2.0
3245.0	1.0
3246.0	1.0
3247.0	1.0
3248.0	3.0
3249.0	3.0
3252.0	3.0
3253.0	1.0
3254.0	1.0
3258.0	3.0
3259.0	3.0
3260.0	2.0
3261.0	2.0
3262.0	2.0
3263.0	1.0
3264.0	3.0
3265.0	1.0
3266.0	2.0
3268.0	2.0
3269.0	2.0
3270.0	2.0
3271.0	3.0
3272.0	4.0
3273.0	1.0
3274.0	1.0
3275.0	1.0
3276.0	1.0
3277.0	1.0
3278.0	1.0
3279.0	3.0
3280.0	1.0
3281.0	1.0
3284.0	2.0
3285.0	2.0
3286.0	2.0
3287.0	3.0
3289.0	1.0
3291.0	1.0
3292.0	1.0
3293.0	3.0
3294.0	2.0
3295.0	2.0
3296.0	3.0
3298.0	2.0
3299.0	3.0
3300.0	1.0
3301.0	2.0
3302.0	2.0
3303.0	4.0
3305.0	1.0
3306.0	3.0
3309.0	3.0
3310.0	1.0
3311.0	2.0
3313.0	6.0
3314.0	5.0
3315.0	2.0
3317.0	2.0
3319.0	4.0
3321.0	3.0
3322.0	2.0
3323.0	5.0
3324.0	5.0
3326.0	1.0
3327.0	2.0
3328.0	5.0
3329.0	3.0
3330.0	2.0
3331.0	4.0
3332.0	2.0
3333.0	1.0
3334.0	3.0
3335.0	1.0
3337.0	1.0
3339.0	1.0
3340.0	1.0
3341.0	1.0
3342.0	2.0
3344.0	3.0
3345.0	1.0
3346.0	2.0
3347.0	1.0
3348.0	2.0
3349.0	2.0
3350.0	1.0
3352.0	3.0
3353.0	1.0
3354.0	1.0
3355.0	2.0
3357.0	1.0
3358.0	2.0
3359.0	1.0
3360.0	2.0
3361.0	1.0
3362.0	1.0
3363.0	2.0
3364.0	3.0
3365.0	2.0
3367.0	3.0
3368.0	1.0
3369.0	4.0
3370.0	2.0
3371.0	2.0
3373.0	1.0
3374.0	2.0
3375.0	1.0
3376.0	1.0
3377.0	1.0
3378.0	3.0
3379.0	1.0
3380.0	3.0
3381.0	2.0
3382.0	1.0
3383.0	2.0
3384.0	2.0
3387.0	1.0
3388.0	2.0
3389.0	2.0
3390.0	2.0
3392.0	2.0
3393.0	1.0
3394.0	2.0
3395.0	2.0
3396.0	2.0
3397.0	1.0
3401.0	1.0
3402.0	1.0
3405.0	2.0
3406.0	1.0
3407.0	2.0
3410.0	2.0
3411.0	1.0
3412.0	2.0
3414.0	3.0
3416.0	2.0
3417.0	1.0
3418.0	2.0
3419.0	2.0
3420.0	1.0
3421.0	2.0
3422.0	2.0
3424.0	1.0
3426.0	1.0
3427.0	3.0
3428.0	1.0
3430.0	1.0
3433.0	1.0
3434.0	1.0
3436.0	1.0
3437.0	2.0
3440.0	2.0
3441.0	2.0
3442.0	1.0
3443.0	2.0
3444.0	1.0
3445.0	4.0
3446.0	2.0
3447.0	3.0
3450.0	2.0
3451.0	3.0
3452.0	1.0
3454.0	2.0
3455.0	1.0
3457.0	1.0
3458.0	2.0
3460.0	2.0
3461.0	1.0
3462.0	2.0
3463.0	2.0
3464.0	1.0
3466.0	2.0
3467.0	1.0
3469.0	1.0
3470.0	2.0
3471.0	2.0
3472.0	1.0
3473.0	3.0
3474.0	1.0
3477.0	2.0
3478.0	2.0
3479.0	2.0
3480.0	1.0
3481.0	2.0
3483.0	1.0
3484.0	1.0
3489.0	3.0
3490.0	2.0
3491.0	1.0
3492.0	3.0
3494.0	2.0
3495.0	1.0
3496.0	1.0
3497.0	2.0
3498.0	1.0
3499.0	2.0
3500.0	2.0
3501.0	1.0
3503.0	3.0
3504.0	2.0
3505.0	1.0
3506.0	5.0
3507.0	1.0
3508.0	1.0
3510.0	2.0
3512.0	2.0
3513.0	1.0
3514.0	1.0
3515.0	1.0
3516.0	2.0
3517.0	3.0
3518.0	1.0
3519.0	1.0
3520.0	1.0
3521.0	5.0
3522.0	1.0
3523.0	2.0
3524.0	3.0
3525.0	1.0
3526.0	2.0
3527.0	2.0
3528.0	1.0
3529.0	4.0
3530.0	2.0
3531.0	1.0
3535.0	3.0
3537.0	2.0
3538.0	1.0
3539.0	2.0
3541.0	4.0
3542.0	3.0
3543.0	3.0
3546.0	2.0
3547.0	4.0
3549.0	1.0
3550.0	1.0
3552.0	1.0
3553.0	2.0
3554.0	1.0
3557.0	1.0
3559.0	1.0
3560.0	1.0
3561.0	1.0
3563.0	1.0
3564.0	1.0
3565.0	2.0
3566.0	1.0
3567.0	2.0
3569.0	4.0
3570.0	5.0
3571.0	1.0
3572.0	2.0
3573.0	3.0
3574.0	1.0
3575.0	1.0
3576.0	1.0
3577.0	1.0
3578.0	1.0
3579.0	1.0
3580.0	1.0
3581.0	2.0
3582.0	1.0
3584.0	3.0
3585.0	2.0
3586.0	3.0
3587.0	1.0
3588.0	3.0
3589.0	1.0
3591.0	1.0
3592.0	3.0
3594.0	1.0
3595.0	3.0
3596.0	1.0
3597.0	3.0
3598.0	1.0
3599.0	3.0
3603.0	1.0
3604.0	3.0
3605.0	1.0
3606.0	1.0
3607.0	1.0
3608.0	1.0
3609.0	3.0
3610.0	3.0
3611.0	2.0
3613.0	3.0
3614.0	1.0
3615.0	2.0
3616.0	1.0
3617.0	2.0
3618.0	1.0
3622.0	4.0
3623.0	2.0
3624.0	1.0
3626.0	2.0
3627.0	1.0
3628.0	1.0
3629.0	1.0
3630.0	1.0
3631.0	3.0
3632.0	3.0
3633.0	3.0
3635.0	2.0
3636.0	1.0
3637.0	2.0
3641.0	1.0
3642.0	1.0
3643.0	3.0
3644.0	1.0
3645.0	1.0
3647.0	2.0
3649.0	1.0
3650.0	2.0
3651.0	1.0
3652.0	4.0
3653.0	2.0
3655.0	1.0
3656.0	2.0
3657.0	3.0
3658.0	2.0
3659.0	2.0
3660.0	2.0
3661.0	1.0
3662.0	1.0
3663.0	1.0
3665.0	1.0
3666.0	1.0
3667.0	2.0
3668.0	2.0
3669.0	3.0
3670.0	2.0
3671.0	2.0
3672.0	1.0
3673.0	2.0
3677.0	2.0
3678.0	1.0
3680.0	2.0
3681.0	5.0
3683.0	2.0
3685.0	3.0
3686.0	1.0
3687.0	3.0
3688.0	2.0
3689.0	2.0
3690.0	1.0
3692.0	1.0
3693.0	3.0
3694.0	1.0
3695.0	2.0
3697.0	1.0
3698.0	1.0
3699.0	1.0
3700.0	1.0
3703.0	1.0
3705.0	1.0
3706.0	1.0
3710.0	1.0
3711.0	2.0
3712.0	1.0
3714.0	1.0
3715.0	3.0
3716.0	1.0
3717.0	1.0
3718.0	1.0
3719.0	1.0
3721.0	2.0
3722.0	2.0
3723.0	4.0
3725.0	1.0
3727.0	1.0
3728.0	1.0
3729.0	1.0
3732.0	2.0
3733.0	2.0
3738.0	1.0
3739.0	2.0
3740.0	3.0
3741.0	1.0
3742.0	2.0
3745.0	1.0
3749.0	1.0
3750.0	1.0
3751.0	1.0
3756.0	3.0
3757.0	1.0
3758.0	1.0
3759.0	1.0
3762.0	1.0
3763.0	1.0
3766.0	1.0
3768.0	1.0
3769.0	1.0
3771.0	1.0
3773.0	1.0
3774.0	1.0
3776.0	1.0
3778.0	1.0
3779.0	1.0
3782.0	1.0
3783.0	1.0
3784.0	1.0
3785.0	1.0
3786.0	1.0
3787.0	1.0
3788.0	1.0
3789.0	1.0
3790.0	2.0
3791.0	1.0
3792.0	1.0
3794.0	1.0
3796.0	2.0
3797.0	2.0
3799.0	1.0
3802.0	1.0
3804.0	1.0
3805.0	2.0
3806.0	1.0
3807.0	2.0
3808.0	1.0
3809.0	3.0
3810.0	1.0
3811.0	2.0
3812.0	2.0
3814.0	2.0
3815.0	1.0
3816.0	2.0
3817.0	4.0
3819.0	3.0
3821.0	2.0
3823.0	1.0
3824.0	2.0
3825.0	2.0
3827.0	1.0
3830.0	1.0
3831.0	1.0
3832.0	2.0
3834.0	3.0
3835.0	3.0
3837.0	4.0
3838.0	2.0
3839.0	2.0
3840.0	3.0
3841.0	5.0
3842.0	1.0
3843.0	1.0
3845.0	1.0
3846.0	2.0
3847.0	1.0
3848.0	3.0
3850.0	3.0
3853.0	1.0
3854.0	3.0
3855.0	2.0
3856.0	2.0
3858.0	1.0
3859.0	1.0
3860.0	1.0
3862.0	2.0
3863.0	2.0
3864.0	1.0
3865.0	2.0
3867.0	2.0
3868.0	1.0
3872.0	1.0
3873.0	1.0
3875.0	1.0
3878.0	1.0
3879.0	3.0
3880.0	2.0
3882.0	1.0
3884.0	1.0
3885.0	3.0
3888.0	4.0
3890.0	2.0
3891.0	1.0
3892.0	2.0
3893.0	1.0
3896.0	1.0
3898.0	3.0
3900.0	1.0
3901.0	2.0
3904.0	1.0
3905.0	2.0
3907.0	1.0
3908.0	1.0
3912.0	1.0
3913.0	2.0
3914.0	1.0
3915.0	1.0
3919.0	3.0
3920.0	2.0
3921.0	1.0
3922.0	1.0
3923.0	1.0
3924.0	1.0
3925.0	1.0
3926.0	2.0
3927.0	1.0
3928.0	1.0
3929.0	1.0
3930.0	1.0
3931.0	2.0
3933.0	1.0
3935.0	3.0
3937.0	2.0
3938.0	1.0
3940.0	2.0
3941.0	1.0
3942.0	1.0
3945.0	1.0
3947.0	1.0
3948.0	1.0
3950.0	1.0
3951.0	1.0
3953.0	4.0
3958.0	1.0
3960.0	3.0
3963.0	1.0
3964.0	1.0
3965.0	1.0
3967.0	1.0
3968.0	1.0
3971.0	1.0
3973.0	2.0
3977.0	1.0
3979.0	1.0
3981.0	1.0
3982.0	3.0
3984.0	1.0
3986.0	1.0
3988.0	2.0
3990.0	1.0
3991.0	1.0
3992.0	1.0
3995.0	2.0
3996.0	1.0
3998.0	1.0
4001.0	1.0
4002.0	2.0
4003.0	1.0
4005.0	1.0
4008.0	1.0
4017.0	1.0
4018.0	2.0
4019.0	1.0
4021.0	2.0
4025.0	2.0
4027.0	1.0
4028.0	2.0
4030.0	1.0
4033.0	1.0
4034.0	1.0
4035.0	3.0
4036.0	1.0
4037.0	2.0
4038.0	1.0
4039.0	2.0
4041.0	1.0
4043.0	2.0
4044.0	3.0
4045.0	1.0
4047.0	1.0
4048.0	2.0
4049.0	1.0
4050.0	1.0
4051.0	1.0
4052.0	2.0
4053.0	2.0
4054.0	3.0
4056.0	2.0
4057.0	3.0
4058.0	2.0
4060.0	2.0
4061.0	2.0
4062.0	1.0
4064.0	2.0
4065.0	1.0
4067.0	1.0
4069.0	1.0
4071.0	1.0
4072.0	1.0
4073.0	1.0
4075.0	1.0
4077.0	2.0
4078.0	1.0
4079.0	2.0
4080.0	3.0
4083.0	1.0
4084.0	3.0
4087.0	1.0
4088.0	2.0
4089.0	3.0
4090.0	2.0
4092.0	1.0
4093.0	2.0
4094.0	2.0
4095.0	1.0
4096.0	1.0
4097.0	1.0
4098.0	1.0
4100.0	1.0
4101.0	1.0
4102.0	1.0
4103.0	3.0
4104.0	1.0
4105.0	1.0
4107.0	1.0
4109.0	1.0
4113.0	1.0
4114.0	1.0
4117.0	2.0
4120.0	1.0
4121.0	3.0
4123.0	1.0
4124.0	1.0
4130.0	2.0
4131.0	1.0
4133.0	2.0
4134.0	1.0
4140.0	1.0
4141.0	2.0
4142.0	1.0
4146.0	1.0
4147.0	1.0
4148.0	1.0
4150.0	1.0
4152.0	1.0
4153.0	1.0
4154.0	1.0
4156.0	1.0
4157.0	1.0
4160.0	1.0
4162.0	3.0
4163.0	2.0
4164.0	3.0
4165.0	3.0
4170.0	3.0
4171.0	1.0
4172.0	2.0
4173.0	1.0
4174.0	1.0
4175.0	2.0
4177.0	1.0
4178.0	1.0
4179.0	1.0
4180.0	1.0
4186.0	2.0
4189.0	3.0
4190.0	2.0
4192.0	1.0
4198.0	2.0
4199.0	1.0
4201.0	5.0
4202.0	1.0
4205.0	1.0
4206.0	2.0
4208.0	2.0
4211.0	1.0
4213.0	1.0
4220.0	1.0
4222.0	2.0
4225.0	1.0
4230.0	2.0
4231.0	1.0
4232.0	1.0
4233.0	1.0
4235.0	3.0
4239.0	1.0
4240.0	2.0
4243.0	1.0
4246.0	1.0
4247.0	2.0
4249.0	2.0
4251.0	1.0
4252.0	2.0
4253.0	3.0
4254.0	3.0
4255.0	1.0
4256.0	1.0
4257.0	1.0
4259.0	1.0
4262.0	3.0
4263.0	1.0
4265.0	2.0
4266.0	1.0
4267.0	1.0
4269.0	1.0
4270.0	1.0
4274.0	1.0
4279.0	2.0
4280.0	2.0
4282.0	1.0
4284.0	2.0
4286.0	1.0
4287.0	2.0
4288.0	2.0
4290.0	2.0
4291.0	4.0
4292.0	1.0
4294.0	2.0
4296.0	1.0
4298.0	2.0
4300.0	3.0
4301.0	2.0
4304.0	2.0
4306.0	1.0
4307.0	1.0
4308.0	2.0
4311.0	2.0
4312.0	1.0
4316.0	1.0
4318.0	1.0
4319.0	2.0
4320.0	1.0
4321.0	4.0
4322.0	1.0
4323.0	2.0
4326.0	2.0
4329.0	1.0
4330.0	1.0
4333.0	1.0
4337.0	1.0
4346.0	1.0
4347.0	3.0
4348.0	1.0
4351.0	1.0
4354.0	1.0
4355.0	3.0
4357.0	2.0
4359.0	2.0
4361.0	1.0
4364.0	1.0
4366.0	1.0
4368.0	1.0
4369.0	1.0
4372.0	1.0
4373.0	1.0
4374.0	2.0
4376.0	3.0
4378.0	2.0
4379.0	1.0
4380.0	1.0
4381.0	1.0
4382.0	1.0
4383.0	1.0
4386.0	1.0
4387.0	1.0
4389.0	1.0
4391.0	1.0
4392.0	1.0
4393.0	1.0
4394.0	1.0
4396.0	1.0
4397.0	1.0
4400.0	1.0
4401.0	3.0
4402.0	2.0
4403.0	1.0
4404.0	1.0
4406.0	2.0
4407.0	1.0
4408.0	2.0
4409.0	2.0
4411.0	1.0
4412.0	1.0
4413.0	4.0
4416.0	1.0
4417.0	3.0
4418.0	1.0
4419.0	2.0
4421.0	3.0
4422.0	1.0
4424.0	1.0
4425.0	1.0
4427.0	1.0
4431.0	1.0
4432.0	1.0
4433.0	1.0
4434.0	3.0
4435.0	1.0
4437.0	1.0
4438.0	4.0
4439.0	1.0
4441.0	1.0
4442.0	3.0
4443.0	1.0
4444.0	1.0
4445.0	1.0
4446.0	2.0
4448.0	2.0
4449.0	1.0
4450.0	1.0
4451.0	1.0
4452.0	1.0
4453.0	3.0
4454.0	1.0
4456.0	2.0
4457.0	1.0
4458.0	1.0
4459.0	1.0
4463.0	1.0
4464.0	1.0
4465.0	2.0
4466.0	1.0
4469.0	1.0
4470.0	1.0
4471.0	2.0
4472.0	1.0
4474.0	2.0
4475.0	2.0
4476.0	1.0
4477.0	1.0
4480.0	1.0
4483.0	1.0
4484.0	2.0
4485.0	1.0
4488.0	1.0
4489.0	2.0
4494.0	2.0
4496.0	1.0
4499.0	1.0
4501.0	1.0
4504.0	5.0
4506.0	2.0
4509.0	1.0
4510.0	1.0
4511.0	2.0
4513.0	1.0
4514.0	1.0
4515.0	1.0
4518.0	1.0
4519.0	1.0
4521.0	1.0
4523.0	3.0
4525.0	1.0
4526.0	1.0
4527.0	1.0
4528.0	2.0
4530.0	1.0
4532.0	1.0
4534.0	1.0
4535.0	1.0
4536.0	1.0
4537.0	1.0
4540.0	3.0
4544.0	1.0
4549.0	1.0
4552.0	2.0
4554.0	2.0
4555.0	2.0
4557.0	1.0
4558.0	1.0
4560.0	3.0
4562.0	1.0
4564.0	1.0
4565.0	1.0
4567.0	1.0
4570.0	2.0
4572.0	1.0
4573.0	1.0
4574.0	1.0
4577.0	1.0
4578.0	1.0
4581.0	2.0
4582.0	2.0
4583.0	2.0
4585.0	1.0
4587.0	1.0
4590.0	1.0
4591.0	1.0
4596.0	1.0
4597.0	3.0
4598.0	2.0
4600.0	2.0
4602.0	3.0
4603.0	1.0
4606.0	1.0
4613.0	1.0
4615.0	2.0
4618.0	1.0
4623.0	1.0
4626.0	1.0
4627.0	1.0
4631.0	1.0
4632.0	2.0
4633.0	1.0
4635.0	1.0
4636.0	1.0
4637.0	1.0
4640.0	1.0
4641.0	2.0
4644.0	1.0
4645.0	3.0
4649.0	1.0
4655.0	1.0
4656.0	2.0
4657.0	1.0
4658.0	1.0
4659.0	1.0
4662.0	2.0
4664.0	1.0
4669.0	1.0
4671.0	1.0
4681.0	2.0
4682.0	1.0
4683.0	1.0
4687.0	1.0
4690.0	1.0
4691.0	1.0
4693.0	1.0
4694.0	3.0
4695.0	1.0
4708.0	1.0
4712.0	1.0
4714.0	1.0
4716.0	1.0
4717.0	1.0
4724.0	1.0
4725.0	1.0
4733.0	1.0
4734.0	2.0
4736.0	1.0
4737.0	1.0
4742.0	1.0
4743.0	1.0
4744.0	1.0
4746.0	1.0
4747.0	1.0
4750.0	1.0
4752.0	1.0
4757.0	1.0
4758.0	1.0
4765.0	1.0
4767.0	2.0
4769.0	1.0
4773.0	1.0
4774.0	1.0
4780.0	2.0
4782.0	1.0
4788.0	1.0
4791.0	1.0
4793.0	1.0
4794.0	2.0
4795.0	1.0
4799.0	1.0
4801.0	1.0
4802.0	2.0
4807.0	1.0
4811.0	1.0
4812.0	1.0
4814.0	1.0
4815.0	3.0
4818.0	1.0
4821.0	1.0
4822.0	1.0
4824.0	1.0
4825.0	1.0
4826.0	3.0
4827.0	1.0
4830.0	1.0
4831.0	1.0
4834.0	1.0
4836.0	1.0
4840.0	1.0
4842.0	1.0
4844.0	1.0
4845.0	1.0
4847.0	1.0
4848.0	1.0
4849.0	1.0
4850.0	2.0
4853.0	2.0
4857.0	1.0
4858.0	2.0
4860.0	1.0
4873.0	2.0
4874.0	1.0
4877.0	2.0
4878.0	1.0
4880.0	1.0
4884.0	1.0
4885.0	1.0
4886.0	1.0
4889.0	1.0
4891.0	1.0
4894.0	1.0
4898.0	1.0
4899.0	1.0
4900.0	1.0
4902.0	1.0
4904.0	1.0
4905.0	2.0
4906.0	1.0
4909.0	1.0
4911.0	1.0
4913.0	2.0
4915.0	2.0
4916.0	3.0
4918.0	1.0
4922.0	1.0
4924.0	1.0
4925.0	1.0
4931.0	1.0
4932.0	1.0
4934.0	1.0
4935.0	1.0
4936.0	1.0
4937.0	2.0
4939.0	2.0
4942.0	1.0
4947.0	1.0
4948.0	1.0
4949.0	2.0
4951.0	1.0
4952.0	2.0
4955.0	2.0
4956.0	1.0
4957.0	2.0
4958.0	1.0
4963.0	1.0
4965.0	1.0
4967.0	2.0
4969.0	1.0
4970.0	1.0
4973.0	1.0
4976.0	2.0
4978.0	1.0
4982.0	1.0
4983.0	1.0
4989.0	1.0
4990.0	1.0
4992.0	1.0
4996.0	1.0
4997.0	2.0
5002.0	1.0
5003.0	1.0
5006.0	2.0
5008.0	1.0
5009.0	1.0
5015.0	2.0
5022.0	1.0
5029.0	2.0
5033.0	1.0
5034.0	1.0
5035.0	1.0
5036.0	1.0
5038.0	1.0
5040.0	1.0
5041.0	1.0
5042.0	1.0
5044.0	1.0
5046.0	2.0
5048.0	1.0
5049.0	1.0
5053.0	1.0
5055.0	1.0
5056.0	1.0
5057.0	1.0
5060.0	1.0
5065.0	1.0
5070.0	1.0
5073.0	1.0
5074.0	1.0
5078.0	1.0
5081.0	1.0
5087.0	1.0
5090.0	1.0
5091.0	3.0
5096.0	1.0
5107.0	1.0
5108.0	1.0
5109.0	2.0
5110.0	1.0
5112.0	1.0
5113.0	1.0
5121.0	1.0
5125.0	1.0
5127.0	1.0
5128.0	2.0
5129.0	1.0
5130.0	1.0
5131.0	1.0
5140.0	1.0
5143.0	1.0
5149.0	1.0
5150.0	1.0
5153.0	1.0
5155.0	1.0
5157.0	1.0
5159.0	1.0
5165.0	2.0
5176.0	2.0
5180.0	2.0
5184.0	1.0
5189.0	1.0
5190.0	1.0
5192.0	1.0
5198.0	1.0
5202.0	2.0
5204.0	1.0
5215.0	1.0
5217.0	1.0
5218.0	2.0
5220.0	2.0
5226.0	1.0
5229.0	2.0
5237.0	1.0
5239.0	1.0
5249.0	1.0
5250.0	1.0
5254.0	1.0
5255.0	1.0
5259.0	2.0
5260.0	2.0
5261.0	2.0
5262.0	1.0
5266.0	1.0
5270.0	1.0
5271.0	1.0
5273.0	2.0
5274.0	1.0
5276.0	2.0
5277.0	1.0
5278.0	2.0
5280.0	4.0
5282.0	2.0
5284.0	1.0
5286.0	1.0
5287.0	1.0
5288.0	1.0
5289.0	2.0
5290.0	2.0
5291.0	2.0
5292.0	1.0
5293.0	2.0
5295.0	1.0
5296.0	1.0
5301.0	2.0
5307.0	1.0
5319.0	1.0
5322.0	1.0
5329.0	1.0
5334.0	1.0
5335.0	4.0
5337.0	2.0
5338.0	1.0
5340.0	1.0
5352.0	1.0
5353.0	1.0
5360.0	1.0
5367.0	1.0
5368.0	1.0
5390.0	1.0
5395.0	1.0
5398.0	1.0
5400.0	1.0
5412.0	1.0
5418.0	1.0
5421.0	1.0
5425.0	1.0
5426.0	1.0
5427.0	1.0
5431.0	1.0
5433.0	1.0
5436.0	1.0
5439.0	1.0
5442.0	1.0
5452.0	1.0
5453.0	1.0
5464.0	1.0
5486.0	1.0
5487.0	1.0
5489.0	2.0
5490.0	1.0
5497.0	1.0
5498.0	1.0
5508.0	1.0
5515.0	1.0
5519.0	1.0
5526.0	1.0
5529.0	2.0
5532.0	1.0
5534.0	1.0
5543.0	1.0
5547.0	1.0
5548.0	1.0
5552.0	1.0
5565.0	1.0
5566.0	1.0
5573.0	1.0
5575.0	2.0
5576.0	1.0
5579.0	1.0
5589.0	1.0
5590.0	1.0
5596.0	1.0
5599.0	1.0
5612.0	1.0
5618.0	3.0
5626.0	1.0
5644.0	1.0
5657.0	1.0
5663.0	1.0
5673.0	1.0
5680.0	1.0
5689.0	1.0
5697.0	1.0
5698.0	1.0
5711.0	1.0
5712.0	1.0
5713.0	1.0
5715.0	1.0
5721.0	1.0
5725.0	1.0
5737.0	1.0
5738.0	1.0
5739.0	1.0
5751.0	1.0
5754.0	1.0
5755.0	1.0
5771.0	1.0
5772.0	1.0
5775.0	1.0
5781.0	1.0
5784.0	1.0
5791.0	1.0
5805.0	1.0
5807.0	1.0
5812.0	1.0
5815.0	1.0
5823.0	1.0
5832.0	1.0
5836.0	1.0
5837.0	1.0
5848.0	1.0
5859.0	2.0
5862.0	1.0
5885.0	1.0
5886.0	1.0
5893.0	1.0
5905.0	1.0
5914.0	1.0
5917.0	1.0
5922.0	1.0
5926.0	1.0
5933.0	1.0
5937.0	1.0
5942.0	1.0
5945.0	1.0
5951.0	1.0
5968.0	1.0
5975.0	1.0
5977.0	1.0
5988.0	1.0
5993.0	1.0
6028.0	2.0
6029.0	2.0
6032.0	1.0
6044.0	1.0
6048.0	1.0
6055.0	1.0
6076.0	1.0
6077.0	1.0
6082.0	1.0
6084.0	1.0
6094.0	1.0
6105.0	1.0
6106.0	1.0
6108.0	1.0
6117.0	1.0
6119.0	1.0
6124.0	1.0
6128.0	1.0
6129.0	1.0
6144.0	1.0
6145.0	1.0
6149.0	1.0
6157.0	2.0
6161.0	1.0
6163.0	1.0
6167.0	1.0
6171.0	1.0
6172.0	1.0
6191.0	1.0
6228.0	1.0
6230.0	1.0
6242.0	1.0
6249.0	1.0
6254.0	1.0
6260.0	1.0
6263.0	1.0
6271.0	1.0
6276.0	1.0
6278.0	1.0
6280.0	1.0
6302.0	1.0
6303.0	1.0
6305.0	1.0
6306.0	1.0
6311.0	1.0
6313.0	1.0
6320.0	1.0
6329.0	1.0
6332.0	1.0
6333.0	1.0
6334.0	1.0
6336.0	1.0
6346.0	1.0
6357.0	1.0
6360.0	1.0
6367.0	1.0
6374.0	1.0
6380.0	2.0
6394.0	1.0
6398.0	1.0
6408.0	1.0
6411.0	1.0
6425.0	1.0
6436.0	1.0
6441.0	1.0
6443.0	1.0
6444.0	2.0
6448.0	1.0
6449.0	1.0
6453.0	1.0
6457.0	1.0
6458.0	1.0
6461.0	1.0
6463.0	1.0
6504.0	1.0
6508.0	2.0
6513.0	1.0
6518.0	1.0
6532.0	1.0
6534.0	1.0
6540.0	1.0
6574.0	1.0
6603.0	1.0
6626.0	1.0
6640.0	1.0
6641.0	1.0
6643.0	1.0
6663.0	1.0
6672.0	1.0
6701.0	1.0
6727.0	1.0
6752.0	2.0
6755.0	1.0
6777.0	1.0
6784.0	1.0
6802.0	2.0
6809.0	1.0
6838.0	1.0
6851.0	1.0
6875.0	1.0
6879.0	1.0
6894.0	1.0
6914.0	1.0
6934.0	1.0
6983.0	1.0
7024.0	1.0
7031.0	1.0
7045.0	1.0
7078.0	1.0
7082.0	1.0
7151.0	1.0
7155.0	1.0
7157.0	1.0
7158.0	1.0
7182.0	1.0
7186.0	1.0
7189.0	1.0
7200.0	1.0
7205.0	1.0
7208.0	1.0
7273.0	1.0
7276.0	1.0
7300.0	1.0
7358.0	1.0
7381.0	1.0
7398.0	1.0
7440.0	1.0
7473.0	1.0
7479.0	1.0
7500.0	1.0
7508.0	1.0
7516.0	1.0
7528.0	1.0
7541.0	1.0
7568.0	2.0
7575.0	1.0
7576.0	1.0
7595.0	1.0
7597.0	1.0
7609.0	1.0
7619.0	1.0
7631.0	1.0
7638.0	1.0
7640.0	1.0
7654.0	2.0
7655.0	1.0
7668.0	1.0
7673.0	1.0
7676.0	1.0
7682.0	1.0
7687.0	1.0
7701.0	1.0
7707.0	1.0
7711.0	1.0
7715.0	1.0
7717.0	1.0
7720.0	2.0
7721.0	1.0
7722.0	1.0
7723.0	1.0
7727.0	1.0
7732.0	1.0
7733.0	1.0
7741.0	1.0
7747.0	1.0
7749.0	1.0
7750.0	2.0
7752.0	1.0
7754.0	1.0
7757.0	1.0
7760.0	1.0
7770.0	1.0
7773.0	1.0
7776.0	1.0
7778.0	1.0
7780.0	2.0
7782.0	1.0
7786.0	2.0
7790.0	1.0
7803.0	1.0
7823.0	1.0
7832.0	1.0
7838.0	1.0
7839.0	1.0
7842.0	1.0
7849.0	1.0
7851.0	1.0
7852.0	2.0
7857.0	1.0
7865.0	1.0
7878.0	1.0
7904.0	1.0
7907.0	1.0
7909.0	1.0
7914.0	1.0
7923.0	1.0
7926.0	2.0
7929.0	1.0
7930.0	1.0
7942.0	1.0
7944.0	1.0
7951.0	1.0
7954.0	1.0
7960.0	1.0
7968.0	1.0
7996.0	1.0
8004.0	1.0
8029.0	1.0
8032.0	1.0
8046.0	1.0
8053.0	1.0
8076.0	1.0
8081.0	1.0
8083.0	1.0
8097.0	2.0
8108.0	1.0
8116.0	1.0
8125.0	1.0
8136.0	1.0
8139.0	1.0
8140.0	1.0
8146.0	1.0
8160.0	1.0
8165.0	1.0
8177.0	1.0
8196.0	1.0
8200.0	1.0
8210.0	1.0
8213.0	1.0
8229.0	1.0
8259.0	1.0
8265.0	1.0
8267.0	1.0
8279.0	1.0
8280.0	2.0
8299.0	1.0
8306.0	1.0
8309.0	1.0
8312.0	1.0
8334.0	1.0
8349.0	1.0
8350.0	1.0
8355.0	1.0
8363.0	1.0
8368.0	1.0
8369.0	1.0
8384.0	1.0
8385.0	1.0
8387.0	2.0
8393.0	1.0
8399.0	1.0
8409.0	1.0
8431.0	1.0
8452.0	1.0
8456.0	1.0
8467.0	1.0
8469.0	1.0
8542.0	1.0
8552.0	1.0
8581.0	1.0
8614.0	1.0
8638.0	1.0
8653.0	1.0
8690.0	1.0
8721.0	1.0
8722.0	1.0
8733.0	1.0
8741.0	1.0
8742.0	1.0
8752.0	1.0
8758.0	1.0
8764.0	1.0
8769.0	1.0
8772.0	1.0
8786.0	2.0
8787.0	1.0
8812.0	1.0
8817.0	1.0
8818.0	2.0
8822.0	2.0
8842.0	1.0
8850.0	1.0
8855.0	1.0
8857.0	1.0
8859.0	1.0
8863.0	1.0
8867.0	1.0
8888.0	1.0
8918.0	1.0
8933.0	1.0
8971.0	1.0
9020.0	1.0
9027.0	1.0
9041.0	1.0
9069.0	1.0
9204.0	1.0
9251.0	1.0
9295.0	1.0
9303.0	1.0
9333.0	1.0
9351.0	1.0
9352.0	1.0
9386.0	1.0
9459.0	1.0
9512.0	1.0
9570.0	1.0
9583.0	1.0
9594.0	1.0
9632.0	1.0
9641.0	1.0
9649.0	1.0
9668.0	1.0
9722.0	1.0
9770.0	1.0
9803.0	1.0
9843.0	1.0
9856.0	1.0
9873.0	1.0
9878.0	1.0
9893.0	1.0
9903.0	1.0
9904.0	1.0
9931.0	1.0
9947.0	1.0
9974.0	1.0
9996.0	1.0
10000.0	1.0
10011.0	1.0
10025.0	1.0
10026.0	1.0
10057.0	1.0
10058.0	1.0
10071.0	1.0
10072.0	1.0
10104.0	1.0
10121.0	1.0
10124.0	2.0
10130.0	1.0
10134.0	1.0
10140.0	1.0
10146.0	1.0
10159.0	1.0
10167.0	2.0
10170.0	1.0
10186.0	1.0
10194.0	1.0
10206.0	1.0
10343.0	1.0
10502.0	1.0
10676.0	1.0
10776.0	1.0
10836.0	1.0
11009.0	1.0
11097.0	1.0
11120.0	1.0
11177.0	1.0
11280.0	1.0
11438.0	2.0
11507.0	1.0
11529.0	1.0
11645.0	1.0
11758.0	1.0
11760.0	1.0
11858.0	1.0
12018.0	1.0
12172.0	1.0
12311.0	1.0
12328.0	1.0
12434.0	1.0
12841.0	1.0
12846.0	1.0
12902.0	1.0
12971.0	1.0
13087.0	1.0
13216.0	1.0
13268.0	1.0
13480.0	1.0
13571.0	1.0
13792.0	1.0
13924.0	1.0
14133.0	1.0
14261.0	1.0
14340.0	1.0
14443.0	1.0
14508.0	1.0
14568.0	1.0
14648.0	1.0
14845.0	1.0
14884.0	1.0
14935.0	1.0
14984.0	1.0
15041.0	1.0
15045.0	1.0
15103.0	1.0
15110.0	1.0
15120.0	1.0
15220.0	1.0
15294.0	1.0
15311.0	1.0
15443.0	1.0
15716.0	1.0
15780.0	1.0
15878.0	1.0
15893.0	1.0
15926.0	1.0
15939.0	1.0
15955.0	1.0
15966.0	1.0
15968.0	1.0
15992.0	1.0
16006.0	1.0
16025.0	1.0
16040.0	1.0
16214.0	1.0
16457.0	1.0
16502.0	1.0
16625.0	1.0
16627.0	1.0
16643.0	1.0
16695.0	1.0
16848.0	1.0
17021.0	1.0
17029.0	1.0
17054.0	1.0
17108.0	1.0
17161.0	1.0
17268.0	1.0
17341.0	1.0
17373.0	1.0
17391.0	1.0
17399.0	1.0
17407.0	1.0
17458.0	1.0
17468.0	1.0
17510.0	1.0
17574.0	1.0
17631.0	1.0
17634.0	1.0
17711.0	1.0
17734.0	1.0
17790.0	1.0
17864.0	1.0
17913.0	1.0
18028.0	1.0
18098.0	1.0
18259.0	1.0
18378.0	1.0
18437.0	1.0
18543.0	1.0
18644.0	1.0
18666.0	1.0
18712.0	1.0
18986.0	1.0
19004.0	1.0
19073.0	1.0
19083.0	1.0
19219.0	1.0
19262.0	1.0
19403.0	1.0
19550.0	1.0
19552.0	1.0
19693.0	1.0
19776.0	1.0
19779.0	1.0
19874.0	1.0
19892.0	1.0
19929.0	1.0
19992.0	1.0
20005.0	1.0
20080.0	1.0
20136.0	1.0
20241.0	1.0
20285.0	1.0
20286.0	1.0
20760.0	1.0
20854.0	1.0
20915.0	1.0
20921.0	1.0
21034.0	1.0
21081.0	1.0
21129.0	1.0
21133.0	1.0
21140.0	1.0
21148.0	1.0
21154.0	1.0
21180.0	1.0
21222.0	1.0
21263.0	1.0
21289.0	1.0
21308.0	1.0
