FUN_000047-T1	sp|Q757N1|H3_EREGS	88.971	136	15	0	4	139	1	136	2.14e-86	246
FUN_000049-T1	sp|Q757N1|H3_EREGS	92.079	101	8	0	1	101	1	101	1.61e-63	190
FUN_000051-T1	sp|Q757N1|H3_EREGS	92.079	101	8	0	1	101	1	101	1.61e-63	190
FUN_000053-T1	sp|Q757N1|H3_EREGS	92.079	101	8	0	1	101	1	101	1.61e-63	190
FUN_000055-T1	sp|Q757N1|H3_EREGS	92.079	101	8	0	1	101	1	101	1.61e-63	190
FUN_000057-T1	sp|Q757N1|H3_EREGS	92.079	101	8	0	1	101	1	101	1.61e-63	190
FUN_000059-T1	sp|Q757N1|H3_EREGS	92.079	101	8	0	1	101	1	101	1.61e-63	190
FUN_000061-T1	sp|Q757N1|H3_EREGS	92.079	101	8	0	1	101	1	101	1.61e-63	190
FUN_000063-T1	sp|Q757N1|H3_EREGS	92.079	101	8	0	1	101	1	101	1.61e-63	190
FUN_000065-T1	sp|Q757N1|H3_EREGS	88.971	136	15	0	4	139	1	136	2.14e-86	246
FUN_000067-T1	sp|Q757N1|H3_EREGS	92.079	101	8	0	1	101	1	101	1.61e-63	190
FUN_000069-T1	sp|Q757N1|H3_EREGS	89.630	135	14	0	1	135	1	135	1.69e-84	246
FUN_000070-T1	sp|Q757N1|H3_EREGS	89.630	135	14	0	1	135	1	135	1.69e-84	246
FUN_000071-T1	sp|Q757N1|H3_EREGS	88.971	136	15	0	4	139	1	136	2.14e-86	246
FUN_000073-T1	sp|Q757N1|H3_EREGS	88.971	136	15	0	4	139	1	136	2.14e-86	246
FUN_000075-T1	sp|Q757N1|H3_EREGS	86.250	80	11	0	100	179	57	136	4.36e-44	141
FUN_000077-T1	sp|Q757N1|H3_EREGS	92.079	101	8	0	1	101	1	101	1.61e-63	190
FUN_000079-T1	sp|Q757N1|H3_EREGS	88.971	136	15	0	4	139	1	136	2.14e-86	246
FUN_000081-T1	sp|Q757N1|H3_EREGS	89.630	135	14	0	1	135	1	135	1.69e-84	246
FUN_000082-T1	sp|Q757N1|H3_EREGS	88.971	136	15	0	1	136	1	136	2.63e-86	246
FUN_000084-T1	sp|Q757N1|H3_EREGS	92.079	101	8	0	1	101	1	101	1.61e-63	190
FUN_000086-T1	sp|Q757N1|H3_EREGS	92.079	101	8	0	1	101	1	101	1.61e-63	190
FUN_000088-T1	sp|Q757N1|H3_EREGS	92.079	101	8	0	1	101	1	101	1.61e-63	190
FUN_000090-T1	sp|Q757N1|H3_EREGS	92.079	101	8	0	1	101	1	101	1.61e-63	190
FUN_000092-T1	sp|Q757N1|H3_EREGS	92.079	101	8	0	1	101	1	101	1.61e-63	190
FUN_000094-T1	sp|Q757N1|H3_EREGS	92.079	101	8	0	1	101	1	101	1.61e-63	190
FUN_000096-T1	sp|Q757N1|H3_EREGS	92.079	101	8	0	1	101	1	101	1.61e-63	190
FUN_000098-T1	sp|Q757N1|H3_EREGS	92.079	101	8	0	1	101	1	101	1.61e-63	190
FUN_000100-T1	sp|Q757N1|H3_EREGS	92.079	101	8	0	1	101	1	101	1.61e-63	190
FUN_000102-T1	sp|Q757N1|H3_EREGS	92.079	101	8	0	1	101	1	101	1.61e-63	190
FUN_000104-T1	sp|Q757N1|H3_EREGS	88.971	136	15	0	4	139	1	136	2.14e-86	246
FUN_000106-T1	sp|Q757N1|H3_EREGS	88.971	136	15	0	4	139	1	136	2.14e-86	246
FUN_000108-T1	sp|Q757N1|H3_EREGS	86.250	80	11	0	100	179	57	136	4.36e-44	141
FUN_000110-T1	sp|Q757N1|H3_EREGS	92.079	101	8	0	1	101	1	101	1.61e-63	190
FUN_000112-T1	sp|Q757N1|H3_EREGS	88.971	136	15	0	4	139	1	136	2.14e-86	246
FUN_000114-T1	sp|Q757N1|H3_EREGS	89.630	135	14	0	1	135	1	135	1.69e-84	246
FUN_000115-T1	sp|Q757N1|H3_EREGS	92.079	101	8	0	1	101	1	101	1.61e-63	190
FUN_000117-T1	sp|Q757N1|H3_EREGS	92.079	101	8	0	1	101	1	101	1.61e-63	190
FUN_000119-T1	sp|Q757N1|H3_EREGS	92.079	101	8	0	1	101	1	101	1.61e-63	190
FUN_000121-T1	sp|Q757N1|H3_EREGS	88.971	136	15	0	4	139	1	136	2.14e-86	246
FUN_000123-T1	sp|Q757N1|H3_EREGS	92.079	101	8	0	1	101	1	101	1.61e-63	190
FUN_000125-T1	sp|Q757N1|H3_EREGS	92.079	101	8	0	1	101	1	101	1.61e-63	190
FUN_000127-T1	sp|Q757N1|H3_EREGS	92.079	101	8	0	1	101	1	101	1.61e-63	190
FUN_000129-T1	sp|Q757N1|H3_EREGS	92.079	101	8	0	1	101	1	101	1.61e-63	190
FUN_000131-T1	sp|Q757N1|H3_EREGS	88.971	136	15	0	4	139	1	136	2.14e-86	246
FUN_000134-T1	sp|Q757N1|H3_EREGS	92.079	101	8	0	1	101	1	101	1.61e-63	190
FUN_000136-T1	sp|Q757N1|H3_EREGS	92.079	101	8	0	1	101	1	101	1.61e-63	190
FUN_000138-T1	sp|Q757N1|H3_EREGS	88.971	136	15	0	4	139	1	136	2.14e-86	246
FUN_000140-T1	sp|Q757N1|H3_EREGS	89.630	135	14	0	1	135	1	135	1.69e-84	246
FUN_000143-T1	sp|Q757N1|H3_EREGS	92.079	101	8	0	1	101	1	101	1.61e-63	190
FUN_000145-T1	sp|Q757N1|H3_EREGS	88.971	136	15	0	4	139	1	136	2.14e-86	246
FUN_000146-T1	sp|Q757N1|H3_EREGS	88.971	136	15	0	4	139	1	136	2.14e-86	246
FUN_000151-T1	sp|Q757N1|H3_EREGS	92.079	101	8	0	1	101	1	101	1.61e-63	190
FUN_000153-T1	sp|Q757N1|H3_EREGS	92.079	101	8	0	1	101	1	101	1.61e-63	190
FUN_000155-T1	sp|Q757N1|H3_EREGS	92.079	101	8	0	1	101	1	101	1.61e-63	190
FUN_000157-T1	sp|Q757N1|H3_EREGS	92.079	101	8	0	1	101	1	101	1.61e-63	190
FUN_000159-T1	sp|Q757N1|H3_EREGS	92.079	101	8	0	1	101	1	101	1.61e-63	190
FUN_000161-T1	sp|Q757N1|H3_EREGS	92.079	101	8	0	1	101	1	101	1.61e-63	190
FUN_000163-T1	sp|Q757N1|H3_EREGS	92.079	101	8	0	1	101	1	101	1.61e-63	190
FUN_000165-T1	sp|Q757N1|H3_EREGS	92.079	101	8	0	1	101	1	101	1.61e-63	190
FUN_000167-T1	sp|Q757N1|H3_EREGS	92.079	101	8	0	1	101	1	101	1.61e-63	190
FUN_000169-T1	sp|Q757N1|H3_EREGS	92.079	101	8	0	1	101	1	101	1.61e-63	190
FUN_000171-T1	sp|Q757N1|H3_EREGS	92.079	101	8	0	1	101	1	101	1.61e-63	190
FUN_000173-T1	sp|Q757N1|H3_EREGS	92.079	101	8	0	1	101	1	101	1.61e-63	190
FUN_000175-T1	sp|Q757N1|H3_EREGS	92.079	101	8	0	1	101	1	101	1.61e-63	190
FUN_000177-T1	sp|Q757N1|H3_EREGS	92.079	101	8	0	1	101	1	101	1.61e-63	190
FUN_000179-T1	sp|Q757N1|H3_EREGS	92.079	101	8	0	1	101	1	101	1.61e-63	190
FUN_000221-T1	sp|Q04857|CO6A1_MOUSE	29.932	147	77	2	704	850	268	388	1.82e-06	50.8
FUN_000228-T1	sp|Q6XHB2|ROCO4_DICDI	25.352	142	94	3	11	150	371	502	6.38e-07	48.1
FUN_000270-T1	sp|P04710|ADT1_YEAST	28.214	280	179	6	92	356	20	292	3.10e-29	113
FUN_000334-T1	sp|Q6XHB2|ROCO4_DICDI	26.738	374	163	16	796	1138	427	720	1.38e-16	84.3
FUN_000335-T1	sp|Q6XHB2|ROCO4_DICDI	26.330	376	179	14	494	844	427	729	4.74e-16	82.4
FUN_000337-T1	sp|Q6XHB2|ROCO4_DICDI	25.132	378	176	13	242	588	427	728	6.92e-17	84.0
FUN_000339-T1	sp|Q6XHB2|ROCO4_DICDI	57.576	33	13	1	494	526	427	458	1.95e-06	49.3
FUN_000340-T1	sp|Q6XHB2|ROCO4_DICDI	33.577	137	67	6	151	287	617	729	1.91e-08	56.2
FUN_000341-T1	sp|Q6XHB2|ROCO4_DICDI	28.056	360	163	16	828	1160	427	717	2.07e-20	97.4
FUN_000345-T1	sp|Q6XHB2|ROCO4_DICDI	27.297	381	169	16	614	964	427	729	2.38e-17	86.7
FUN_000502-T1	sp|Q6XHB2|ROCO4_DICDI	30.189	212	131	9	13	212	1027	1233	4.28e-16	79.7
FUN_000518-T1	sp|O97492|CATA_CANLF	68.400	500	149	4	3	496	4	500	0.0	716
FUN_000529-T1	sp|O97492|CATA_CANLF	69.094	508	153	3	1	504	1	508	0.0	734
FUN_000586-T1	sp|P12109|CO6A1_HUMAN	29.412	170	97	6	343	503	603	758	7.09e-11	63.9
FUN_000586-T2	sp|P12109|CO6A1_HUMAN	31.176	170	94	6	350	510	603	758	7.54e-13	70.5
FUN_000586-T3	sp|P12109|CO6A1_HUMAN	31.176	170	94	6	232	392	603	758	4.20e-13	70.9
FUN_000595-T1	sp|O95258|UCP5_HUMAN	27.027	296	178	6	11	299	44	308	4.91e-26	103
FUN_000888-T1	sp|P12109|CO6A1_HUMAN	23.881	201	127	7	12	192	828	1022	3.58e-07	53.9
FUN_000932-T1	sp|Q6XHB2|ROCO4_DICDI	28.095	210	129	9	403	596	1030	1233	2.08e-10	62.8
FUN_000937-T1	sp|Q6XHB2|ROCO4_DICDI	28.372	215	125	11	88	284	1030	1233	7.70e-08	54.3
FUN_000939-T1	sp|Q6XHB2|ROCO4_DICDI	27.907	215	126	11	88	284	1030	1233	5.14e-07	51.6
FUN_000941-T1	sp|Q6XHB2|ROCO4_DICDI	28.372	215	125	11	67	263	1030	1233	6.14e-07	51.2
FUN_000943-T1	sp|Q791V5|MTCH2_MOUSE	41.549	284	162	2	24	305	8	289	3.89e-80	243
FUN_000960-T1	sp|P21399|ACOHC_HUMAN	70.588	867	255	0	24	890	21	887	0.0	1312
FUN_000977-T1	sp|Q6XHB2|ROCO4_DICDI	30.035	283	163	10	589	848	1023	1293	1.35e-27	119
FUN_001081-T1	sp|Q6XHB2|ROCO4_DICDI	26.887	212	138	8	18	217	1027	1233	7.56e-14	72.8
FUN_001181-T1	sp|O52683|HYDA_THEMA	29.902	408	237	17	115	515	184	549	1.10e-39	151
FUN_001200-T1	sp|Q9P7D4|ACON2_SCHPO	29.245	106	73	1	111	214	812	917	3.27e-09	54.7
FUN_001217-T1	sp|O95258|UCP5_HUMAN	27.536	276	168	11	34	286	59	325	7.87e-17	77.8
FUN_001219-T1	sp|O95258|UCP5_HUMAN	25.806	279	171	9	34	288	59	325	1.93e-17	79.7
FUN_001241-T1	sp|Q6XHB2|ROCO4_DICDI	41.837	98	54	2	56	152	260	355	1.30e-08	56.2
FUN_001264-T1	sp|Q6XHB2|ROCO4_DICDI	24.535	269	172	11	149	396	1021	1279	2.90e-11	64.3
FUN_001271-T1	sp|Q6XHB2|ROCO4_DICDI	27.311	238	149	9	417	636	1016	1247	2.48e-11	65.9
FUN_001311-T1	sp|Q04857|CO6A1_MOUSE	24.034	233	141	7	47	247	785	1013	3.10e-07	49.7
FUN_001311-T2	sp|Q04857|CO6A1_MOUSE	24.034	233	141	7	37	237	785	1013	3.66e-07	49.3
FUN_001325-T1	sp|Q9SMX3|VDAC3_ARATH	27.562	283	193	8	1	282	1	272	2.86e-20	86.3
FUN_001342-T1	sp|Q9NTG7|SIR3_HUMAN	42.424	264	133	8	164	417	124	378	1.25e-61	211
FUN_001344-T1	sp|Q6XHB2|ROCO4_DICDI	29.258	229	134	13	7	214	1012	1233	1.27e-10	60.8
FUN_001356-T1	sp|A0QMB9|GABD1_MYCA1	30.787	445	291	4	79	508	7	449	1.65e-61	214
FUN_001396-T1	sp|O95258|UCP5_HUMAN	36.426	291	169	4	16	301	44	323	4.22e-66	208
FUN_001416-T1	sp|Q6XHB2|ROCO4_DICDI	27.957	279	170	10	14	280	1020	1279	1.02e-16	81.6
FUN_001463-T1	sp|Q6XHB2|ROCO4_DICDI	27.059	340	219	14	1552	1876	954	1279	2.66e-23	107
FUN_001472-T1	sp|P59911|UBIE_HAEDU	32.743	113	66	5	70	181	71	174	7.21e-06	45.4
FUN_001483-T1	sp|Q6CFT7|ATPB_YARLI	25.301	415	280	10	45	448	52	447	6.16e-29	117
FUN_001546-T1	sp|Q02372|NDUB8_BOVIN	36.898	187	92	9	1	170	1	178	6.89e-21	83.6
FUN_001550-T1	sp|O75323|NIPS2_HUMAN	23.963	217	160	3	46	258	69	284	7.28e-16	73.9
FUN_001593-T1	sp|Q6XHB2|ROCO4_DICDI	26.829	246	141	11	38	255	1031	1265	9.40e-12	68.2
FUN_001648-T1	sp|P24539|AT5F1_HUMAN	39.691	194	108	3	15	207	62	247	4.90e-38	130
FUN_001648-T2	sp|P24539|AT5F1_HUMAN	40.314	191	105	3	47	236	62	244	4.82e-38	131
FUN_001731-T1	sp|B7JBP8|SQRD_ACIF2	26.045	311	186	15	31	316	3	294	1.09e-07	52.0
FUN_001784-T1	sp|Q6XHB2|ROCO4_DICDI	26.022	269	178	10	220	471	1024	1288	4.24e-12	69.7
FUN_001867-T1	sp|Q8W1Y3|KN14F_ARATH	33.482	224	119	5	226	446	504	700	1.85e-22	102
FUN_001899-T1	sp|Q8SQ80|COX7C_PAPHA	49.231	65	31	2	10	74	1	63	1.93e-15	62.4
FUN_001904-T1	sp|Q6XHB2|ROCO4_DICDI	27.200	125	79	5	13	130	372	491	4.27e-06	45.4
FUN_001912-T1	sp|Q04857|CO6A1_MOUSE	52.000	50	21	1	51	100	441	487	4.67e-06	45.4
FUN_002080-T1	sp|Q6XHB2|ROCO4_DICDI	27.660	282	164	14	498	760	1032	1292	3.45e-17	85.1
FUN_002102-T1	sp|Q6XHB2|ROCO4_DICDI	26.000	300	169	13	527	808	1023	1287	2.81e-14	75.9
FUN_002103-T1	sp|Q6XHB2|ROCO4_DICDI	25.418	299	165	13	319	592	1024	1289	2.45e-17	84.7
FUN_002379-T1	sp|Q6XHB2|ROCO4_DICDI	25.604	207	135	7	165	356	1031	1233	1.65e-10	62.0
FUN_002429-T1	sp|Q6XHB2|ROCO4_DICDI	28.837	215	123	12	376	571	1030	1233	1.12e-13	73.2
FUN_002429-T2	sp|Q6XHB2|ROCO4_DICDI	28.837	215	123	12	376	571	1030	1233	5.49e-14	73.9
FUN_002454-T1	sp|Q6XHB2|ROCO4_DICDI	24.453	274	165	10	81	325	1027	1287	1.98e-10	60.8
FUN_002454-T2	sp|Q6XHB2|ROCO4_DICDI	24.453	274	165	10	143	387	1027	1287	2.52e-10	61.2
FUN_002477-T1	sp|Q6XHB2|ROCO4_DICDI	27.027	370	178	15	646	991	427	728	1.19e-15	81.3
FUN_002682-T1	sp|Q6XHB2|ROCO4_DICDI	27.124	306	173	17	389	676	1019	1292	2.53e-16	81.6
FUN_002683-T1	sp|Q6XHB2|ROCO4_DICDI	27.273	297	165	15	263	540	1025	1289	1.71e-19	91.3
FUN_002810-T1	sp|Q04857|CO6A1_MOUSE	29.545	132	73	5	176	296	613	735	6.07e-08	57.0
FUN_002838-T1	sp|Q6XHB2|ROCO4_DICDI	34.437	151	80	8	107	246	1150	1292	1.72e-13	69.3
FUN_002868-T1	sp|P12109|CO6A1_HUMAN	43.836	73	38	1	38	107	256	328	3.98e-06	46.6
FUN_002878-T1	sp|Q6XHB2|ROCO4_DICDI	27.517	298	176	14	13	296	1021	1292	5.27e-17	80.9
FUN_002889-T1	sp|Q6XHB2|ROCO4_DICDI	30.000	210	119	10	47	246	1101	1292	8.22e-16	75.9
FUN_002889-T2	sp|Q6XHB2|ROCO4_DICDI	30.097	206	116	10	1	196	1105	1292	2.37e-15	72.4
FUN_002935-T1	sp|Q6XHB2|ROCO4_DICDI	27.797	295	179	13	13	296	1021	1292	1.52e-19	87.8
FUN_002951-T1	sp|Q6XHB2|ROCO4_DICDI	27.619	210	123	10	25	226	1021	1209	1.20e-08	54.3
FUN_003587-T1	sp|Q6XHB2|ROCO4_DICDI	27.243	301	170	15	65	346	1024	1294	1.05e-19	89.4
FUN_003841-T1	sp|Q04857|CO6A1_MOUSE	45.349	86	39	3	59	136	297	382	1.13e-06	45.8
FUN_003842-T1	sp|Q04857|CO6A1_MOUSE	46.753	77	40	1	30	106	313	388	1.03e-06	44.7
FUN_003881-T1	sp|Q8W1Y3|KN14F_ARATH	27.839	273	173	9	57	321	444	700	1.09e-20	96.3
FUN_003885-T1	sp|Q6XHB2|ROCO4_DICDI	27.948	229	126	12	920	1126	1022	1233	1.22e-08	58.2
FUN_003887-T1	sp|Q6XHB2|ROCO4_DICDI	23.982	221	142	9	31	232	1020	1233	3.67e-08	53.5
FUN_003887-T2	sp|Q6XHB2|ROCO4_DICDI	23.982	221	142	9	36	237	1020	1233	4.58e-08	53.1
FUN_003898-T1	sp|Q9V0D5|MDH_PYRAB	41.694	307	173	3	6	310	7	309	7.33e-71	224
FUN_003899-T1	sp|Q9V0D5|MDH_PYRAB	37.110	353	215	5	28	377	9	357	8.04e-73	229
FUN_003901-T1	sp|P29410|KAD2_RAT	34.314	204	105	5	30	204	20	223	1.76e-28	105
FUN_003934-T1	sp|Q04857|CO6A1_MOUSE	27.602	221	130	9	683	880	604	817	4.56e-10	63.2
FUN_004008-T1	sp|Q9CR61|NDUB7_MOUSE	50.000	66	33	0	1	66	39	104	1.38e-16	67.4
FUN_004027-T1	sp|Q05752|NDUA7_BOVIN	53.947	76	34	1	1	75	1	76	1.30e-22	83.2
FUN_004095-T1	sp|Q6XHB2|ROCO4_DICDI	28.975	283	175	10	37	301	1015	1289	5.45e-21	96.3
FUN_004143-T1	sp|P12109|CO6A1_HUMAN	34.454	119	78	0	96	214	208	326	1.73e-07	52.8
FUN_004152-T1	sp|Q04857|CO6A1_MOUSE	46.154	52	28	0	2	53	270	321	1.86e-06	44.7
FUN_004225-T1	sp|Q6XHB2|ROCO4_DICDI	29.268	246	150	10	103	331	1031	1269	1.43e-18	87.4
FUN_004230-T1	sp|Q75IM9|IVD_ORYSJ	22.500	400	279	11	27	421	30	403	1.53e-17	84.0
FUN_004264-T1	sp|Q6XHB2|ROCO4_DICDI	25.670	261	170	10	848	1096	1032	1280	6.66e-18	88.2
FUN_004283-T1	sp|Q9D8B4|NDUAB_MOUSE	33.333	126	72	5	8	126	4	124	5.83e-13	60.5
FUN_004300-T1	sp|Q6XHB2|ROCO4_DICDI	28.662	157	92	6	13	159	372	518	4.25e-08	51.2
FUN_004301-T1	sp|Q6XHB2|ROCO4_DICDI	28.025	157	93	6	13	159	372	518	7.41e-07	47.8
FUN_004316-T1	sp|Q16DL1|UBIE_ROSDO	22.422	223	146	6	22	219	18	238	1.51e-08	52.8
FUN_004346-T1	sp|Q6XHB2|ROCO4_DICDI	28.125	256	155	9	50	284	1032	1279	1.38e-14	75.5
FUN_004347-T1	sp|Q59RK9|PMIP_CANAL	23.469	588	386	18	3	537	174	750	5.32e-35	138
FUN_004465-T1	sp|Q6XHB2|ROCO4_DICDI	24.068	295	198	10	22	299	1003	1288	9.46e-16	79.7
FUN_004511-T1	sp|Q6XHB2|ROCO4_DICDI	30.000	280	166	12	424	684	1021	1289	1.37e-22	102
FUN_004560-T1	sp|Q16595|FRDA_HUMAN	60.684	117	46	0	62	178	89	205	7.89e-50	159
FUN_004624-T1	sp|Q6XHB2|ROCO4_DICDI	25.949	474	228	16	1139	1600	929	1291	3.47e-28	123
FUN_004641-T1	sp|P56556|NDUA6_HUMAN	60.504	119	47	0	7	125	9	127	4.72e-50	154
FUN_004661-T1	sp|P12109|CO6A1_HUMAN	30.128	156	98	5	285	435	612	761	5.17e-09	58.2
FUN_004719-T1	sp|Q9CQX8|KGD4_MOUSE	38.542	96	54	2	4	94	6	101	5.58e-15	63.2
FUN_004722-T1	sp|B0VYX2|COX5A_PANPA	63.208	106	39	0	2	107	42	147	2.03e-47	147
FUN_004735-T1	sp|Q757N1|H3_EREGS	90.441	136	13	0	1	136	1	136	2.68e-88	251
FUN_004736-T1	sp|Q9VWH4|IDH3A_DROME	72.892	332	89	1	40	371	47	377	0.0	514
FUN_004752-T1	sp|A0QMB9|GABD1_MYCA1	34.848	462	284	6	426	879	3	455	1.44e-73	248
FUN_004772-T1	sp|Q757N1|H3_EREGS	88.971	136	15	0	25	160	1	136	2.36e-86	247
FUN_004783-T1	sp|Q9ERS2|NDUAD_MOUSE	52.500	120	57	0	1	120	1	120	3.72e-44	139
FUN_004851-T1	sp|Q6XHB2|ROCO4_DICDI	27.018	285	168	11	414	681	1028	1289	1.43e-19	92.4
FUN_004895-T1	sp|Q6XHB2|ROCO4_DICDI	27.626	257	144	14	18	260	1030	1258	1.37e-06	49.3
FUN_004909-T1	sp|Q8W1Y3|KN14F_ARATH	31.157	337	212	9	175	499	378	706	6.23e-36	145
FUN_004919-T1	sp|Q6XHB2|ROCO4_DICDI	31.455	213	125	9	62	264	1078	1279	5.26e-21	92.4
FUN_005099-T1	sp|Q6XHB2|ROCO4_DICDI	24.815	270	162	11	75	315	1030	1287	3.46e-07	51.6
FUN_005101-T1	sp|P54275|MSH2_RAT	27.242	591	342	24	410	966	177	713	2.65e-30	127
FUN_005102-T1	sp|P43246|MSH2_HUMAN	36.145	166	81	2	1	166	712	852	4.60e-24	97.4
FUN_005133-T1	sp|Q6XHB2|ROCO4_DICDI	25.792	221	146	8	70	275	1016	1233	8.51e-12	65.5
FUN_005160-T1	sp|Q9DC69|NDUA9_MOUSE	48.663	374	184	3	73	439	1	373	2.77e-109	326
FUN_005223-T1	sp|Q6XHB2|ROCO4_DICDI	23.699	173	109	7	10	171	372	532	3.76e-06	45.4
FUN_005234-T1	sp|Q04857|CO6A1_MOUSE	39.086	197	86	3	73	235	277	473	5.04e-20	92.4
FUN_005269-T1	sp|Q6XHB2|ROCO4_DICDI	29.213	89	62	1	87	174	258	346	3.18e-06	47.4
FUN_005347-T1	sp|Q8W1Y3|KN14F_ARATH	39.100	422	230	9	1261	1667	337	746	9.90e-78	279
FUN_005467-T1	sp|Q6XHB2|ROCO4_DICDI	27.740	292	166	15	1094	1365	1025	1291	2.70e-20	96.3
FUN_005467-T2	sp|Q6XHB2|ROCO4_DICDI	27.740	292	166	15	1011	1282	1025	1291	2.83e-20	96.3
FUN_005474-T1	sp|Q6XHB2|ROCO4_DICDI	28.926	242	145	12	23	243	1030	1265	2.28e-15	77.8
FUN_005688-T1	sp|Q6XHB2|ROCO4_DICDI	23.148	216	133	9	148	345	1073	1273	6.35e-06	46.6
FUN_005781-T1	sp|Q6XHB2|ROCO4_DICDI	26.250	240	146	10	13	244	1021	1237	2.67e-12	65.1
FUN_005814-T1	sp|Q6XHB2|ROCO4_DICDI	26.545	275	173	11	377	629	1025	1292	2.25e-21	97.8
FUN_005878-T1	sp|O95258|UCP5_HUMAN	24.252	301	199	9	19	306	41	325	2.62e-14	70.5
FUN_005895-T1	sp|Q12001|ALG6_YEAST	34.921	126	78	3	36	157	69	194	5.74e-18	79.3
FUN_005961-T1	sp|Q6XHB2|ROCO4_DICDI	25.503	298	142	13	260	504	1024	1294	3.36e-13	70.9
FUN_005999-T1	sp|Q6XHB2|ROCO4_DICDI	30.097	206	130	6	395	588	1030	1233	6.33e-17	84.0
FUN_006007-T1	sp|Q6XHB2|ROCO4_DICDI	27.230	213	133	9	60	259	1032	1235	8.25e-16	76.6
FUN_006018-T1	sp|Q6XHB2|ROCO4_DICDI	25.312	320	197	11	9	306	1029	1328	2.38e-16	82.0
FUN_006021-T1	sp|Q6XHB2|ROCO4_DICDI	27.491	291	177	12	325	604	1025	1292	7.86e-19	89.7
FUN_006031-T1	sp|Q6XHB2|ROCO4_DICDI	28.571	203	115	10	17	209	1089	1271	8.33e-12	63.9
FUN_006166-T1	sp|O95258|UCP5_HUMAN	23.762	303	199	9	11	309	44	318	4.19e-18	81.6
FUN_006168-T1	sp|Q3KJC5|UBIE_PSEPF	26.506	166	87	6	370	512	20	173	3.30e-07	50.4
FUN_006171-T1	sp|O95258|UCP5_HUMAN	22.260	292	176	7	14	299	44	290	2.14e-10	58.9
FUN_006248-T1	sp|Q9VQ79|AIFM1_DROME	48.290	497	245	5	145	632	245	738	3.67e-167	494
FUN_006248-T2	sp|Q9VQ79|AIFM1_DROME	47.379	477	239	5	145	612	245	718	1.88e-156	465
FUN_006290-T1	sp|Q6XHB2|ROCO4_DICDI	27.103	214	126	9	18	223	1026	1217	8.26e-10	57.8
FUN_006298-T1	sp|Q6XHB2|ROCO4_DICDI	27.491	291	177	12	29	308	1025	1292	6.14e-19	86.7
FUN_006315-T1	sp|Q6XHB2|ROCO4_DICDI	29.010	293	170	13	28	307	1025	1292	5.88e-19	86.7
FUN_006328-T1	sp|O95258|UCP5_HUMAN	24.561	285	200	8	23	300	42	318	3.76e-14	70.1
FUN_006329-T1	sp|P09622|DLDH_HUMAN	74.468	470	118	2	41	509	41	509	0.0	741
FUN_006341-T1	sp|Q6XHB2|ROCO4_DICDI	27.477	222	125	10	24	234	1021	1217	4.31e-11	60.8
FUN_006341-T2	sp|Q6XHB2|ROCO4_DICDI	28.652	178	101	8	24	193	1021	1180	3.46e-09	55.1
FUN_006442-T1	sp|Q6XHB2|ROCO4_DICDI	27.881	269	170	10	190	440	1024	1286	1.95e-22	99.0
FUN_006453-T3	sp|Q6XHB2|ROCO4_DICDI	21.769	294	143	11	408	663	416	660	2.92e-09	59.7
FUN_006488-T1	sp|Q6XHB2|ROCO4_DICDI	25.540	278	169	14	528	787	1030	1287	8.46e-12	67.4
FUN_006500-T1	sp|Q6XHB2|ROCO4_DICDI	23.030	330	160	14	37	329	388	660	9.28e-12	66.6
FUN_006536-T1	sp|Q6XHB2|ROCO4_DICDI	26.545	275	170	13	249	508	1030	1287	2.59e-14	74.3
FUN_006542-T1	sp|Q6XHB2|ROCO4_DICDI	24.199	281	164	15	109	357	1024	1287	3.74e-10	60.1
FUN_006580-T1	sp|Q6XHB2|ROCO4_DICDI	25.490	357	186	16	1560	1895	992	1289	4.82e-15	79.7
FUN_006581-T1	sp|Q6XHB2|ROCO4_DICDI	28.205	273	150	14	443	697	1048	1292	8.74e-16	80.9
FUN_006636-T1	sp|Q8W1Y3|KN14F_ARATH	34.247	365	220	10	8	361	378	733	2.29e-46	176
FUN_006649-T1	sp|A4SFT4|MDH_CHLPM	36.093	302	182	4	24	322	2	295	1.34e-63	202
FUN_006778-T1	sp|Q6XHB2|ROCO4_DICDI	24.627	268	161	12	895	1145	1049	1292	2.38e-14	76.6
FUN_006781-T1	sp|Q6XHB2|ROCO4_DICDI	29.193	161	94	8	6	153	1136	1289	3.20e-14	68.2
FUN_006790-T1	sp|Q6XHB2|ROCO4_DICDI	28.897	263	143	14	939	1182	1052	1289	1.43e-16	84.0
FUN_006864-T1	sp|Q73TP5|GABD1_MYCPA	35.141	461	285	7	65	519	5	457	1.95e-75	244
FUN_006864-T2	sp|Q73TP5|GABD1_MYCPA	35.141	461	285	7	65	519	5	457	6.27e-76	245
FUN_006886-T1	sp|Q6XHB2|ROCO4_DICDI	23.723	274	178	9	654	907	1030	1292	4.61e-13	72.0
FUN_006898-T1	sp|Q6XHB2|ROCO4_DICDI	27.803	223	140	8	7	214	1019	1235	1.03e-12	69.7
FUN_006923-T1	sp|Q8W1Y3|KN14F_ARATH	31.415	417	235	14	2	401	371	753	4.67e-45	173
FUN_006924-T1	sp|Q6XHB2|ROCO4_DICDI	23.932	234	148	10	211	428	1075	1294	5.91e-08	53.5
FUN_006927-T1	sp|P9WNX7|GABD2_MYCTU	30.983	468	289	12	68	521	34	481	1.26e-52	185
FUN_006927-T2	sp|P9WNX7|GABD2_MYCTU	33.621	348	212	8	69	410	147	481	7.26e-50	174
FUN_006988-T1	sp|Q6XHB2|ROCO4_DICDI	23.000	300	182	11	11	287	1019	1292	2.02e-07	50.8
FUN_007001-T1	sp|Q8W1Y3|KN14F_ARATH	55.340	103	42	1	26	128	607	705	2.36e-25	112
FUN_007001-T2	sp|Q8W1Y3|KN14F_ARATH	38.416	341	186	9	7	336	378	705	9.55e-58	216
FUN_007006-T1	sp|Q3SM81|UBIE_THIDA	28.859	149	84	5	13	144	26	169	5.41e-08	52.4
FUN_007016-T1	sp|P41565|IDHG1_RAT	55.587	349	146	5	33	379	36	377	1.52e-132	390
FUN_007024-T1	sp|P18239|ADT2_YEAST	61.824	296	111	1	58	351	22	317	6.46e-132	378
FUN_007157-T1	sp|O43678|NDUA2_HUMAN	58.416	101	35	2	1	96	1	99	2.57e-38	122
FUN_007180-T1	sp|P95329|MASY_MYXXD	40.000	475	274	4	16	483	65	535	6.62e-121	363
FUN_007648-T1	sp|Q04857|CO6A1_MOUSE	25.000	204	116	7	461	637	817	1010	5.78e-07	51.6
FUN_007749-T1	sp|P35731|FABG_YEAST	23.214	224	135	7	934	1121	9	231	4.18e-06	48.1
FUN_007784-T1	sp|Q6XHB2|ROCO4_DICDI	28.436	211	130	7	20	215	1030	1234	3.00e-14	71.2
FUN_007823-T1	sp|Q6XHB2|ROCO4_DICDI	30.605	281	175	9	106	377	1025	1294	4.61e-29	124
FUN_007872-T1	sp|Q04857|CO6A1_MOUSE	45.161	62	34	0	172	233	304	365	9.37e-06	45.4
FUN_007894-T1	sp|Q04857|CO6A1_MOUSE	48.780	82	42	0	290	371	301	382	7.33e-11	62.8
FUN_007895-T1	sp|Q04857|CO6A1_MOUSE	47.674	86	36	1	333	418	289	365	4.72e-12	67.0
FUN_007919-T1	sp|Q8W1Y3|KN14F_ARATH	36.815	383	210	13	2	376	376	734	3.20e-52	199
FUN_007920-T1	sp|Q8W1Y3|KN14F_ARATH	36.061	391	211	14	2	386	376	733	1.26e-48	188
FUN_007945-T1	sp|Q6XHB2|ROCO4_DICDI	30.216	278	169	10	16	284	1024	1285	8.37e-23	101
FUN_007946-T1	sp|Q6XHB2|ROCO4_DICDI	29.537	281	175	8	18	290	1026	1291	1.50e-22	100
FUN_007961-T1	sp|Q6XHB2|ROCO4_DICDI	23.661	224	147	8	9	221	1023	1233	6.39e-10	58.9
FUN_007994-T1	sp|Q6XHB2|ROCO4_DICDI	26.073	303	182	14	315	598	1003	1282	1.71e-19	91.7
FUN_007994-T2	sp|Q6XHB2|ROCO4_DICDI	26.073	303	182	15	352	635	1003	1282	2.17e-19	91.7
FUN_007995-T1	sp|Q6XHB2|ROCO4_DICDI	26.885	305	187	13	760	1049	1010	1293	3.75e-21	98.6
FUN_008020-T1	sp|Q6XHB2|ROCO4_DICDI	29.524	210	128	8	51	245	1030	1234	2.97e-15	79.0
FUN_008020-T2	sp|Q6XHB2|ROCO4_DICDI	29.524	210	128	8	67	261	1030	1234	2.27e-15	79.0
FUN_008031-T1	sp|P59911|UBIE_HAEDU	26.111	180	109	5	32	190	70	246	2.12e-14	69.3
FUN_008032-T1	sp|A7MTX1|UBIE_VIBC1	28.962	183	106	6	32	193	70	249	1.84e-13	68.2
FUN_008033-T1	sp|Q87TH4|UBIE_VIBPA	27.717	184	111	5	105	268	70	251	1.38e-13	68.2
FUN_008052-T1	sp|Q57AX5|ODO1_BRUAB	42.905	888	464	16	63	926	135	1003	0.0	703
FUN_008084-T1	sp|Q9VAI1|CIA30_DROME	35.681	213	124	6	22	224	69	278	2.35e-34	123
FUN_008099-T1	sp|Q6XHB2|ROCO4_DICDI	27.273	220	124	10	540	739	1032	1235	1.14e-10	63.9
FUN_008187-T1	sp|Q6XHB2|ROCO4_DICDI	24.058	345	217	14	335	655	956	1279	1.48e-09	60.1
FUN_008201-T1	sp|Q8W1Y3|KN14F_ARATH	36.504	389	209	11	2	374	374	740	1.88e-54	196
FUN_008273-T1	sp|P29410|KAD2_RAT	28.333	120	62	4	358	477	16	111	3.54e-06	47.4
FUN_008273-T2	sp|P29410|KAD2_RAT	28.333	120	62	4	358	477	16	111	4.39e-06	46.6
FUN_008285-T1	sp|Q04857|CO6A1_MOUSE	47.368	57	27	1	134	187	267	323	7.86e-07	50.8
FUN_008317-T1	sp|Q04857|CO6A1_MOUSE	40.789	76	29	3	489	548	292	367	1.76e-06	49.7
FUN_008319-T1	sp|Q04857|CO6A1_MOUSE	49.020	51	26	0	450	500	437	487	5.53e-07	51.2
FUN_008334-T1	sp|Q04857|CO6A1_MOUSE	39.024	82	35	2	2	68	297	378	7.13e-07	44.3
FUN_008367-T1	sp|Q6XHB2|ROCO4_DICDI	25.836	538	327	22	395	893	258	762	9.89e-30	128
FUN_008370-T1	sp|Q16635|TAZ_HUMAN	47.234	235	102	5	266	480	24	256	2.86e-67	215
FUN_008390-T1	sp|O95258|UCP5_HUMAN	27.869	183	122	6	33	213	144	318	2.37e-12	65.1
FUN_008422-T1	sp|Q8W1Y3|KN14F_ARATH	40.533	338	179	8	6	331	378	705	4.36e-56	212
FUN_008422-T2	sp|Q8W1Y3|KN14F_ARATH	40.533	338	179	8	6	331	378	705	4.61e-56	212
FUN_008427-T1	sp|Q10489|ODPA_SCHPO	27.795	331	220	6	28	349	68	388	6.50e-33	125
FUN_008427-T2	sp|Q10489|ODPA_SCHPO	28.302	318	209	6	1	309	81	388	7.42e-33	124
FUN_008438-T1	sp|P56954|MQO_CAMJE	24.888	446	275	19	31	439	2	424	6.95e-17	80.9
FUN_008450-T1	sp|Q6XHB2|ROCO4_DICDI	29.021	286	168	11	1516	1785	1025	1291	1.18e-22	104
FUN_008512-T1	sp|Q6XHB2|ROCO4_DICDI	28.704	216	128	8	13	215	1031	1233	2.58e-14	73.2
FUN_008515-T1	sp|O95258|UCP5_HUMAN	26.573	286	174	10	13	268	44	323	1.63e-15	73.6
FUN_008516-T1	sp|P05631|ATPG_BOVIN	59.929	282	106	3	21	300	22	298	6.73e-123	352
FUN_008544-T1	sp|P09622|DLDH_HUMAN	27.902	491	318	13	108	587	43	508	2.85e-45	166
FUN_008661-T1	sp|Q73TP5|GABD1_MYCPA	34.792	457	290	4	31	484	7	458	3.19e-84	266
FUN_008713-T1	sp|Q6XHB2|ROCO4_DICDI	24.419	258	176	9	18	261	1027	1279	3.42e-17	81.3
FUN_008713-T2	sp|Q6XHB2|ROCO4_DICDI	24.419	258	176	9	45	288	1027	1279	8.35e-17	80.5
FUN_008716-T1	sp|O95258|UCP5_HUMAN	24.157	178	120	4	66	234	148	319	2.32e-12	65.5
FUN_008758-T1	sp|Q6XHB2|ROCO4_DICDI	25.110	227	125	11	415	624	1031	1229	9.56e-10	60.5
FUN_008758-T2	sp|Q6XHB2|ROCO4_DICDI	25.342	292	167	13	415	685	1031	1292	7.85e-16	80.1
FUN_008967-T1	sp|Q9UJZ1|STML2_HUMAN	27.407	135	97	1	68	201	48	182	5.51e-09	55.5
FUN_009006-T1	sp|Q6XHB2|ROCO4_DICDI	25.472	212	139	7	920	1120	1030	1233	6.39e-10	62.0
FUN_009006-T2	sp|Q6XHB2|ROCO4_DICDI	25.472	212	139	7	742	942	1030	1233	5.07e-10	62.4
FUN_009009-T1	sp|P43246|MSH2_HUMAN	27.840	801	448	24	564	1338	157	853	4.89e-62	228
FUN_009009-T2	sp|P43246|MSH2_HUMAN	25.874	286	153	9	564	837	157	395	3.36e-12	68.9
FUN_009308-T1	sp|Q91YT0|NDUV1_MOUSE	80.300	467	86	3	13	478	2	463	0.0	779
FUN_009308-T2	sp|P25708|NDUV1_BOVIN	85.833	240	34	0	18	257	36	275	3.94e-156	442
FUN_009343-T1	sp|Q04857|CO6A1_MOUSE	36.220	254	97	6	126	348	268	487	1.69e-16	79.3
FUN_009488-T1	sp|O95258|UCP5_HUMAN	28.191	188	124	5	27	212	144	322	2.57e-17	77.8
FUN_009511-T1	sp|P12109|CO6A1_HUMAN	44.554	101	51	2	120	215	226	326	2.90e-12	68.6
FUN_009511-T2	sp|P12109|CO6A1_HUMAN	35.461	141	88	2	80	218	187	326	2.50e-12	68.9
FUN_009511-T3	sp|P12109|CO6A1_HUMAN	43.564	101	55	1	120	218	226	326	9.39e-12	67.0
FUN_009511-T4	sp|P12109|CO6A1_HUMAN	43.564	101	55	1	120	218	226	326	1.05e-11	67.0
FUN_009532-T1	sp|Q02218|ODO1_HUMAN	64.503	986	339	6	23	1000	33	1015	0.0	1333
FUN_009685-T1	sp|Q6XHB2|ROCO4_DICDI	38.095	126	56	6	1013	1137	624	728	2.99e-09	60.1
FUN_009717-T1	sp|Q6XHB2|ROCO4_DICDI	36.364	121	57	5	586	706	617	717	7.52e-08	55.1
FUN_009728-T1	sp|Q6XHB2|ROCO4_DICDI	34.307	137	66	6	431	567	617	729	1.27e-09	60.5
FUN_009728-T2	sp|Q6XHB2|ROCO4_DICDI	34.307	137	66	6	555	691	617	729	2.15e-09	59.7
FUN_009740-T1	sp|Q6XHB2|ROCO4_DICDI	43.750	80	31	3	331	410	617	682	1.90e-09	58.2
FUN_009822-T1	sp|P28239|IPYR2_YEAST	51.364	220	103	2	3	218	34	253	8.83e-80	239
FUN_009833-T1	sp|Q6XHB2|ROCO4_DICDI	29.386	228	142	10	38	250	1010	1233	1.70e-14	77.4
FUN_009833-T2	sp|Q6XHB2|ROCO4_DICDI	29.487	156	98	6	1	148	1082	1233	4.73e-10	62.8
FUN_009835-T1	sp|Q6XHB2|ROCO4_DICDI	32.692	208	122	9	56	250	1031	1233	3.23e-14	77.8
FUN_009861-T1	sp|Q04857|CO6A1_MOUSE	45.082	122	67	0	125	246	267	388	1.67e-18	87.0
FUN_010512-T1	sp|A1Z9J4|DJ1A_DROME	54.808	104	47	0	7	110	32	135	1.56e-33	115
FUN_010515-T1	sp|A1Z9J4|DJ1A_DROME	46.429	84	42	3	69	150	130	212	4.60e-18	75.9
FUN_010585-T1	sp|Q6XHB2|ROCO4_DICDI	27.562	283	175	10	34	298	1024	1294	3.54e-21	93.6
FUN_010607-T1	sp|Q8FBJ0|UBIE_ECOL6	26.415	106	74	2	42	144	62	166	2.25e-07	48.9
FUN_010637-T1	sp|O43920|NDUS5_HUMAN	39.062	64	39	0	25	88	31	94	1.31e-10	52.0
FUN_010716-T1	sp|Q6XHB2|ROCO4_DICDI	26.885	305	178	11	219	491	994	1285	2.85e-19	90.1
FUN_010717-T1	sp|Q6XHB2|ROCO4_DICDI	28.986	276	156	11	253	501	1030	1292	3.35e-21	96.3
FUN_010719-T1	sp|P10606|COX5B_HUMAN	44.828	87	46	2	48	133	37	122	9.41e-19	75.5
FUN_010735-T1	sp|Q6XHB2|ROCO4_DICDI	26.937	271	171	12	247	498	1030	1292	1.39e-17	84.7
FUN_010797-T1	sp|P12109|CO6A1_HUMAN	46.479	71	35	1	110	180	259	326	2.34e-07	52.4
FUN_010798-T1	sp|P12109|CO6A1_HUMAN	35.000	100	57	3	103	196	217	314	9.65e-08	50.8
FUN_010801-T1	sp|P12109|CO6A1_HUMAN	31.776	107	53	3	68	156	217	321	2.49e-08	51.6
FUN_010802-T1	sp|P12109|CO6A1_HUMAN	29.730	111	58	3	496	588	225	333	5.33e-06	48.9
FUN_010805-T1	sp|A5U3S4|DAO_MYCTA	25.344	363	216	12	4	363	7	317	4.99e-23	96.7
FUN_010805-T2	sp|A5U3S4|DAO_MYCTA	25.991	227	138	6	4	230	7	203	5.94e-14	69.3
FUN_010805-T3	sp|A5U3S4|DAO_MYCTA	26.106	226	134	7	4	226	7	202	9.80e-14	67.4
FUN_010814-T1	sp|Q6XHB2|ROCO4_DICDI	26.415	265	165	12	155	398	1024	1279	3.20e-11	64.3
FUN_010818-T1	sp|Q6XHB2|ROCO4_DICDI	25.632	277	176	12	144	399	1012	1279	2.63e-10	61.2
FUN_010945-T1	sp|P04636|MDHM_RAT	65.312	320	111	0	17	336	15	334	2.57e-153	432
FUN_010986-T1	sp|Q6XHB2|ROCO4_DICDI	26.794	209	130	10	93	285	1032	1233	9.57e-11	62.4
FUN_011001-T1	sp|Q8W1Y3|KN14F_ARATH	37.847	288	167	6	61	341	423	705	3.09e-47	176
FUN_011018-T1	sp|Q8W1Y3|KN14F_ARATH	34.343	99	57	3	63	157	425	519	1.11e-10	57.4
FUN_011725-T1	sp|Q8W1Y3|KN14F_ARATH	32.932	249	141	9	157	402	367	592	2.97e-29	122
FUN_011765-T1	sp|P43247|MSH2_MOUSE	59.529	934	366	6	1	928	1	928	0.0	1147
FUN_011802-T1	sp|Q8W1Y3|KN14F_ARATH	45.028	362	181	8	554	898	357	717	7.62e-88	301
FUN_011845-T1	sp|Q16798|MAON_HUMAN	61.525	551	210	1	60	610	49	597	0.0	729
FUN_011863-T1	sp|Q24439|ATPO_DROME	45.146	206	110	1	20	225	4	206	1.87e-61	189
FUN_011900-T1	sp|Q6XHB2|ROCO4_DICDI	29.492	295	172	14	26	302	1017	1293	1.84e-21	93.2
FUN_011933-T1	sp|Q6XHB2|ROCO4_DICDI	26.630	552	315	19	915	1446	281	762	2.41e-38	157
FUN_011948-T1	sp|P11966|ODPB_BOVIN	36.923	325	194	7	5	321	37	358	1.14e-56	186
FUN_011959-T1	sp|P35731|FABG_YEAST	22.907	227	131	5	12	194	6	232	2.18e-12	63.9
FUN_011959-T2	sp|P35731|FABG_YEAST	22.907	227	131	5	12	194	6	232	2.99e-12	63.5
FUN_011965-T1	sp|Q6XHB2|ROCO4_DICDI	24.906	265	162	10	420	652	1032	1291	2.65e-11	65.5
FUN_011965-T2	sp|Q6XHB2|ROCO4_DICDI	25.660	265	160	11	286	518	1032	1291	3.25e-11	64.7
FUN_011967-T1	sp|Q6XHB2|ROCO4_DICDI	25.379	264	162	9	391	623	1032	1291	3.63e-12	68.2
FUN_011970-T1	sp|Q6XHB2|ROCO4_DICDI	25.466	161	99	5	90	230	1132	1291	3.39e-09	55.5
FUN_011972-T1	sp|Q6XHB2|ROCO4_DICDI	24.164	269	163	9	693	927	1032	1293	4.47e-12	68.6
FUN_011973-T1	sp|Q6XHB2|ROCO4_DICDI	25.091	275	167	11	824	1065	1023	1291	1.03e-10	64.7
FUN_012011-T1	sp|Q04857|CO6A1_MOUSE	23.944	213	131	7	219	410	811	1013	6.06e-10	59.7
FUN_012011-T2	sp|Q04857|CO6A1_MOUSE	23.643	258	162	9	286	521	769	1013	5.53e-10	60.5
FUN_012011-T3	sp|Q04857|CO6A1_MOUSE	23.944	213	131	7	219	410	811	1013	6.06e-10	59.7
FUN_012022-T1	sp|P35731|FABG_YEAST	31.783	129	74	4	85	199	114	242	1.03e-07	50.8
FUN_012024-T1	sp|P35731|FABG_YEAST	31.008	129	75	4	85	199	114	242	1.50e-07	50.1
FUN_012024-T2	sp|P35731|FABG_YEAST	27.160	162	104	4	85	232	114	275	1.24e-07	50.1
FUN_012035-T1	sp|Q8W1Y3|KN14F_ARATH	34.579	214	118	7	300	508	503	699	2.25e-22	103
FUN_012041-T1	sp|P29410|KAD2_RAT	25.764	229	136	6	1105	1303	7	231	5.63e-14	71.6
FUN_012041-T2	sp|P29410|KAD2_RAT	25.764	229	136	6	1364	1562	7	231	6.06e-14	72.0
FUN_012076-T1	sp|Q04857|CO6A1_MOUSE	42.991	107	43	3	106	197	272	375	2.76e-10	62.0
FUN_012077-T1	sp|P12109|CO6A1_HUMAN	46.067	89	45	1	113	198	262	350	7.22e-12	67.0
FUN_012077-T2	sp|P12109|CO6A1_HUMAN	46.067	89	45	1	113	198	262	350	6.32e-12	67.4
FUN_012077-T3	sp|P12109|CO6A1_HUMAN	36.066	122	63	1	92	198	229	350	1.44e-11	65.1
FUN_012085-T1	sp|P12109|CO6A1_HUMAN	31.522	184	110	4	31	200	159	340	6.03e-12	65.9
FUN_012087-T1	sp|Q04857|CO6A1_MOUSE	43.810	105	47	2	106	198	272	376	1.59e-11	65.1
FUN_012089-T1	sp|P12109|CO6A1_HUMAN	42.553	94	39	1	120	198	257	350	5.36e-10	57.0
FUN_012091-T1	sp|P12109|CO6A1_HUMAN	45.918	98	47	2	61	152	253	350	5.04e-12	67.4
FUN_012095-T1	sp|P12109|CO6A1_HUMAN	46.067	89	45	1	113	198	262	350	1.50e-11	66.2
FUN_012096-T1	sp|P12109|CO6A1_HUMAN	32.778	180	102	4	34	199	162	336	4.28e-10	61.2
FUN_012114-T1	sp|Q04857|CO6A1_MOUSE	29.064	203	102	9	498	680	592	772	1.94e-08	56.2
FUN_012114-T2	sp|Q04857|CO6A1_MOUSE	29.064	203	102	9	498	680	592	772	2.76e-08	55.8
FUN_012115-T1	sp|P12109|CO6A1_HUMAN	48.101	79	35	1	94	166	272	350	1.55e-09	59.3
FUN_012115-T3	sp|P12109|CO6A1_HUMAN	48.101	79	35	1	26	98	272	350	1.71e-09	58.9
FUN_012115-T4	sp|P12109|CO6A1_HUMAN	48.101	79	35	1	37	109	272	350	1.63e-09	59.3
FUN_012116-T1	sp|Q04857|CO6A1_MOUSE	51.389	72	35	0	4	75	305	376	4.05e-08	54.7
FUN_012117-T1	sp|Q04857|CO6A1_MOUSE	45.652	92	32	2	93	166	285	376	3.51e-09	58.2
FUN_012144-T1	sp|Q6XHB2|ROCO4_DICDI	26.367	311	183	14	55	344	1008	1293	6.43e-16	77.4
FUN_012168-T1	sp|Q8WV93|AFG1L_HUMAN	50.172	291	135	4	48	338	74	354	9.04e-98	296
FUN_012168-T2	sp|Q8WV93|AFG1L_HUMAN	56.388	227	95	2	48	274	74	296	2.27e-88	269
FUN_012170-T1	sp|P35486|ODPA_MOUSE	57.841	389	157	3	1	389	4	385	7.24e-172	483
FUN_012173-T2	sp|P12109|CO6A1_HUMAN	22.539	386	246	14	31	378	608	978	1.12e-06	49.7
FUN_012173-T3	sp|P12109|CO6A1_HUMAN	21.594	389	246	12	31	378	608	978	6.01e-07	50.4
FUN_012177-T1	sp|Q6XHB2|ROCO4_DICDI	26.389	288	182	11	42	306	1002	1282	6.98e-16	80.5
FUN_012227-T1	sp|Q04857|CO6A1_MOUSE	24.409	127	76	4	46	160	613	731	5.18e-06	43.9
FUN_012237-T1	sp|O81210|RBOHC_ARATH	27.869	610	318	18	17	563	355	905	4.39e-74	251
FUN_012315-T1	sp|Q9KVQ6|UBIE_VIBCH	30.172	116	74	3	92	203	73	185	3.63e-07	48.9
FUN_012340-T1	sp|Q04857|CO6A1_MOUSE	24.638	207	127	8	266	452	613	810	1.86e-12	67.8
FUN_012341-T1	sp|Q04857|CO6A1_MOUSE	25.121	207	126	9	150	336	613	810	9.73e-13	67.8
FUN_012344-T1	sp|Q04857|CO6A1_MOUSE	24.413	213	135	9	217	411	606	810	9.22e-14	71.6
FUN_012348-T1	sp|Q6XHB2|ROCO4_DICDI	32.877	292	172	9	7	282	1009	1292	1.93e-31	131
FUN_012381-T1	sp|O81210|RBOHC_ARATH	30.471	594	288	21	96	620	366	903	6.29e-71	244
FUN_012381-T2	sp|O81210|RBOHC_ARATH	30.333	600	293	21	34	564	360	903	4.43e-71	243
FUN_012381-T3	sp|O81210|RBOHC_ARATH	29.444	540	260	18	1	474	381	865	1.56e-61	214
FUN_012381-T4	sp|O81210|RBOHC_ARATH	32.593	405	183	15	40	408	366	716	3.38e-51	183
FUN_012543-T1	sp|Q04857|CO6A1_MOUSE	44.628	121	64	1	58	175	268	388	5.59e-12	62.0
FUN_012592-T1	sp|Q04857|CO6A1_MOUSE	40.217	92	40	1	118	194	297	388	4.27e-07	50.4
FUN_012875-T1	sp|A1Z9J4|DJ1A_DROME	52.459	183	84	3	7	187	32	213	1.17e-60	186
FUN_012969-T1	sp|O95258|UCP5_HUMAN	35.959	292	173	5	11	296	40	323	1.29e-56	184
FUN_012969-T2	sp|O95258|UCP5_HUMAN	34.061	229	137	5	9	231	60	280	4.45e-37	131
FUN_013333-T1	sp|Q6XHB2|ROCO4_DICDI	32.692	156	88	6	284	426	1032	1183	3.27e-13	70.5
FUN_013337-T1	sp|Q6XHB2|ROCO4_DICDI	28.242	347	205	16	249	571	963	1289	8.19e-25	108
FUN_013340-T1	sp|Q6XHB2|ROCO4_DICDI	29.817	218	126	10	572	774	1032	1237	1.96e-17	85.9
FUN_013342-T1	sp|Q6XHB2|ROCO4_DICDI	28.669	293	167	14	562	834	1024	1294	2.95e-19	92.0
FUN_013344-T1	sp|Q6XHB2|ROCO4_DICDI	31.502	273	157	12	594	848	1032	1292	6.88e-28	120
FUN_013346-T1	sp|Q6XHB2|ROCO4_DICDI	28.716	296	169	15	553	828	1021	1294	1.04e-18	90.1
FUN_013346-T2	sp|Q6XHB2|ROCO4_DICDI	28.716	296	169	15	553	828	1021	1294	9.67e-19	90.1
FUN_013348-T1	sp|Q6XHB2|ROCO4_DICDI	30.204	245	128	15	13	235	1010	1233	3.49e-16	76.6
FUN_013350-T1	sp|Q6XHB2|ROCO4_DICDI	30.742	283	164	12	634	895	1021	1292	5.22e-25	110
FUN_013364-T1	sp|Q6XHB2|ROCO4_DICDI	24.648	142	94	5	10	143	372	508	2.28e-06	45.8
FUN_013555-T1	sp|Q9YHT2|SDHB_CHICK	82.800	250	42	1	72	321	42	290	1.01e-161	451
FUN_014090-T1	sp|P12109|CO6A1_HUMAN	24.709	344	197	19	251	559	593	909	3.41e-07	51.6
FUN_014090-T2	sp|P12109|CO6A1_HUMAN	24.709	344	197	19	253	561	593	909	4.35e-07	51.2
FUN_014090-T3	sp|Q04857|CO6A1_MOUSE	24.561	228	139	10	251	453	592	811	2.29e-08	55.5
FUN_014090-T4	sp|P12109|CO6A1_HUMAN	25.664	339	193	19	88	394	598	909	1.53e-07	52.0
FUN_014090-T5	sp|Q04857|CO6A1_MOUSE	25.893	224	136	10	88	289	597	812	9.37e-09	56.2
FUN_014475-T1	sp|Q6XHB2|ROCO4_DICDI	25.346	217	140	7	14	218	1027	1233	5.59e-09	57.4
FUN_014559-T1	sp|O13085|COX6A_ONCMY	52.273	88	41	1	33	120	16	102	2.75e-31	105
FUN_014560-T1	sp|Q9VQ79|AIFM1_DROME	27.717	368	223	9	222	550	257	620	4.02e-34	136
FUN_014563-T1	sp|Q9K9H0|ACEA_HALH5	68.116	414	129	2	2	415	15	425	0.0	584
FUN_014564-T1	sp|P28344|MASY_EMENI	56.376	149	65	0	17	165	157	305	8.59e-62	198
FUN_014565-T1	sp|Q9ZH77|MASY_STRCL	55.172	232	98	2	1	226	308	539	2.53e-83	256
FUN_014580-T1	sp|P12109|CO6A1_HUMAN	21.508	451	277	19	13	420	608	1024	2.24e-09	57.8
FUN_014605-T1	sp|Q99JB2|STML2_MOUSE	25.000	180	119	3	46	225	78	241	1.51e-06	48.1
FUN_014610-T1	sp|C4QX80|PSD1_KOMPG	34.389	442	180	9	84	418	109	547	9.05e-72	233
FUN_014637-T1	sp|Q75IM9|IVD_ORYSJ	39.801	402	236	4	20	416	8	408	1.83e-93	285
FUN_014638-T1	sp|P53193|JAC1_YEAST	29.379	177	83	7	91	238	12	175	1.64e-13	65.1
FUN_014638-T2	sp|P53193|JAC1_YEAST	31.298	131	67	5	91	208	12	132	3.19e-10	56.2
FUN_014646-T1	sp|Q8WYQ3|CHC10_HUMAN	48.598	107	44	3	51	154	41	139	1.17e-25	93.6
FUN_014674-T1	sp|Q6XHB2|ROCO4_DICDI	23.077	208	131	8	8	195	1030	1228	4.75e-06	47.8
FUN_014674-T2	sp|Q6XHB2|ROCO4_DICDI	23.077	208	131	8	8	195	1030	1228	3.60e-06	47.8
FUN_014771-T1	sp|Q75IM9|IVD_ORYSJ	24.734	376	265	9	660	1028	43	407	7.30e-24	103
FUN_014819-T1	sp|P12109|CO6A1_HUMAN	25.778	225	142	9	2527	2733	783	1000	3.21e-07	54.7
FUN_014824-T1	sp|Q04857|CO6A1_MOUSE	26.882	186	117	6	271	442	817	997	2.29e-07	53.9
FUN_014825-T1	sp|Q04857|CO6A1_MOUSE	24.121	398	238	17	3743	4091	613	995	8.51e-10	63.5
FUN_014830-T1	sp|P12109|CO6A1_HUMAN	31.548	168	97	6	451	605	599	761	1.03e-08	58.9
FUN_014831-T1	sp|P12109|CO6A1_HUMAN	30.070	143	90	3	1175	1307	614	756	2.59e-08	58.2
FUN_014831-T2	sp|P12109|CO6A1_HUMAN	30.070	143	90	3	1344	1476	614	756	2.81e-08	58.2
FUN_014862-T1	sp|Q6XHB2|ROCO4_DICDI	28.646	192	114	10	10	184	1032	1217	1.96e-11	60.5
FUN_014886-T1	sp|Q6XHB2|ROCO4_DICDI	29.412	153	97	3	364	507	1032	1182	1.92e-15	78.2
FUN_014900-T1	sp|Q6XHB2|ROCO4_DICDI	21.645	231	151	8	22	237	1023	1238	4.64e-06	49.3
FUN_014932-T1	sp|Q6XHB2|ROCO4_DICDI	30.222	225	129	10	186	391	1021	1236	1.13e-15	79.7
FUN_014940-T1	sp|Q8WV93|AFG1L_HUMAN	35.253	434	255	9	39	461	60	478	3.31e-80	259
FUN_014966-T1	sp|Q8W1Y3|KN14F_ARATH	36.158	354	193	10	79	424	378	706	6.64e-53	197
FUN_014987-T1	sp|Q9P6P9|PDK_SCHPO	33.457	269	161	4	131	393	161	417	3.19e-40	146
FUN_014992-T1	sp|Q75IM9|IVD_ORYSJ	26.906	223	121	9	163	385	146	326	1.14e-07	52.8
FUN_014992-T2	sp|Q75IM9|IVD_ORYSJ	26.906	223	121	9	163	385	146	326	1.19e-07	52.8
FUN_015013-T1	sp|A5U3S4|DAO_MYCTA	30.093	216	118	8	3	215	132	317	8.30e-23	92.8
FUN_015063-T1	sp|P00130|QCR9_BOVIN	58.929	56	23	0	2	57	5	60	2.46e-22	79.3
FUN_015065-T1	sp|Q8K3J1|NDUS8_MOUSE	77.835	194	43	0	14	207	19	212	1.14e-115	326
FUN_015069-T1	sp|Q6XHB2|ROCO4_DICDI	30.909	165	100	7	238	395	1078	1235	4.78e-14	73.6
FUN_015194-T1	sp|Q04857|CO6A1_MOUSE	47.191	89	47	0	54	142	280	368	5.57e-13	67.4
FUN_015194-T2	sp|Q04857|CO6A1_MOUSE	47.191	89	47	0	53	141	280	368	5.24e-13	67.4
FUN_015198-T1	sp|Q04857|CO6A1_MOUSE	49.425	87	44	0	52	138	282	368	1.10e-12	66.2
FUN_015199-T1	sp|Q04857|CO6A1_MOUSE	50.575	87	43	0	53	139	282	368	8.20e-14	69.7
FUN_015200-T1	sp|Q04857|CO6A1_MOUSE	42.708	96	55	0	35	130	273	368	1.45e-10	59.7
FUN_015201-T1	sp|Q04857|CO6A1_MOUSE	47.059	85	45	0	54	138	280	364	1.53e-12	65.9
FUN_015202-T1	sp|Q04857|CO6A1_MOUSE	48.214	56	29	0	2	57	313	368	9.26e-07	46.2
FUN_015213-T1	sp|Q04857|CO6A1_MOUSE	51.163	86	39	1	53	138	282	364	2.49e-12	65.5
FUN_015213-T2	sp|Q04857|CO6A1_MOUSE	48.276	87	45	0	52	138	282	368	1.26e-12	66.2
FUN_015228-T1	sp|Q9NTG7|SIR3_HUMAN	28.899	218	115	7	51	260	139	324	3.25e-19	85.9
FUN_015238-T1	sp|Q6XHB2|ROCO4_DICDI	26.471	136	87	4	48	175	371	501	7.04e-06	45.4
FUN_015239-T1	sp|Q6XHB2|ROCO4_DICDI	28.571	140	79	5	53	180	371	501	1.83e-08	53.5
FUN_015245-T1	sp|Q6XHB2|ROCO4_DICDI	27.458	295	147	14	588	849	1032	1292	3.77e-18	88.2
FUN_015292-T1	sp|Q8BMF4|ODP2_MOUSE	41.138	457	205	8	56	481	219	642	1.86e-97	305
FUN_015436-T1	sp|O75323|NIPS2_HUMAN	49.035	259	127	2	29	285	31	286	3.18e-92	273
FUN_015463-T1	sp|Q04857|CO6A1_MOUSE	48.454	97	47	1	40	136	271	364	6.51e-14	70.1
FUN_015655-T1	sp|Q6XHB2|ROCO4_DICDI	26.531	245	149	10	493	722	1000	1228	3.79e-13	72.0
FUN_015944-T1	sp|Q757N1|H3_EREGS	87.302	126	16	0	1	126	1	126	6.23e-76	224
FUN_015998-T1	sp|Q6XHB2|ROCO4_DICDI	31.522	276	159	11	444	698	1024	1290	5.36e-26	114
FUN_016003-T1	sp|Q08BD8|MTRF2_DANRE	36.508	315	140	14	58	346	38	318	1.10e-33	126
FUN_016055-T1	sp|Q6XHB2|ROCO4_DICDI	29.630	270	165	11	7	263	1025	1282	3.36e-17	85.9
FUN_016091-T1	sp|Q6XHB2|ROCO4_DICDI	22.973	222	127	8	27	224	1032	1233	4.48e-07	50.1
FUN_016130-T1	sp|A5U3S4|DAO_MYCTA	30.655	336	200	11	6	336	10	317	2.65e-39	140
FUN_016130-T2	sp|A5U3S4|DAO_MYCTA	31.890	254	148	8	19	267	84	317	2.59e-32	119
FUN_016141-T1	sp|Q6XHB2|ROCO4_DICDI	29.646	226	129	12	87	298	1032	1241	4.28e-08	57.0
FUN_016156-T1	sp|Q757U3|ETR1_EREGS	48.980	98	42	2	12	106	253	345	5.51e-21	85.1
FUN_016284-T1	sp|Q6XHB2|ROCO4_DICDI	26.502	283	180	12	411	678	1017	1286	2.94e-14	75.1
FUN_016368-T2	sp|Q6XHB2|ROCO4_DICDI	25.806	279	174	10	28	290	1022	1283	4.27e-11	66.2
FUN_016444-T1	sp|Q73TP5|GABD1_MYCPA	23.913	460	331	7	60	511	7	455	9.75e-41	151
FUN_016454-T1	sp|Q6XHB2|ROCO4_DICDI	29.327	208	121	12	148	337	1030	1229	1.16e-11	65.5
FUN_016468-T1	sp|Q75IM9|IVD_ORYSJ	26.389	288	203	5	481	768	129	407	2.51e-21	95.5
FUN_016490-T1	sp|Q6XHB2|ROCO4_DICDI	36.471	85	53	1	136	219	259	343	2.77e-07	52.0
FUN_016617-T1	sp|Q6XHB2|ROCO4_DICDI	26.996	263	159	10	496	750	1058	1295	1.66e-15	79.3
FUN_016660-T1	sp|A9MIY3|UBIE_SALAR	34.513	113	56	5	92	194	64	168	4.82e-06	44.7
FUN_016660-T2	sp|Q5PKP4|UBIE_SALPA	34.513	113	56	5	92	194	64	168	4.87e-06	44.7
FUN_016661-T1	sp|A8MUP2|CSKMT_HUMAN	32.340	235	130	8	34	261	24	236	1.55e-27	104
FUN_016671-T1	sp|Q9LSQ2|PP239_ARATH	25.180	139	104	0	157	295	476	614	3.45e-09	58.9
FUN_016671-T2	sp|Q9LSQ2|PP239_ARATH	27.128	188	95	5	556	701	466	653	9.62e-07	50.8
FUN_016779-T1	sp|Q6XHB2|ROCO4_DICDI	28.413	271	155	12	231	475	1022	1279	2.34e-15	77.8
FUN_016783-T1	sp|Q6XHB2|ROCO4_DICDI	27.687	307	171	8	77	367	1015	1286	7.32e-19	90.1
FUN_016783-T2	sp|Q6XHB2|ROCO4_DICDI	28.213	319	166	14	77	379	1015	1286	8.27e-17	83.6
FUN_016783-T3	sp|Q6XHB2|ROCO4_DICDI	31.818	220	110	10	13	225	1094	1280	7.96e-14	73.2
FUN_016788-T1	sp|Q6XHB2|ROCO4_DICDI	32.701	211	106	8	20	225	1101	1280	4.17e-15	77.4
FUN_016788-T2	sp|Q6XHB2|ROCO4_DICDI	32.701	211	106	8	20	225	1101	1280	4.75e-15	77.4
FUN_016791-T1	sp|Q6XHB2|ROCO4_DICDI	28.028	289	160	10	395	667	1030	1286	2.80e-16	82.8
FUN_016793-T1	sp|A8EZP4|UBIE_RICCK	30.469	128	82	5	71	194	58	182	3.39e-08	51.2
FUN_016859-T1	sp|B2JCU8|UBIE_PARP8	29.078	141	90	5	10	142	19	157	1.10e-06	47.0
FUN_016879-T1	sp|O47496|COX2_METSE	62.500	48	17	1	71	118	10	56	1.44e-12	60.5
FUN_016908-T1	sp|Q6XHB2|ROCO4_DICDI	25.267	281	170	15	634	894	1027	1287	2.43e-12	69.3
FUN_017005-T1	sp|Q9KVQ6|UBIE_VIBCH	33.010	103	66	2	53	155	74	173	2.32e-10	57.0
FUN_017010-T1	sp|Q9KVQ6|UBIE_VIBCH	41.463	41	24	0	2	42	135	175	1.21e-06	43.5
FUN_017762-T1	sp|Q6XHB2|ROCO4_DICDI	23.485	264	168	10	22	264	1030	1280	1.72e-11	66.6
FUN_017777-T1	sp|Q6XHB2|ROCO4_DICDI	22.778	180	125	4	22	189	371	548	1.97e-07	48.9
FUN_017901-T1	sp|Q6XHB2|ROCO4_DICDI	32.377	244	138	9	109	335	1053	1286	7.25e-29	122
FUN_017901-T2	sp|Q6XHB2|ROCO4_DICDI	34.043	94	58	2	5	94	1193	1286	1.28e-11	65.5
FUN_017926-T1	sp|Q8W1Y3|KN14F_ARATH	27.513	378	221	14	226	591	366	702	1.39e-22	103
FUN_017926-T2	sp|Q8W1Y3|KN14F_ARATH	27.513	378	221	14	241	606	366	702	1.51e-22	103
FUN_018010-T1	sp|Q6XHB2|ROCO4_DICDI	25.118	211	135	9	2653	2846	1031	1235	3.98e-09	60.8
FUN_018031-T1	sp|Q04857|CO6A1_MOUSE	37.745	204	80	4	2	163	290	488	3.34e-16	79.7
FUN_018032-T1	sp|Q04857|CO6A1_MOUSE	37.838	333	147	13	1925	2227	271	573	7.84e-26	115
FUN_018090-T1	sp|P13035|GLPD_ECOLI	31.727	498	269	25	89	560	27	479	3.81e-46	170
FUN_018140-T1	sp|Q04857|CO6A1_MOUSE	39.286	196	95	2	113	284	292	487	2.85e-19	92.0
FUN_018145-T1	sp|Q04857|CO6A1_MOUSE	43.878	98	31	2	110	183	279	376	5.43e-10	60.1
FUN_018146-T1	sp|Q04857|CO6A1_MOUSE	35.316	269	118	5	113	328	292	557	1.02e-22	102
FUN_018147-T1	sp|Q04857|CO6A1_MOUSE	47.423	97	51	0	111	207	292	388	6.15e-15	77.0
FUN_018148-T1	sp|P12109|CO6A1_HUMAN	30.719	153	99	3	8	156	177	326	2.19e-10	62.0
FUN_018149-T1	sp|Q04857|CO6A1_MOUSE	35.714	238	101	4	111	297	292	528	2.93e-20	94.4
FUN_018150-T1	sp|Q04857|CO6A1_MOUSE	35.316	269	118	5	113	328	292	557	1.02e-22	102
FUN_018152-T1	sp|Q04857|CO6A1_MOUSE	35.316	269	118	5	111	326	292	557	1.09e-22	102
FUN_018164-T1	sp|P12109|CO6A1_HUMAN	37.037	135	80	3	58	188	203	336	4.86e-11	64.7
FUN_018173-T1	sp|P12109|CO6A1_HUMAN	40.206	97	57	1	88	184	231	326	8.02e-10	60.5
FUN_018174-T1	sp|P12109|CO6A1_HUMAN	41.237	97	51	2	88	181	231	324	4.87e-09	57.4
FUN_018181-T1	sp|Q04857|CO6A1_MOUSE	46.512	86	46	0	152	237	302	387	6.52e-12	67.4
FUN_018182-T1	sp|P12109|CO6A1_HUMAN	35.762	151	86	4	58	201	204	350	1.43e-12	68.6
FUN_018184-T1	sp|Q04857|CO6A1_MOUSE	47.959	98	48	1	110	204	278	375	2.10e-12	68.9
FUN_018194-T1	sp|P12109|CO6A1_HUMAN	43.158	95	51	1	100	191	244	338	3.10e-11	65.1
FUN_018203-T1	sp|P12109|CO6A1_HUMAN	37.226	137	81	3	58	190	203	338	3.65e-11	64.7
FUN_018204-T1	sp|Q04857|CO6A1_MOUSE	45.349	86	47	0	93	178	302	387	3.39e-11	64.3
FUN_018204-T2	sp|Q04857|CO6A1_MOUSE	45.349	86	47	0	93	178	302	387	5.22e-11	64.3
FUN_018206-T1	sp|P12109|CO6A1_HUMAN	36.496	137	82	3	103	235	203	338	2.77e-12	68.2
FUN_018207-T1	sp|P12109|CO6A1_HUMAN	32.847	137	80	3	58	184	204	338	2.16e-09	58.9
FUN_018211-T1	sp|Q04857|CO6A1_MOUSE	49.091	110	53	1	37	143	278	387	1.04e-16	80.9
FUN_018212-T1	sp|Q04857|CO6A1_MOUSE	42.045	88	48	1	107	191	300	387	1.33e-09	59.7
FUN_018214-T1	sp|P12109|CO6A1_HUMAN	43.925	107	52	2	107	213	252	350	2.38e-14	74.7
FUN_018222-T1	sp|P12109|CO6A1_HUMAN	40.566	106	57	2	18	117	233	338	1.37e-11	64.7
FUN_018222-T2	sp|P12109|CO6A1_HUMAN	37.226	137	81	3	58	190	203	338	6.94e-12	66.2
FUN_018234-T1	sp|Q6XHB2|ROCO4_DICDI	40.000	55	32	1	264	317	416	470	1.19e-06	49.7
FUN_018249-T1	sp|P12109|CO6A1_HUMAN	47.826	92	40	2	101	189	252	338	1.01e-12	69.7
FUN_018250-T1	sp|P12109|CO6A1_HUMAN	41.667	108	57	2	16	117	231	338	5.25e-11	56.6
FUN_018266-T1	sp|P12109|CO6A1_HUMAN	42.593	108	56	2	16	117	231	338	2.59e-12	68.2
FUN_018268-T1	sp|P12109|CO6A1_HUMAN	42.593	108	56	2	88	189	231	338	5.01e-12	66.6
FUN_018271-T1	sp|P12109|CO6A1_HUMAN	34.118	170	89	5	33	184	162	326	2.01e-12	67.8
FUN_018272-T1	sp|Q04857|CO6A1_MOUSE	47.500	80	42	0	110	189	305	384	4.77e-10	58.9
FUN_018274-T1	sp|P12109|CO6A1_HUMAN	42.453	106	58	1	136	238	233	338	9.85e-13	69.3
FUN_018277-T1	sp|Q04857|CO6A1_MOUSE	47.059	85	42	1	156	237	303	387	1.09e-11	65.9
FUN_018285-T1	sp|P12109|CO6A1_HUMAN	42.574	101	55	1	20	117	238	338	2.18e-11	65.1
FUN_018296-T1	sp|Q04857|CO6A1_MOUSE	46.512	86	46	0	154	239	302	387	6.34e-12	67.4
FUN_018297-T1	sp|P12109|CO6A1_HUMAN	45.263	95	49	1	98	189	244	338	5.86e-12	67.4
FUN_018298-T1	sp|P12109|CO6A1_HUMAN	42.424	99	51	2	88	183	231	326	6.42e-10	60.5
FUN_018307-T1	sp|P12109|CO6A1_HUMAN	41.509	106	56	2	91	190	233	338	2.18e-11	64.7
FUN_018319-T1	sp|P12109|CO6A1_HUMAN	40.566	106	57	2	91	190	233	338	3.64e-11	64.7
FUN_018319-T2	sp|P12109|CO6A1_HUMAN	40.566	106	57	2	136	235	233	338	4.27e-11	64.3
FUN_018320-T1	sp|Q04857|CO6A1_MOUSE	46.512	86	46	0	107	192	302	387	6.39e-11	63.2
FUN_018322-T1	sp|P12109|CO6A1_HUMAN	42.149	121	63	3	90	204	231	350	1.72e-13	72.4
FUN_018323-T1	sp|P12109|CO6A1_HUMAN	37.226	137	81	3	57	189	203	338	2.43e-11	65.5
FUN_018334-T1	sp|P12109|CO6A1_HUMAN	37.226	137	81	3	58	190	203	338	5.54e-12	66.6
FUN_018337-T1	sp|P12109|CO6A1_HUMAN	36.585	123	70	3	58	176	203	321	3.55e-11	59.3
FUN_018341-T1	sp|P12109|CO6A1_HUMAN	40.206	97	57	1	88	184	231	326	5.10e-10	60.8
FUN_018343-T1	sp|P12109|CO6A1_HUMAN	37.226	137	81	3	103	235	203	338	7.80e-12	67.0
FUN_018344-T1	sp|Q04857|CO6A1_MOUSE	49.398	83	36	1	111	187	292	374	2.48e-11	65.5
FUN_018361-T1	sp|Q6XHB2|ROCO4_DICDI	22.109	294	142	11	197	452	416	660	4.46e-10	62.0
FUN_018363-T1	sp|P12109|CO6A1_HUMAN	40.206	97	57	1	16	112	231	326	1.54e-09	58.2
FUN_018385-T1	sp|P12109|CO6A1_HUMAN	42.857	77	44	0	22	98	262	338	8.34e-07	49.3
FUN_018404-T1	sp|Q6XHB2|ROCO4_DICDI	29.478	268	151	7	195	456	255	490	1.05e-15	80.9
FUN_018447-T1	sp|P12109|CO6A1_HUMAN	33.117	154	100	1	39	189	185	338	2.80e-12	68.2
FUN_018469-T1	sp|P12109|CO6A1_HUMAN	36.029	136	84	1	57	189	203	338	8.99e-13	68.9
FUN_018501-T1	sp|Q75IM9|IVD_ORYSJ	47.541	244	72	3	10	199	167	408	2.81e-63	199
FUN_018511-T1	sp|P12109|CO6A1_HUMAN	31.818	154	102	1	39	189	185	338	8.92e-11	63.5
FUN_018624-T1	sp|Q6XHB2|ROCO4_DICDI	27.635	351	162	16	286	604	427	717	9.48e-17	83.6
FUN_018646-T1	sp|Q04857|CO6A1_MOUSE	50.877	57	28	0	112	168	292	348	1.23e-07	48.5
FUN_018649-T1	sp|Q04857|CO6A1_MOUSE	42.857	98	38	1	58	137	279	376	2.75e-11	59.7
FUN_018652-T1	sp|Q04857|CO6A1_MOUSE	46.154	91	46	1	104	191	297	387	6.04e-11	63.9
FUN_018653-T1	sp|P12109|CO6A1_HUMAN	43.363	113	54	4	89	196	231	338	5.39e-13	69.7
FUN_018667-T1	sp|Q04857|CO6A1_MOUSE	49.296	71	30	1	6	70	306	376	6.79e-08	53.1
FUN_018671-T1	sp|Q04857|CO6A1_MOUSE	44.318	88	46	1	110	194	300	387	5.61e-10	60.8
FUN_018680-T1	sp|Q6XHB2|ROCO4_DICDI	26.630	368	160	18	210	544	427	717	2.21e-13	72.8
FUN_018699-T1	sp|Q6XHB2|ROCO4_DICDI	25.135	370	182	18	164	506	427	728	5.17e-12	68.2
FUN_018718-T1	sp|Q6XHB2|ROCO4_DICDI	25.857	321	140	15	227	515	427	681	3.17e-14	75.9
FUN_018725-T1	sp|Q04857|CO6A1_MOUSE	47.297	74	36	1	121	191	314	387	1.23e-08	52.8
FUN_018729-T1	sp|Q04857|CO6A1_MOUSE	46.835	79	39	1	134	212	283	358	1.86e-10	60.8
FUN_018736-T1	sp|Q6XHB2|ROCO4_DICDI	25.857	321	140	15	409	697	427	681	1.87e-14	76.6
FUN_018742-T1	sp|P12109|CO6A1_HUMAN	48.193	83	35	2	101	183	252	326	1.87e-10	61.6
FUN_018748-T1	sp|Q04857|CO6A1_MOUSE	43.956	91	51	0	55	145	297	387	8.43e-10	60.1
FUN_018749-T1	sp|Q04857|CO6A1_MOUSE	46.835	79	39	1	77	155	283	358	5.11e-10	58.9
FUN_018773-T1	sp|Q6XHB2|ROCO4_DICDI	27.103	321	136	15	453	742	427	680	1.67e-14	77.0
FUN_018773-T2	sp|Q6XHB2|ROCO4_DICDI	27.103	321	136	15	453	742	427	680	1.20e-14	77.0
FUN_018773-T3	sp|Q6XHB2|ROCO4_DICDI	27.103	321	136	15	397	686	427	680	9.74e-15	77.4
FUN_018798-T1	sp|Q6XHB2|ROCO4_DICDI	26.198	313	133	13	190	463	427	680	1.23e-14	77.4
FUN_018905-T1	sp|Q6XHB2|ROCO4_DICDI	38.017	121	51	6	400	518	619	717	4.13e-08	55.5
FUN_018908-T1	sp|Q6XHB2|ROCO4_DICDI	25.348	359	169	17	230	557	427	717	8.14e-14	73.9
FUN_018909-T1	sp|Q6XHB2|ROCO4_DICDI	25.348	359	166	19	216	540	427	717	1.25e-12	70.1
FUN_019134-T1	sp|Q6XHB2|ROCO4_DICDI	29.384	211	125	9	10688	10881	1030	1233	4.05e-11	69.7
FUN_019172-T1	sp|Q757N1|H3_EREGS	87.023	131	17	0	1	131	1	131	6.81e-81	233
FUN_019197-T1	sp|Q757N1|H3_EREGS	87.023	131	17	0	1	131	1	131	7.19e-81	233
FUN_019230-T1	sp|Q757N1|H3_EREGS	86.765	136	18	0	1	136	1	136	5.62e-84	240
FUN_019264-T1	sp|Q6XHB2|ROCO4_DICDI	28.994	169	85	9	4	162	1060	1203	6.08e-07	50.8
FUN_019274-T1	sp|Q6XHB2|ROCO4_DICDI	27.200	250	139	12	144	379	1021	1241	2.85e-14	74.7
FUN_019346-T1	sp|Q6XHB2|ROCO4_DICDI	26.277	274	172	11	73	326	1026	1289	2.42e-16	83.6
FUN_019347-T1	sp|Q6XHB2|ROCO4_DICDI	27.160	243	146	10	108	342	1021	1240	2.27e-14	73.2
FUN_019349-T1	sp|Q6XHB2|ROCO4_DICDI	27.551	294	173	13	526	805	1025	1292	1.37e-15	80.1
FUN_019354-T1	sp|Q6XHB2|ROCO4_DICDI	27.304	293	173	13	18	296	1026	1292	8.29e-15	73.9
FUN_019362-T1	sp|Q6XHB2|ROCO4_DICDI	31.250	144	69	7	1	134	1105	1228	2.53e-10	58.2
FUN_019367-T1	sp|Q6XHB2|ROCO4_DICDI	27.181	298	177	13	13	296	1021	1292	2.13e-16	79.0
FUN_019371-T1	sp|Q6XHB2|ROCO4_DICDI	30.047	213	115	10	58	257	1101	1292	8.98e-15	73.2
FUN_019381-T1	sp|Q6XHB2|ROCO4_DICDI	28.641	206	119	9	1	196	1105	1292	2.70e-15	73.2
FUN_019579-T1	sp|Q6XHB2|ROCO4_DICDI	29.605	152	75	8	15	156	1087	1216	9.15e-08	50.4
FUN_019620-T1	sp|Q6XHB2|ROCO4_DICDI	30.769	169	90	8	17	178	1089	1237	4.63e-13	65.9
FUN_019650-T1	sp|Q6XHB2|ROCO4_DICDI	30.097	206	116	9	1	196	1105	1292	8.05e-16	74.7
FUN_019693-T1	sp|Q6XHB2|ROCO4_DICDI	27.517	298	176	13	338	621	1021	1292	3.15e-19	90.9
FUN_019739-T1	sp|Q6XHB2|ROCO4_DICDI	27.119	295	181	12	24	307	1021	1292	1.47e-19	88.6
FUN_019875-T1	sp|Q6XHB2|ROCO4_DICDI	31.206	141	73	6	1	134	1105	1228	2.16e-10	55.8
FUN_020098-T1	sp|Q6XHB2|ROCO4_DICDI	22.086	326	186	13	11	317	1018	1294	9.88e-08	52.4
FUN_020615-T1	sp|Q6XHB2|ROCO4_DICDI	29.592	98	65	3	17	111	1196	1292	1.52e-07	48.1
FUN_020968-T1	sp|Q6XHB2|ROCO4_DICDI	26.780	295	182	12	37	320	1021	1292	3.14e-18	84.7
FUN_020992-T1	sp|Q6XHB2|ROCO4_DICDI	30.612	98	64	3	17	111	1196	1292	9.80e-08	48.5
FUN_021108-T1	sp|Q9P6P9|PDK_SCHPO	41.573	267	138	5	102	359	164	421	2.12e-62	205
FUN_021112-T1	sp|Q75IM9|IVD_ORYSJ	23.967	242	147	6	139	380	109	313	8.55e-10	59.7
FUN_022049-T1	sp|Q6XHB2|ROCO4_DICDI	28.512	242	149	9	466	692	1017	1249	3.28e-15	78.6
FUN_022106-T1	sp|Q6XHB2|ROCO4_DICDI	24.324	222	129	8	67	270	1033	1233	4.94e-08	53.5
FUN_022106-T2	sp|Q6XHB2|ROCO4_DICDI	24.201	219	133	8	60	263	1033	1233	4.85e-08	53.1
FUN_022199-T1	sp|Q04857|CO6A1_MOUSE	43.161	329	142	11	691	998	268	572	4.26e-15	78.6
FUN_022211-T1	sp|Q8W1Y3|KN14F_ARATH	32.668	401	214	12	9	393	378	738	2.65e-47	182
FUN_022248-T1	sp|P35731|FABG_YEAST	25.641	273	149	10	12	236	6	272	3.16e-15	71.6
FUN_022249-T1	sp|Q6XHB2|ROCO4_DICDI	27.570	214	141	5	442	653	1032	1233	6.25e-13	70.9
FUN_022249-T2	sp|Q6XHB2|ROCO4_DICDI	27.014	211	140	5	442	650	1032	1230	1.56e-11	66.2
FUN_022251-T1	sp|Q6XHB2|ROCO4_DICDI	28.313	166	101	8	857	1008	1132	1293	1.23e-10	64.3
FUN_022251-T2	sp|Q6XHB2|ROCO4_DICDI	29.508	183	109	9	750	916	1115	1293	2.36e-12	69.7
FUN_022260-T1	sp|Q6XHB2|ROCO4_DICDI	30.208	96	54	3	17	100	370	464	8.03e-06	43.9
FUN_022282-T1	sp|Q6XHB2|ROCO4_DICDI	23.529	255	163	10	731	960	1032	1279	9.91e-10	61.6
FUN_022311-T1	sp|O43678|NDUA2_HUMAN	25.974	77	57	0	18	94	16	92	3.56e-07	44.3
FUN_022364-T1	sp|Q6XHB2|ROCO4_DICDI	27.365	296	173	14	320	600	1024	1292	4.34e-17	84.0
FUN_022364-T2	sp|Q6XHB2|ROCO4_DICDI	27.703	296	172	15	533	813	1024	1292	3.36e-17	85.1
FUN_022364-T3	sp|Q6XHB2|ROCO4_DICDI	27.703	296	172	15	533	813	1024	1292	4.22e-17	84.7
FUN_022426-T1	sp|O00483|NDUA4_HUMAN	50.649	77	36	2	2	77	5	80	4.86e-22	79.7
FUN_022427-T1	sp|O00483|NDUA4_HUMAN	40.789	76	43	2	2	76	5	79	8.00e-17	66.6
FUN_022448-T1	sp|P12109|CO6A1_HUMAN	31.111	135	92	1	19	153	214	347	3.71e-06	44.7
FUN_022449-T1	sp|Q04857|CO6A1_MOUSE	44.186	86	38	1	76	161	313	388	1.43e-08	52.0
FUN_022454-T1	sp|Q04857|CO6A1_MOUSE	30.916	262	110	6	36	284	286	489	2.43e-07	51.6
FUN_022465-T1	sp|Q04857|CO6A1_MOUSE	43.434	99	53	1	116	211	293	391	2.05e-10	58.2
FUN_022467-T1	sp|P12109|CO6A1_HUMAN	42.697	89	51	0	45	133	267	355	7.68e-10	54.7
FUN_022527-T1	sp|Q6XHB2|ROCO4_DICDI	31.541	279	151	11	9	256	1024	1293	2.94e-32	134
FUN_022539-T1	sp|A8GXR2|UBIE_RICB8	30.435	161	90	9	36	184	11	161	8.70e-08	50.1
FUN_022539-T2	sp|Q1RJY5|UBIE_RICBR	30.435	161	90	9	24	172	11	161	7.02e-08	50.1
FUN_022579-T1	sp|Q6XHB2|ROCO4_DICDI	24.561	285	186	12	222	486	1011	1286	4.15e-07	51.2
FUN_022587-T1	sp|Q6XHB2|ROCO4_DICDI	24.555	281	183	12	225	485	1015	1286	2.88e-07	51.6
FUN_022599-T1	sp|P04710|ADT1_YEAST	30.137	292	177	11	353	625	17	300	2.69e-26	108
FUN_022632-T1	sp|Q5R7L8|BL1S1_PONAB	61.864	118	45	0	1	118	29	146	3.09e-48	150
FUN_022649-T1	sp|Q6XHB2|ROCO4_DICDI	27.682	289	186	11	318	596	1017	1292	7.63e-19	90.9
FUN_022671-T1	sp|Q6XHB2|ROCO4_DICDI	27.230	213	136	8	3	202	1027	1233	1.12e-13	68.6
FUN_022671-T2	sp|Q6XHB2|ROCO4_DICDI	27.094	203	129	8	3	192	1027	1223	8.14e-13	64.7
FUN_022676-T1	sp|Q04857|CO6A1_MOUSE	42.633	319	151	6	277	576	266	571	2.91e-19	92.8
FUN_022677-T1	sp|O95258|UCP5_HUMAN	39.161	286	166	4	25	310	44	321	2.06e-63	202
FUN_022689-T1	sp|Q8NKE2|AOX_CRYNH	44.604	278	127	4	59	314	84	356	5.49e-81	249
FUN_022692-T1	sp|Q8NKE2|AOX_CRYNH	42.025	326	151	4	27	322	31	348	2.94e-84	258
FUN_022702-T1	sp|Q6XHB2|ROCO4_DICDI	27.907	215	123	9	574	773	1031	1228	8.10e-06	48.5
FUN_022775-T1	sp|O95258|UCP5_HUMAN	26.207	290	193	10	43	319	42	323	8.83e-20	86.7
FUN_022812-T1	sp|P37833|AATC_ORYSJ	50.000	368	178	2	1	368	1	362	7.46e-131	379
FUN_022812-T2	sp|P37833|AATC_ORYSJ	49.198	374	184	2	1	374	1	368	9.11e-131	379
FUN_022838-T1	sp|Q0MQ86|NDUAC_GORGO	34.091	88	47	2	4	80	20	107	1.75e-07	46.6
FUN_022839-T1	sp|P12109|CO6A1_HUMAN	29.126	206	117	10	70	253	830	1028	4.50e-10	58.2
FUN_022840-T1	sp|P12109|CO6A1_HUMAN	28.216	241	139	10	43	261	800	1028	3.23e-11	62.0
FUN_022842-T1	sp|P12109|CO6A1_HUMAN	26.636	214	123	10	373	562	825	1028	7.53e-06	47.4
FUN_022843-T1	sp|Q04857|CO6A1_MOUSE	25.871	201	126	7	79	259	826	1023	2.93e-11	62.0
FUN_022847-T1	sp|Q04857|CO6A1_MOUSE	27.805	205	123	8	83	267	826	1025	3.19e-09	55.8
FUN_022850-T1	sp|Q6XHB2|ROCO4_DICDI	26.230	183	112	8	409	577	1119	1292	1.05e-12	69.7
FUN_022908-T1	sp|Q7M753|PANK2_MOUSE	57.576	363	150	2	2	361	92	453	2.07e-149	428
FUN_022950-T1	sp|Q6XHB2|ROCO4_DICDI	24.830	294	181	12	107	371	1003	1285	1.29e-07	52.0
FUN_023000-T1	sp|Q6XHB2|ROCO4_DICDI	26.736	288	165	13	494	762	1032	1292	1.70e-15	80.1
FUN_023005-T1	sp|Q6XHB2|ROCO4_DICDI	37.363	91	57	0	56	146	267	357	3.07e-09	57.8
FUN_023040-T1	sp|O77784|IDH3B_BOVIN	54.068	381	169	4	9	385	3	381	1.86e-147	421
FUN_023045-T1	sp|Q75IM9|IVD_ORYSJ	32.979	376	249	2	47	419	30	405	5.09e-70	225
FUN_023054-T1	sp|P35731|FABG_YEAST	29.310	116	68	2	115	216	117	232	1.49e-06	47.0
FUN_023054-T2	sp|P35731|FABG_YEAST	29.310	116	68	2	125	226	117	232	3.36e-06	46.2
FUN_023064-T1	sp|Q6XHB2|ROCO4_DICDI	25.373	134	88	6	276	400	1103	1233	7.17e-07	50.8
FUN_023140-T1	sp|Q9YGD2|SUCA_COLLI	79.110	292	61	0	2	293	12	303	5.67e-160	446
FUN_023159-T1	sp|Q6XHB2|ROCO4_DICDI	29.897	97	55	3	17	101	370	465	7.51e-07	46.6
FUN_023217-T1	sp|B0TJ16|UBIE_SHEHH	28.800	125	77	5	52	170	62	180	1.22e-09	55.5
FUN_023241-T1	sp|P35731|FABG_YEAST	26.749	243	136	9	24	227	9	248	7.23e-11	60.1
FUN_023241-T2	sp|P35731|FABG_YEAST	26.749	243	136	9	50	253	9	248	1.25e-10	59.7
FUN_023245-T1	sp|P35731|FABG_YEAST	23.810	231	133	6	47	238	6	232	7.66e-08	51.2
FUN_023246-T1	sp|P35731|FABG_YEAST	23.431	239	137	9	20	217	6	239	1.74e-08	52.8
FUN_023262-T1	sp|Q59TB2|SUV3_CANAL	37.549	506	285	11	292	772	198	697	9.07e-96	313
FUN_023262-T2	sp|Q59TB2|SUV3_CANAL	37.549	506	285	11	292	772	198	697	9.07e-96	313
FUN_023262-T3	sp|Q59TB2|SUV3_CANAL	41.867	375	208	6	292	661	198	567	3.55e-87	286
FUN_023309-T1	sp|Q8W1Y3|KN14F_ARATH	37.654	324	186	8	60	381	421	730	1.14e-53	202
FUN_023320-T2	sp|Q8W1Y3|KN14F_ARATH	32.308	390	188	10	9	384	378	705	3.55e-45	177
FUN_023320-T6	sp|Q8W1Y3|KN14F_ARATH	55.769	104	45	1	52	155	603	705	2.03e-26	116
FUN_023341-T1	sp|Q8W1Y3|KN14F_ARATH	51.429	105	50	1	407	511	602	705	5.71e-24	107
FUN_023400-T2	sp|Q8W1Y3|KN14F_ARATH	41.765	170	88	4	85	254	602	760	3.42e-26	115
FUN_023400-T3	sp|Q8W1Y3|KN14F_ARATH	42.236	161	82	4	49	209	610	759	9.49e-24	107
FUN_023497-T1	sp|O95258|UCP5_HUMAN	23.509	285	202	5	71	347	47	323	1.21e-15	75.1
FUN_023558-T1	sp|P29419|ATP5I_RAT	46.269	67	34	1	2	66	4	70	2.30e-11	51.6
FUN_023828-T1	sp|Q757N1|H3_EREGS	88.806	134	15	0	1	134	1	134	4.98e-83	240
FUN_023852-T1	sp|Q757N1|H3_EREGS	86.364	132	18	0	28	159	5	136	8.20e-82	236
FUN_023874-T1	sp|Q757N1|H3_EREGS	87.786	131	16	0	30	160	6	136	7.08e-82	236
FUN_023961-T1	sp|Q6XHB2|ROCO4_DICDI	29.268	287	158	13	546	811	1030	1292	5.60e-22	100
FUN_023983-T1	sp|Q6XHB2|ROCO4_DICDI	23.549	293	169	14	10	284	1032	1287	1.01e-09	60.5
FUN_023983-T2	sp|Q6XHB2|ROCO4_DICDI	23.549	293	169	14	10	284	1032	1287	4.83e-10	61.2
FUN_024001-T1	sp|Q6XHB2|ROCO4_DICDI	27.273	286	174	11	410	675	1021	1292	1.49e-21	99.0
FUN_024041-T1	sp|Q13423|NNTM_HUMAN	63.962	838	285	6	1	823	249	1084	0.0	1071
FUN_024041-T2	sp|Q13423|NNTM_HUMAN	63.320	1036	363	6	72	1092	51	1084	0.0	1321
FUN_024134-T1	sp|Q04857|CO6A1_MOUSE	48.148	54	25	1	87	140	437	487	4.55e-07	51.2
FUN_024136-T1	sp|Q6XHB2|ROCO4_DICDI	28.910	211	126	9	19	213	1032	1234	3.57e-14	75.5
FUN_024136-T2	sp|Q6XHB2|ROCO4_DICDI	28.910	211	126	9	19	213	1032	1234	2.02e-14	75.9
FUN_024187-T1	sp|O22854|ETFQO_ARATH	53.792	567	243	6	43	607	84	633	0.0	616
FUN_024339-T1	sp|Q12887|COX10_HUMAN	30.496	141	89	5	131	266	172	308	2.49e-06	47.8
FUN_024368-T1	sp|Q8W1Y3|KN14F_ARATH	39.726	365	207	9	10	370	378	733	2.05e-66	236
FUN_024414-T1	sp|P35731|FABG_YEAST	23.723	274	154	12	8	235	6	270	5.19e-08	50.8
FUN_024524-T1	sp|Q6XHB2|ROCO4_DICDI	29.927	274	149	15	8	254	1030	1287	2.78e-15	79.7
FUN_024682-T1	sp|Q6XHB2|ROCO4_DICDI	22.549	204	140	7	4	197	359	554	1.18e-06	47.0
FUN_024762-T1	sp|P04710|ADT1_YEAST	26.910	301	180	10	14	289	10	295	9.15e-27	105
FUN_024763-T1	sp|P18239|ADT2_YEAST	62.626	297	108	2	23	317	22	317	8.76e-133	379
FUN_024904-T1	sp|P12109|CO6A1_HUMAN	27.706	231	132	12	250	453	592	814	5.79e-09	57.4
FUN_025109-T1	sp|Q9CPP6|NDUA5_MOUSE	52.632	114	54	0	3	116	2	115	1.53e-36	119
FUN_025220-T1	sp|Q6XHB2|ROCO4_DICDI	26.959	319	144	11	1516	1809	427	681	4.54e-15	80.1
FUN_025224-T1	sp|Q6XHB2|ROCO4_DICDI	27.044	318	143	12	849	1141	427	680	7.89e-17	85.1
FUN_025225-T1	sp|Q6XHB2|ROCO4_DICDI	27.673	318	141	13	849	1141	427	680	2.89e-17	86.7
FUN_025257-T1	sp|O95258|UCP5_HUMAN	31.399	293	187	7	7	298	42	321	2.26e-38	136
FUN_025315-T1	sp|P9WNX7|GABD2_MYCTU	26.984	441	297	14	105	539	60	481	1.20e-34	135
FUN_025464-T1	sp|Q6XHB2|ROCO4_DICDI	28.409	264	152	7	435	692	258	490	2.30e-18	90.1
FUN_025465-T1	sp|Q6XHB2|ROCO4_DICDI	32.222	270	155	10	1	254	1032	1289	2.20e-28	112
FUN_025518-T1	sp|O95140|MFN2_HUMAN	51.711	760	328	12	18	766	21	752	0.0	758
FUN_025595-T1	sp|Q6XHB2|ROCO4_DICDI	29.333	300	166	12	126	399	1014	1293	9.35e-23	103
FUN_025609-T1	sp|P12109|CO6A1_HUMAN	32.759	116	62	2	58	157	209	324	7.50e-10	56.2
FUN_025610-T1	sp|Q6XHB2|ROCO4_DICDI	27.696	408	234	19	427	798	907	1289	9.12e-25	109
FUN_025782-T1	sp|P21537|ATP9_SCHPO	67.143	70	23	0	99	168	4	73	9.68e-28	97.4
FUN_025802-T1	sp|Q7ZVY5|CISY_DANRE	65.458	469	158	3	1	468	1	466	0.0	659
FUN_025823-T1	sp|O28733|SUCD1_ARCFU	33.725	255	151	6	542	796	54	290	1.62e-32	126
FUN_025840-T1	sp|Q25117|ATPB_HEMPU	80.488	533	80	4	8	540	14	522	0.0	860
FUN_025914-T1	sp|Q04857|CO6A1_MOUSE	33.333	177	87	3	5	151	210	385	4.88e-18	82.8
FUN_025976-T1	sp|Q6XHB2|ROCO4_DICDI	25.159	314	169	16	202	496	1026	1292	2.01e-11	65.5
FUN_025977-T1	sp|Q6XHB2|ROCO4_DICDI	25.359	209	138	6	8	203	1030	1233	8.57e-11	60.8
FUN_025984-T1	sp|Q04857|CO6A1_MOUSE	43.210	405	190	10	800	1185	267	650	7.09e-23	104
FUN_025988-T1	sp|Q6XHB2|ROCO4_DICDI	24.590	244	139	12	218	442	1019	1236	4.12e-10	60.8
FUN_026008-T1	sp|Q04857|CO6A1_MOUSE	39.550	311	127	7	1107	1378	268	556	4.67e-23	105
FUN_026009-T1	sp|P12109|CO6A1_HUMAN	25.000	220	124	8	1067	1264	816	1016	9.27e-10	61.6
FUN_026009-T2	sp|Q04857|CO6A1_MOUSE	25.463	216	117	7	83	274	612	807	3.28e-09	58.9
FUN_026010-T1	sp|Q04857|CO6A1_MOUSE	45.231	325	149	10	870	1184	268	573	1.68e-26	117
FUN_026011-T1	sp|Q04857|CO6A1_MOUSE	44.688	320	148	6	606	909	267	573	2.01e-21	99.8
FUN_026012-T1	sp|P12109|CO6A1_HUMAN	40.462	346	167	7	190	523	255	573	1.74e-16	82.0
FUN_026013-T1	sp|Q04857|CO6A1_MOUSE	40.469	341	165	8	105	444	268	571	1.29e-22	102
FUN_026015-T1	sp|O95258|UCP5_HUMAN	39.731	297	169	5	5	301	37	323	1.14e-67	212
FUN_026015-T2	sp|O95258|UCP5_HUMAN	42.342	222	123	3	42	263	107	323	2.23e-54	177
FUN_026016-T1	sp|Q04857|CO6A1_MOUSE	41.104	326	156	6	1123	1430	266	573	1.76e-27	120
FUN_026016-T2	sp|Q04857|CO6A1_MOUSE	41.104	326	156	6	1123	1430	266	573	9.99e-27	117
FUN_026023-T1	sp|P12109|CO6A1_HUMAN	40.970	371	153	9	788	1149	260	573	1.11e-27	120
FUN_026024-T1	sp|P12109|CO6A1_HUMAN	42.368	380	151	10	573	948	257	572	4.26e-23	105
FUN_026038-T1	sp|Q9D9H8|CB069_MOUSE	40.550	291	126	5	31	278	79	365	4.60e-72	224
FUN_026059-T1	sp|Q04857|CO6A1_MOUSE	49.231	65	28	2	232	295	267	327	1.69e-07	51.6
FUN_026104-T1	sp|P15690|NDUS1_BOVIN	69.928	695	204	2	31	724	24	714	0.0	1036
FUN_026148-T1	sp|Q6XHB2|ROCO4_DICDI	24.779	226	136	13	4	213	1027	1234	1.20e-07	50.1
FUN_026200-T1	sp|Q04857|CO6A1_MOUSE	24.874	398	247	16	1099	1458	593	976	3.20e-20	96.3
FUN_026201-T1	sp|Q04857|CO6A1_MOUSE	25.776	419	238	18	1346	1717	601	993	5.21e-14	76.3
FUN_026201-T2	sp|Q04857|CO6A1_MOUSE	25.776	419	238	18	1388	1759	601	993	6.06e-14	75.9
FUN_026203-T1	sp|Q04857|CO6A1_MOUSE	26.000	400	252	14	6027	6391	593	983	6.74e-20	98.6
FUN_026208-T1	sp|P12109|CO6A1_HUMAN	24.375	160	99	5	1	149	614	762	1.02e-06	46.6
FUN_026209-T1	sp|Q04857|CO6A1_MOUSE	26.139	417	239	17	385	756	601	993	7.61e-16	80.5
FUN_026210-T1	sp|Q04857|CO6A1_MOUSE	26.683	401	248	15	969	1333	593	983	1.87e-22	106
FUN_026211-T1	sp|P12109|CO6A1_HUMAN	24.769	432	252	18	4808	5181	600	1016	1.29e-11	69.7
FUN_026212-T1	sp|P12109|CO6A1_HUMAN	23.400	500	254	19	2129	2593	607	1012	1.98e-13	75.5
FUN_026297-T1	sp|Q6XHB2|ROCO4_DICDI	28.111	217	122	9	71	265	1029	1233	6.37e-14	73.9
FUN_026297-T3	sp|Q6XHB2|ROCO4_DICDI	28.111	217	122	9	54	248	1029	1233	6.10e-14	73.9
FUN_026297-T4	sp|Q6XHB2|ROCO4_DICDI	28.111	217	122	9	39	233	1029	1233	5.87e-14	73.9
FUN_026299-T1	sp|P18239|ADT2_YEAST	26.882	279	187	9	42	309	26	298	3.76e-16	76.3
FUN_026305-T1	sp|Q8W1Y3|KN14F_ARATH	39.474	342	178	7	45	373	421	746	8.63e-60	222
FUN_026305-T2	sp|Q8W1Y3|KN14F_ARATH	39.474	342	178	7	45	373	421	746	1.46e-60	221
