FUN_000589-T1	sp|P36623|PMGY_SCHPO	32.653	147	91	4	36	176	4	148	4.31e-17	72.8
FUN_005030-T1	sp|P85037|FOXK1_HUMAN	51.000	100	48	1	95	194	302	400	4.38e-26	103
FUN_005036-T1	sp|P42128|FOXK1_MOUSE	48.454	97	50	0	30	126	290	386	1.70e-27	105
FUN_005132-T1	sp|P62707|GPMA_ECOLI	26.829	205	109	8	229	393	6	209	4.82e-09	50.8
FUN_005159-T1	sp|Q3UCQ1|FOXK2_MOUSE	52.041	98	45	1	95	190	247	344	7.57e-28	108
FUN_008233-T1	sp|Q7ZX03|FOXK2_XENLA	43.066	137	75	1	37	173	188	321	1.35e-33	125
FUN_009301-T1	sp|Q867C9|PFKAM_HORSE	58.634	776	300	4	70	833	13	779	0.0	935
FUN_010519-T1	sp|P00940|TPIS_CHICK	69.672	244	74	0	3	246	4	247	1.09e-126	353
FUN_012333-T1	sp|P85037|FOXK1_HUMAN	41.176	85	43	2	60	142	308	387	1.95e-15	73.2
FUN_012871-T1	sp|P00940|TPIS_CHICK	69.672	244	74	0	3	246	4	247	1.09e-126	353
FUN_013147-T1	sp|Q7ZX03|FOXK2_XENLA	46.939	98	50	1	143	238	215	312	3.77e-24	96.3
FUN_013305-T1	sp|P42128|FOXK1_MOUSE	42.202	109	61	1	47	153	287	395	2.42e-22	86.7
FUN_015434-T1	sp|P05064|ALDOA_MOUSE	72.269	357	97	1	5	359	8	364	0.0	528
FUN_017873-T1	sp|Q3UCQ1|FOXK2_MOUSE	38.384	99	59	1	61	157	243	341	2.60e-16	72.4
FUN_017952-T1	sp|Q01167|FOXK2_HUMAN	36.634	202	114	6	8	198	218	416	8.09e-28	107
FUN_017964-T1	sp|Q7ZX03|FOXK2_XENLA	34.848	198	99	8	120	298	218	404	8.42e-24	98.6
FUN_022957-T1	sp|Q01167|FOXK2_HUMAN	46.154	104	54	1	86	187	248	351	2.20e-24	96.7
FUN_023003-T1	sp|P09104|ENOG_HUMAN	26.380	326	227	6	245	566	110	426	3.56e-31	120
FUN_023367-T1	sp|P52789|HXK2_HUMAN	47.404	443	215	7	29	459	474	910	8.94e-132	397
FUN_023640-T1	sp|Q7ZX03|FOXK2_XENLA	38.667	75	44	1	34	106	223	297	1.24e-11	57.0
FUN_025232-T1	sp|P16858|G3P_MOUSE	75.976	333	79	1	1	333	1	332	0.0	532
FUN_025325-T1	sp|P42128|FOXK1_MOUSE	49.485	97	47	1	106	200	288	384	6.99e-23	94.0
FUN_025367-T1	sp|P06733|ENOA_HUMAN	76.798	431	99	1	4	434	3	432	0.0	699
FUN_025367-T2	sp|P06733|ENOA_HUMAN	76.798	431	99	1	43	473	3	432	0.0	698
FUN_025561-T1	sp|Q01167|FOXK2_HUMAN	40.678	177	99	3	28	204	242	412	6.19e-31	116
FUN_025663-T1	sp|P42128|FOXK1_MOUSE	47.482	139	64	2	90	227	289	419	1.12e-32	126
FUN_029061-T1	sp|Q3UCQ1|FOXK2_MOUSE	33.333	144	89	5	78	216	233	374	5.67e-17	75.5
FUN_029062-T1	sp|Q7ZX03|FOXK2_XENLA	37.500	152	76	6	69	214	194	332	4.46e-23	97.8
FUN_029067-T1	sp|Q3UCQ1|FOXK2_MOUSE	33.679	193	102	6	373	542	155	344	1.30e-20	90.5
FUN_029324-T1	sp|Q01167|FOXK2_HUMAN	40.244	164	82	2	66	227	257	406	4.21e-31	116
FUN_029325-T1	sp|Q7ZX03|FOXK2_XENLA	42.276	123	68	2	30	151	194	314	9.56e-24	94.7
FUN_029410-T1	sp|Q3T0P6|PGK1_BOVIN	69.586	411	124	1	4	413	5	415	0.0	580
FUN_029919-T1	sp|P08237|PFKAM_HUMAN	40.323	62	31	2	19	74	231	292	1.56e-06	40.8
FUN_034122-T1	sp|Q01167|FOXK2_HUMAN	41.964	112	56	1	37	148	250	352	1.09e-25	105
FUN_035540-T1	sp|Q3UCQ1|FOXK2_MOUSE	32.609	92	60	1	45	134	251	342	1.06e-11	57.4
FUN_035758-T1	sp|Q3UCQ1|FOXK2_MOUSE	52.174	115	51	1	77	187	249	363	2.68e-32	124
FUN_035760-T1	sp|Q3UCQ1|FOXK2_MOUSE	34.161	161	91	6	20	175	249	399	1.69e-19	82.0
FUN_035761-T1	sp|Q3UCQ1|FOXK2_MOUSE	37.500	120	74	1	1	120	226	344	3.74e-23	93.6
FUN_036246-T1	sp|P06745|G6PI_MOUSE	70.962	551	159	1	3	552	2	552	0.0	834
FUN_037323-T1	sp|P42128|FOXK1_MOUSE	32.174	115	58	5	186	296	286	384	3.56e-13	63.9
FUN_037752-T1	sp|P85037|FOXK1_HUMAN	27.451	204	123	6	166	353	305	499	1.41e-17	79.0
FUN_037768-T1	sp|G4VJD5|PGM_SCHMA	22.549	204	120	5	320	485	6	209	9.13e-08	47.4
FUN_037953-T1	sp|Q7ZX03|FOXK2_XENLA	57.143	56	22	1	24	79	261	314	1.47e-16	71.2
FUN_037955-T1	sp|Q3UCQ1|FOXK2_MOUSE	57.292	96	41	0	58	153	249	344	1.28e-35	132
FUN_038166-T1	sp|P85037|FOXK1_HUMAN	64.151	318	113	1	39	355	106	423	7.82e-142	424
FUN_038166-T2	sp|P85037|FOXK1_HUMAN	64.151	318	113	1	39	355	106	423	1.28e-142	423
FUN_038426-T1	sp|P42128|FOXK1_MOUSE	45.070	142	64	3	98	225	291	432	5.81e-33	125
FUN_039293-T1	sp|P04797|G3P_RAT	75.976	333	79	1	1	333	1	332	0.0	531
FUN_040725-T1	sp|Q3UCQ1|FOXK2_MOUSE	38.931	131	73	2	48	178	221	344	1.75e-23	94.4
FUN_044376-T1	sp|P14618|KPYM_HUMAN	59.690	516	203	2	16	526	13	528	0.0	633
FUN_044376-T2	sp|P14618|KPYM_HUMAN	61.957	460	170	2	1	455	69	528	0.0	585
