FUN_000228-T1	sp|Q6XHB2|ROCO4_DICDI	25.352	142	94	3	11	150	371	502	3.28e-07	48.1
FUN_000270-T1	sp|Q791V5|MTCH2_MOUSE	31.008	129	77	5	196	317	134	257	5.99e-09	54.3
FUN_000334-T1	sp|Q6XHB2|ROCO4_DICDI	26.738	374	163	16	796	1138	427	720	7.10e-17	84.3
FUN_000335-T1	sp|Q6XHB2|ROCO4_DICDI	26.330	376	179	14	494	844	427	729	2.44e-16	82.4
FUN_000337-T1	sp|Q6XHB2|ROCO4_DICDI	25.132	378	176	13	242	588	427	728	3.56e-17	84.0
FUN_000339-T1	sp|Q6XHB2|ROCO4_DICDI	57.576	33	13	1	494	526	427	458	1.00e-06	49.3
FUN_000340-T1	sp|Q6XHB2|ROCO4_DICDI	33.577	137	67	6	151	287	617	729	9.81e-09	56.2
FUN_000341-T1	sp|Q6XHB2|ROCO4_DICDI	28.056	360	163	16	828	1160	427	717	1.06e-20	97.4
FUN_000345-T1	sp|Q6XHB2|ROCO4_DICDI	27.297	381	169	16	614	964	427	729	1.22e-17	86.7
FUN_000502-T1	sp|Q6XHB2|ROCO4_DICDI	30.189	212	131	9	13	212	1027	1233	2.20e-16	79.7
FUN_000932-T1	sp|Q6XHB2|ROCO4_DICDI	28.095	210	129	9	403	596	1030	1233	1.07e-10	62.8
FUN_000937-T1	sp|Q6XHB2|ROCO4_DICDI	28.372	215	125	11	88	284	1030	1233	3.96e-08	54.3
FUN_000939-T1	sp|Q6XHB2|ROCO4_DICDI	27.907	215	126	11	88	284	1030	1233	2.64e-07	51.6
FUN_000941-T1	sp|Q6XHB2|ROCO4_DICDI	28.372	215	125	11	67	263	1030	1233	3.16e-07	51.2
FUN_000943-T1	sp|Q791V5|MTCH2_MOUSE	41.549	284	162	2	24	305	8	289	2.00e-80	243
FUN_000977-T1	sp|Q6XHB2|ROCO4_DICDI	30.035	283	163	10	589	848	1023	1293	6.93e-28	119
FUN_001081-T1	sp|Q6XHB2|ROCO4_DICDI	26.887	212	138	8	18	217	1027	1233	3.89e-14	72.8
FUN_001181-T1	sp|O52683|HYDA_THEMA	29.902	408	237	17	115	515	184	549	5.65e-40	151
FUN_001217-T1	sp|Q9H1U9|S2551_HUMAN	24.658	292	177	14	13	284	28	296	3.38e-07	48.1
FUN_001241-T1	sp|Q6XHB2|ROCO4_DICDI	41.837	98	54	2	56	152	260	355	6.67e-09	56.2
FUN_001264-T1	sp|Q6XHB2|ROCO4_DICDI	24.535	269	172	11	149	396	1021	1279	1.49e-11	64.3
FUN_001271-T1	sp|Q6XHB2|ROCO4_DICDI	27.311	238	149	9	417	636	1016	1247	1.27e-11	65.9
FUN_001344-T1	sp|Q6XHB2|ROCO4_DICDI	29.258	229	134	13	7	214	1012	1233	6.51e-11	60.8
FUN_001416-T1	sp|Q6XHB2|ROCO4_DICDI	27.957	279	170	10	14	280	1020	1279	5.24e-17	81.6
FUN_001463-T1	sp|Q6XHB2|ROCO4_DICDI	27.059	340	219	14	1552	1876	954	1279	1.37e-23	107
FUN_001483-T1	sp|Q6CFT7|ATPB_YARLI	25.301	415	280	10	45	448	52	447	3.17e-29	117
FUN_001546-T1	sp|Q02372|NDUB8_BOVIN	36.898	187	92	9	1	170	1	178	3.54e-21	83.6
FUN_001550-T1	sp|O75323|NIPS2_HUMAN	23.963	217	160	3	46	258	69	284	3.74e-16	73.9
FUN_001593-T1	sp|Q6XHB2|ROCO4_DICDI	26.829	246	141	11	38	255	1031	1265	4.83e-12	68.2
FUN_001648-T1	sp|P24539|AT5F1_HUMAN	39.691	194	108	3	15	207	62	247	2.52e-38	130
FUN_001648-T2	sp|P24539|AT5F1_HUMAN	40.314	191	105	3	47	236	62	244	2.48e-38	131
FUN_001731-T1	sp|B7JBP8|SQRD_ACIF2	26.045	311	186	15	31	316	3	294	5.58e-08	52.0
FUN_001784-T1	sp|Q6XHB2|ROCO4_DICDI	26.022	269	178	10	220	471	1024	1288	2.18e-12	69.7
FUN_001899-T1	sp|Q8SQ80|COX7C_PAPHA	49.231	65	31	2	10	74	1	63	9.92e-16	62.4
FUN_001904-T1	sp|Q6XHB2|ROCO4_DICDI	27.200	125	79	5	13	130	372	491	2.19e-06	45.4
FUN_002080-T1	sp|Q6XHB2|ROCO4_DICDI	27.660	282	164	14	498	760	1032	1292	1.77e-17	85.1
FUN_002102-T1	sp|Q6XHB2|ROCO4_DICDI	26.000	300	169	13	527	808	1023	1287	1.45e-14	75.9
FUN_002103-T1	sp|Q6XHB2|ROCO4_DICDI	25.418	299	165	13	319	592	1024	1289	1.26e-17	84.7
FUN_002379-T1	sp|Q6XHB2|ROCO4_DICDI	25.604	207	135	7	165	356	1031	1233	8.48e-11	62.0
FUN_002429-T1	sp|Q6XHB2|ROCO4_DICDI	28.837	215	123	12	376	571	1030	1233	5.76e-14	73.2
FUN_002429-T2	sp|Q6XHB2|ROCO4_DICDI	28.837	215	123	12	376	571	1030	1233	2.82e-14	73.9
FUN_002454-T1	sp|Q6XHB2|ROCO4_DICDI	24.453	274	165	10	81	325	1027	1287	1.02e-10	60.8
FUN_002454-T2	sp|Q6XHB2|ROCO4_DICDI	24.453	274	165	10	143	387	1027	1287	1.30e-10	61.2
FUN_002477-T1	sp|Q6XHB2|ROCO4_DICDI	27.027	370	178	15	646	991	427	728	6.14e-16	81.3
FUN_002682-T1	sp|Q6XHB2|ROCO4_DICDI	27.124	306	173	17	389	676	1019	1292	1.30e-16	81.6
FUN_002683-T1	sp|Q6XHB2|ROCO4_DICDI	27.273	297	165	15	263	540	1025	1289	8.81e-20	91.3
FUN_002684-T1	sp|Q6XHB2|ROCO4_DICDI	27.083	144	74	7	202	339	1025	1143	6.92e-06	45.4
FUN_002838-T1	sp|Q6XHB2|ROCO4_DICDI	34.437	151	80	8	107	246	1150	1292	8.86e-14	69.3
FUN_002878-T1	sp|Q6XHB2|ROCO4_DICDI	27.517	298	176	14	13	296	1021	1292	2.71e-17	80.9
FUN_002889-T1	sp|Q6XHB2|ROCO4_DICDI	30.000	210	119	10	47	246	1101	1292	4.23e-16	75.9
FUN_002889-T2	sp|Q6XHB2|ROCO4_DICDI	30.097	206	116	10	1	196	1105	1292	1.22e-15	72.4
FUN_002935-T1	sp|Q6XHB2|ROCO4_DICDI	27.797	295	179	13	13	296	1021	1292	7.81e-20	87.8
FUN_003587-T1	sp|Q6XHB2|ROCO4_DICDI	27.243	301	170	15	65	346	1024	1294	5.39e-20	89.4
FUN_003885-T1	sp|Q6XHB2|ROCO4_DICDI	27.948	229	126	12	920	1126	1022	1233	6.28e-09	58.2
FUN_003887-T1	sp|Q6XHB2|ROCO4_DICDI	23.982	221	142	9	31	232	1020	1233	1.89e-08	53.5
FUN_003887-T2	sp|Q6XHB2|ROCO4_DICDI	23.982	221	142	9	36	237	1020	1233	2.36e-08	53.1
FUN_003901-T1	sp|P29410|KAD2_RAT	34.314	204	105	5	30	204	20	223	9.03e-29	105
FUN_004008-T1	sp|Q9CR61|NDUB7_MOUSE	50.000	66	33	0	1	66	39	104	7.08e-17	67.4
FUN_004027-T1	sp|Q05752|NDUA7_BOVIN	53.947	76	34	1	1	75	1	76	6.67e-23	83.2
FUN_004095-T1	sp|Q6XHB2|ROCO4_DICDI	28.975	283	175	10	37	301	1015	1289	2.80e-21	96.3
FUN_004225-T1	sp|Q6XHB2|ROCO4_DICDI	29.268	246	150	10	103	331	1031	1269	7.34e-19	87.4
FUN_004264-T1	sp|Q6XHB2|ROCO4_DICDI	25.670	261	170	10	848	1096	1032	1280	3.42e-18	88.2
FUN_004283-T1	sp|Q9D8B4|NDUAB_MOUSE	33.333	126	72	5	8	126	4	124	3.00e-13	60.5
FUN_004300-T1	sp|Q6XHB2|ROCO4_DICDI	28.662	157	92	6	13	159	372	518	2.19e-08	51.2
FUN_004301-T1	sp|Q6XHB2|ROCO4_DICDI	28.025	157	93	6	13	159	372	518	3.81e-07	47.8
FUN_004346-T1	sp|Q6XHB2|ROCO4_DICDI	28.125	256	155	9	50	284	1032	1279	7.09e-15	75.5
FUN_004347-T1	sp|Q59RK9|PMIP_CANAL	23.469	588	386	18	3	537	174	750	2.74e-35	138
FUN_004465-T1	sp|Q6XHB2|ROCO4_DICDI	24.068	295	198	10	22	299	1003	1288	4.86e-16	79.7
FUN_004511-T1	sp|Q6XHB2|ROCO4_DICDI	30.000	280	166	12	424	684	1021	1289	7.04e-23	102
FUN_004560-T1	sp|Q16595|FRDA_HUMAN	60.684	117	46	0	62	178	89	205	4.06e-50	159
FUN_004624-T1	sp|Q6XHB2|ROCO4_DICDI	25.949	474	228	16	1139	1600	929	1291	1.79e-28	123
FUN_004641-T1	sp|P56556|NDUA6_HUMAN	60.504	119	47	0	7	125	9	127	2.43e-50	154
FUN_004722-T1	sp|B0VYX2|COX5A_PANPA	63.208	106	39	0	2	107	42	147	1.04e-47	147
FUN_004783-T1	sp|Q9ERS2|NDUAD_MOUSE	52.500	120	57	0	1	120	1	120	1.91e-44	139
FUN_004851-T1	sp|Q6XHB2|ROCO4_DICDI	27.018	285	168	11	414	681	1028	1289	7.36e-20	92.4
FUN_004895-T1	sp|Q6XHB2|ROCO4_DICDI	27.626	257	144	14	18	260	1030	1258	7.02e-07	49.3
FUN_004919-T1	sp|Q6XHB2|ROCO4_DICDI	31.455	213	125	9	62	264	1078	1279	2.70e-21	92.4
FUN_005099-T1	sp|Q6XHB2|ROCO4_DICDI	24.815	270	162	11	75	315	1030	1287	1.78e-07	51.6
FUN_005101-T1	sp|P54275|MSH2_RAT	27.242	591	342	24	410	966	177	713	1.36e-30	127
FUN_005102-T1	sp|P43246|MSH2_HUMAN	36.145	166	81	2	1	166	712	852	2.37e-24	97.4
FUN_005133-T1	sp|Q6XHB2|ROCO4_DICDI	25.792	221	146	8	70	275	1016	1233	4.38e-12	65.5
FUN_005160-T1	sp|Q9DC69|NDUA9_MOUSE	48.663	374	184	3	73	439	1	373	1.42e-109	326
FUN_005223-T1	sp|Q6XHB2|ROCO4_DICDI	23.699	173	109	7	10	171	372	532	1.93e-06	45.4
FUN_005269-T1	sp|Q6XHB2|ROCO4_DICDI	29.213	89	62	1	87	174	258	346	1.64e-06	47.4
FUN_005467-T1	sp|Q6XHB2|ROCO4_DICDI	27.740	292	166	15	1094	1365	1025	1291	1.39e-20	96.3
FUN_005467-T2	sp|Q6XHB2|ROCO4_DICDI	27.740	292	166	15	1011	1282	1025	1291	1.46e-20	96.3
FUN_005474-T1	sp|Q6XHB2|ROCO4_DICDI	28.926	242	145	12	23	243	1030	1265	1.17e-15	77.8
FUN_005688-T1	sp|Q6XHB2|ROCO4_DICDI	23.148	216	133	9	148	345	1073	1273	3.26e-06	46.6
FUN_005781-T1	sp|Q6XHB2|ROCO4_DICDI	26.250	240	146	10	13	244	1021	1237	1.38e-12	65.1
FUN_005814-T1	sp|Q6XHB2|ROCO4_DICDI	26.545	275	173	11	377	629	1025	1292	1.16e-21	97.8
FUN_005878-T1	sp|Q5HZI9|S2551_MOUSE	25.368	272	171	8	39	299	42	292	9.66e-12	62.0
FUN_005961-T1	sp|Q6XHB2|ROCO4_DICDI	25.503	298	142	13	260	504	1024	1294	1.73e-13	70.9
FUN_005999-T1	sp|Q6XHB2|ROCO4_DICDI	30.097	206	130	6	395	588	1030	1233	3.26e-17	84.0
FUN_006007-T1	sp|Q6XHB2|ROCO4_DICDI	27.230	213	133	9	60	259	1032	1235	4.24e-16	76.6
FUN_006018-T1	sp|Q6XHB2|ROCO4_DICDI	25.312	320	197	11	9	306	1029	1328	1.22e-16	82.0
FUN_006021-T1	sp|Q6XHB2|ROCO4_DICDI	27.491	291	177	12	325	604	1025	1292	4.04e-19	89.7
FUN_006031-T1	sp|Q6XHB2|ROCO4_DICDI	28.571	203	115	10	17	209	1089	1271	4.28e-12	63.9
FUN_006171-T1	sp|Q52KK3|S2551_RAT	23.913	184	125	5	97	275	70	243	2.44e-06	45.8
FUN_006248-T1	sp|Q9VQ79|AIFM1_DROME	48.290	497	245	5	145	632	245	738	1.89e-167	494
FUN_006248-T2	sp|Q9VQ79|AIFM1_DROME	47.379	477	239	5	145	612	245	718	9.68e-157	465
FUN_006290-T1	sp|Q6XHB2|ROCO4_DICDI	27.103	214	126	9	18	223	1026	1217	4.25e-10	57.8
FUN_006298-T1	sp|Q6XHB2|ROCO4_DICDI	27.491	291	177	12	29	308	1025	1292	3.15e-19	86.7
FUN_006315-T1	sp|Q6XHB2|ROCO4_DICDI	29.010	293	170	13	28	307	1025	1292	3.02e-19	86.7
FUN_006328-T1	sp|Q52KK3|S2551_RAT	24.138	232	159	8	57	280	50	272	5.95e-10	56.6
FUN_006329-T1	sp|P09622|DLDH_HUMAN	74.468	470	118	2	41	509	41	509	0.0	741
FUN_006341-T2	sp|Q6XHB2|ROCO4_DICDI	28.652	178	101	8	24	193	1021	1180	1.78e-09	55.1
FUN_006442-T1	sp|Q6XHB2|ROCO4_DICDI	27.881	269	170	10	190	440	1024	1286	1.00e-22	99.0
FUN_006453-T3	sp|Q6XHB2|ROCO4_DICDI	21.769	294	143	11	408	663	416	660	1.50e-09	59.7
FUN_006458-T1	sp|Q6XHB2|ROCO4_DICDI	24.739	287	143	14	94	349	416	660	3.90e-09	57.8
FUN_006488-T1	sp|Q6XHB2|ROCO4_DICDI	25.540	278	169	14	528	787	1030	1287	4.35e-12	67.4
FUN_006500-T1	sp|Q6XHB2|ROCO4_DICDI	23.030	330	160	14	37	329	388	660	4.77e-12	66.6
FUN_006536-T1	sp|Q6XHB2|ROCO4_DICDI	26.545	275	170	13	249	508	1030	1287	1.33e-14	74.3
FUN_006542-T1	sp|Q6XHB2|ROCO4_DICDI	24.199	281	164	15	109	357	1024	1287	1.92e-10	60.1
FUN_006578-T1	sp|Q6XHB2|ROCO4_DICDI	26.866	134	89	5	99	226	1103	1233	5.54e-09	55.1
FUN_006580-T1	sp|Q6XHB2|ROCO4_DICDI	25.490	357	186	16	1560	1895	992	1289	2.48e-15	79.7
FUN_006581-T1	sp|Q6XHB2|ROCO4_DICDI	28.205	273	150	14	443	697	1048	1292	4.49e-16	80.9
FUN_006778-T1	sp|Q6XHB2|ROCO4_DICDI	24.627	268	161	12	895	1145	1049	1292	1.22e-14	76.6
FUN_006781-T1	sp|Q6XHB2|ROCO4_DICDI	29.193	161	94	8	6	153	1136	1289	1.65e-14	68.2
FUN_006790-T1	sp|Q6XHB2|ROCO4_DICDI	28.897	263	143	14	939	1182	1052	1289	7.36e-17	84.0
FUN_006886-T1	sp|Q6XHB2|ROCO4_DICDI	23.723	274	178	9	654	907	1030	1292	2.37e-13	72.0
FUN_006898-T1	sp|Q6XHB2|ROCO4_DICDI	27.803	223	140	8	7	214	1019	1235	5.30e-13	69.7
FUN_006924-T1	sp|Q6XHB2|ROCO4_DICDI	23.932	234	148	10	211	428	1075	1294	3.04e-08	53.5
FUN_006988-T1	sp|Q6XHB2|ROCO4_DICDI	23.000	300	182	11	11	287	1019	1292	1.04e-07	50.8
FUN_007024-T1	sp|Q52KK3|S2551_RAT	24.681	235	156	8	115	342	73	293	3.00e-08	52.0
FUN_007157-T1	sp|O43678|NDUA2_HUMAN	58.416	101	35	2	1	96	1	99	1.32e-38	122
FUN_007784-T1	sp|Q6XHB2|ROCO4_DICDI	28.436	211	130	7	20	215	1030	1234	1.54e-14	71.2
FUN_007823-T1	sp|Q6XHB2|ROCO4_DICDI	30.605	281	175	9	106	377	1025	1294	2.37e-29	124
FUN_007945-T1	sp|Q6XHB2|ROCO4_DICDI	30.216	278	169	10	16	284	1024	1285	4.30e-23	101
FUN_007946-T1	sp|Q6XHB2|ROCO4_DICDI	29.537	281	175	8	18	290	1026	1291	7.73e-23	100
FUN_007961-T1	sp|Q6XHB2|ROCO4_DICDI	23.661	224	147	8	9	221	1023	1233	3.28e-10	58.9
FUN_007994-T1	sp|Q6XHB2|ROCO4_DICDI	26.073	303	182	14	315	598	1003	1282	8.78e-20	91.7
FUN_007994-T2	sp|Q6XHB2|ROCO4_DICDI	26.073	303	182	15	352	635	1003	1282	1.11e-19	91.7
FUN_007995-T1	sp|Q6XHB2|ROCO4_DICDI	26.885	305	187	13	760	1049	1010	1293	1.93e-21	98.6
FUN_008020-T1	sp|Q6XHB2|ROCO4_DICDI	29.524	210	128	8	51	245	1030	1234	1.53e-15	79.0
FUN_008020-T2	sp|Q6XHB2|ROCO4_DICDI	29.524	210	128	8	67	261	1030	1234	1.17e-15	79.0
FUN_008084-T1	sp|Q9VAI1|CIA30_DROME	35.681	213	124	6	22	224	69	278	1.21e-34	123
FUN_008096-T1	sp|Q6XHB2|ROCO4_DICDI	30.159	126	82	4	161	284	259	380	8.12e-06	45.8
FUN_008099-T1	sp|Q6XHB2|ROCO4_DICDI	27.273	220	124	10	540	739	1032	1235	5.85e-11	63.9
FUN_008187-T1	sp|Q6XHB2|ROCO4_DICDI	24.058	345	217	14	335	655	956	1279	7.62e-10	60.1
FUN_008273-T1	sp|P29410|KAD2_RAT	28.333	120	62	4	358	477	16	111	1.82e-06	47.4
FUN_008273-T2	sp|P29410|KAD2_RAT	28.333	120	62	4	358	477	16	111	2.26e-06	46.6
FUN_008367-T1	sp|Q6XHB2|ROCO4_DICDI	25.836	538	327	22	395	893	258	762	5.08e-30	128
FUN_008370-T1	sp|Q16635|TAZ_HUMAN	47.234	235	102	5	266	480	24	256	1.47e-67	215
FUN_008390-T1	sp|Q9H1U9|S2551_HUMAN	23.810	189	121	6	79	262	72	242	1.39e-07	49.7
FUN_008450-T1	sp|Q6XHB2|ROCO4_DICDI	29.021	286	168	11	1516	1785	1025	1291	6.07e-23	104
FUN_008512-T1	sp|Q6XHB2|ROCO4_DICDI	28.704	216	128	8	13	215	1031	1233	1.32e-14	73.2
FUN_008515-T1	sp|Q5HZI9|S2551_MOUSE	24.645	211	136	8	45	243	73	272	2.36e-07	48.5
FUN_008516-T1	sp|P05631|ATPG_BOVIN	59.929	282	106	3	21	300	22	298	3.46e-123	352
FUN_008544-T1	sp|P09622|DLDH_HUMAN	27.902	491	318	13	108	587	43	508	1.47e-45	166
FUN_008713-T1	sp|Q6XHB2|ROCO4_DICDI	24.419	258	176	9	18	261	1027	1279	1.76e-17	81.3
FUN_008713-T2	sp|Q6XHB2|ROCO4_DICDI	24.419	258	176	9	45	288	1027	1279	4.29e-17	80.5
FUN_008716-T1	sp|Q52KK3|S2551_RAT	23.077	234	155	6	86	308	53	272	2.64e-07	48.9
FUN_008758-T1	sp|Q6XHB2|ROCO4_DICDI	25.110	227	125	11	415	624	1031	1229	4.91e-10	60.5
FUN_008758-T2	sp|Q6XHB2|ROCO4_DICDI	25.342	292	167	13	415	685	1031	1292	4.03e-16	80.1
FUN_008967-T1	sp|Q9UJZ1|STML2_HUMAN	27.407	135	97	1	68	201	48	182	2.83e-09	55.5
FUN_009006-T1	sp|Q6XHB2|ROCO4_DICDI	25.472	212	139	7	920	1120	1030	1233	3.29e-10	62.0
FUN_009006-T2	sp|Q6XHB2|ROCO4_DICDI	25.472	212	139	7	742	942	1030	1233	2.60e-10	62.4
FUN_009009-T1	sp|P43246|MSH2_HUMAN	27.840	801	448	24	564	1338	157	853	2.51e-62	228
FUN_009009-T2	sp|P43246|MSH2_HUMAN	25.874	286	153	9	564	837	157	395	1.73e-12	68.9
FUN_009308-T1	sp|Q91YT0|NDUV1_MOUSE	80.300	467	86	3	13	478	2	463	0.0	779
FUN_009308-T2	sp|P25708|NDUV1_BOVIN	85.833	240	34	0	18	257	36	275	2.02e-156	442
FUN_009685-T1	sp|Q6XHB2|ROCO4_DICDI	38.095	126	56	6	1013	1137	624	728	1.54e-09	60.1
FUN_009717-T1	sp|Q6XHB2|ROCO4_DICDI	36.364	121	57	5	586	706	617	717	3.87e-08	55.1
FUN_009728-T1	sp|Q6XHB2|ROCO4_DICDI	34.307	137	66	6	431	567	617	729	6.51e-10	60.5
FUN_009728-T2	sp|Q6XHB2|ROCO4_DICDI	34.307	137	66	6	555	691	617	729	1.11e-09	59.7
FUN_009740-T1	sp|Q6XHB2|ROCO4_DICDI	43.750	80	31	3	331	410	617	682	9.75e-10	58.2
FUN_009833-T1	sp|Q6XHB2|ROCO4_DICDI	29.386	228	142	10	38	250	1010	1233	8.74e-15	77.4
FUN_009833-T2	sp|Q6XHB2|ROCO4_DICDI	29.487	156	98	6	1	148	1082	1233	2.43e-10	62.8
FUN_009835-T1	sp|Q6XHB2|ROCO4_DICDI	32.692	208	122	9	56	250	1031	1233	1.66e-14	77.8
FUN_010512-T1	sp|A1Z9J4|DJ1A_DROME	54.808	104	47	0	7	110	32	135	8.02e-34	115
FUN_010515-T1	sp|A1Z9J4|DJ1A_DROME	46.429	84	42	3	69	150	130	212	2.36e-18	75.9
FUN_010585-T1	sp|Q6XHB2|ROCO4_DICDI	27.562	283	175	10	34	298	1024	1294	1.82e-21	93.6
FUN_010637-T1	sp|O43920|NDUS5_HUMAN	39.062	64	39	0	25	88	31	94	6.71e-11	52.0
FUN_010716-T1	sp|Q6XHB2|ROCO4_DICDI	26.885	305	178	11	219	491	994	1285	1.46e-19	90.1
FUN_010717-T1	sp|Q6XHB2|ROCO4_DICDI	28.986	276	156	11	253	501	1030	1292	1.72e-21	96.3
FUN_010719-T1	sp|P10606|COX5B_HUMAN	44.828	87	46	2	48	133	37	122	4.84e-19	75.5
FUN_010735-T1	sp|Q6XHB2|ROCO4_DICDI	26.937	271	171	12	247	498	1030	1292	7.14e-18	84.7
FUN_010814-T1	sp|Q6XHB2|ROCO4_DICDI	26.415	265	165	12	155	398	1024	1279	1.64e-11	64.3
FUN_010818-T1	sp|Q6XHB2|ROCO4_DICDI	25.632	277	176	12	144	399	1012	1279	1.35e-10	61.2
FUN_010986-T1	sp|Q6XHB2|ROCO4_DICDI	26.794	209	130	10	93	285	1032	1233	4.92e-11	62.4
FUN_011765-T1	sp|P43247|MSH2_MOUSE	59.529	934	366	6	1	928	1	928	0.0	1147
FUN_011863-T1	sp|Q24439|ATPO_DROME	45.146	206	110	1	20	225	4	206	9.64e-62	189
FUN_011900-T1	sp|Q6XHB2|ROCO4_DICDI	29.492	295	172	14	26	302	1017	1293	9.46e-22	93.2
FUN_011933-T1	sp|Q6XHB2|ROCO4_DICDI	26.630	552	315	19	915	1446	281	762	1.24e-38	157
FUN_011965-T1	sp|Q6XHB2|ROCO4_DICDI	24.906	265	162	10	420	652	1032	1291	1.36e-11	65.5
FUN_011965-T2	sp|Q6XHB2|ROCO4_DICDI	25.660	265	160	11	286	518	1032	1291	1.67e-11	64.7
FUN_011967-T1	sp|Q6XHB2|ROCO4_DICDI	25.379	264	162	9	391	623	1032	1291	1.87e-12	68.2
FUN_011970-T1	sp|Q6XHB2|ROCO4_DICDI	25.466	161	99	5	90	230	1132	1291	1.74e-09	55.5
FUN_011972-T1	sp|Q6XHB2|ROCO4_DICDI	24.164	269	163	9	693	927	1032	1293	2.30e-12	68.6
FUN_011973-T1	sp|Q6XHB2|ROCO4_DICDI	25.091	275	167	11	824	1065	1023	1291	5.28e-11	64.7
FUN_012041-T1	sp|P29410|KAD2_RAT	25.764	229	136	6	1105	1303	7	231	2.90e-14	71.6
FUN_012041-T2	sp|P29410|KAD2_RAT	25.764	229	136	6	1364	1562	7	231	3.12e-14	72.0
FUN_012144-T1	sp|Q6XHB2|ROCO4_DICDI	26.367	311	183	14	55	344	1008	1293	3.31e-16	77.4
FUN_012168-T1	sp|Q8WV93|AFG1L_HUMAN	50.172	291	135	4	48	338	74	354	4.65e-98	296
FUN_012168-T2	sp|Q8WV93|AFG1L_HUMAN	56.388	227	95	2	48	274	74	296	1.17e-88	269
FUN_012177-T1	sp|Q6XHB2|ROCO4_DICDI	26.389	288	182	11	42	306	1002	1282	3.59e-16	80.5
FUN_012276-T1	sp|P24887|NU1M_CAEEL	23.697	211	137	8	781	979	54	252	4.89e-06	47.4
FUN_012348-T1	sp|Q6XHB2|ROCO4_DICDI	32.877	292	172	9	7	282	1009	1292	9.94e-32	131
FUN_012467-T2	sp|Q6XHB2|ROCO4_DICDI	26.667	180	109	7	6	174	361	528	3.46e-06	45.1
FUN_012875-T1	sp|A1Z9J4|DJ1A_DROME	52.459	183	84	3	7	187	32	213	6.04e-61	186
FUN_012969-T1	sp|Q5HZI9|S2551_MOUSE	22.015	268	185	9	14	278	33	279	4.71e-09	53.9
FUN_012969-T2	sp|Q5HZI9|S2551_MOUSE	22.010	209	147	6	9	217	50	242	3.32e-08	50.8
FUN_013333-T1	sp|Q6XHB2|ROCO4_DICDI	32.692	156	88	6	284	426	1032	1183	1.68e-13	70.5
FUN_013337-T1	sp|Q6XHB2|ROCO4_DICDI	28.242	347	205	16	249	571	963	1289	4.21e-25	108
FUN_013340-T1	sp|Q6XHB2|ROCO4_DICDI	29.817	218	126	10	572	774	1032	1237	1.01e-17	85.9
FUN_013342-T1	sp|Q6XHB2|ROCO4_DICDI	28.669	293	167	14	562	834	1024	1294	1.52e-19	92.0
FUN_013344-T1	sp|Q6XHB2|ROCO4_DICDI	31.502	273	157	12	594	848	1032	1292	3.54e-28	120
FUN_013346-T1	sp|Q6XHB2|ROCO4_DICDI	28.716	296	169	15	553	828	1021	1294	5.37e-19	90.1
FUN_013346-T2	sp|Q6XHB2|ROCO4_DICDI	28.716	296	169	15	553	828	1021	1294	4.97e-19	90.1
FUN_013348-T1	sp|Q6XHB2|ROCO4_DICDI	30.204	245	128	15	13	235	1010	1233	1.79e-16	76.6
FUN_013350-T1	sp|Q6XHB2|ROCO4_DICDI	30.742	283	164	12	634	895	1021	1292	2.68e-25	110
FUN_013364-T1	sp|Q6XHB2|ROCO4_DICDI	24.648	142	94	5	10	143	372	508	1.17e-06	45.8
FUN_013555-T1	sp|P21912|SDHB_HUMAN	80.400	250	48	1	72	321	32	280	7.29e-159	442
FUN_014475-T1	sp|Q6XHB2|ROCO4_DICDI	25.346	217	140	7	14	218	1027	1233	2.87e-09	57.4
FUN_014559-T1	sp|O13085|COX6A_ONCMY	52.273	88	41	1	33	120	16	102	1.41e-31	105
FUN_014560-T1	sp|Q9VQ79|AIFM1_DROME	27.717	368	223	9	222	550	257	620	2.07e-34	136
FUN_014605-T1	sp|Q99JB2|STML2_MOUSE	25.000	180	119	3	46	225	78	241	7.75e-07	48.1
FUN_014610-T1	sp|C4QX80|PSD1_KOMPG	34.389	442	180	9	84	418	109	547	4.65e-72	233
FUN_014646-T1	sp|Q8WYQ3|CHC10_HUMAN	48.598	107	44	3	51	154	41	139	6.02e-26	93.6
FUN_014862-T1	sp|Q6XHB2|ROCO4_DICDI	28.646	192	114	10	10	184	1032	1217	1.01e-11	60.5
FUN_014886-T1	sp|Q6XHB2|ROCO4_DICDI	29.412	153	97	3	364	507	1032	1182	9.90e-16	78.2
FUN_014900-T1	sp|Q6XHB2|ROCO4_DICDI	21.645	231	151	8	22	237	1023	1238	2.39e-06	49.3
FUN_014932-T1	sp|Q6XHB2|ROCO4_DICDI	30.222	225	129	10	186	391	1021	1236	5.81e-16	79.7
FUN_014940-T1	sp|Q8WV93|AFG1L_HUMAN	35.253	434	255	9	39	461	60	478	1.70e-80	259
FUN_015063-T1	sp|P00130|QCR9_BOVIN	58.929	56	23	0	2	57	5	60	1.26e-22	79.3
FUN_015065-T1	sp|Q8K3J1|NDUS8_MOUSE	77.835	194	43	0	14	207	19	212	5.85e-116	326
FUN_015069-T1	sp|Q6XHB2|ROCO4_DICDI	30.909	165	100	7	238	395	1078	1235	2.46e-14	73.6
FUN_015238-T1	sp|Q6XHB2|ROCO4_DICDI	26.471	136	87	4	48	175	371	501	3.62e-06	45.4
FUN_015239-T1	sp|Q6XHB2|ROCO4_DICDI	28.571	140	79	5	53	180	371	501	9.42e-09	53.5
FUN_015245-T1	sp|Q6XHB2|ROCO4_DICDI	27.458	295	147	14	588	849	1032	1292	1.94e-18	88.2
FUN_015436-T1	sp|O75323|NIPS2_HUMAN	49.035	259	127	2	29	285	31	286	1.63e-92	273
FUN_015655-T1	sp|Q6XHB2|ROCO4_DICDI	26.531	245	149	10	493	722	1000	1228	1.95e-13	72.0
FUN_015998-T1	sp|Q6XHB2|ROCO4_DICDI	31.522	276	159	11	444	698	1024	1290	2.76e-26	114
FUN_016055-T1	sp|Q6XHB2|ROCO4_DICDI	29.630	270	165	11	7	263	1025	1282	1.73e-17	85.9
FUN_016091-T1	sp|Q6XHB2|ROCO4_DICDI	22.973	222	127	8	27	224	1032	1233	2.30e-07	50.1
FUN_016284-T1	sp|Q6XHB2|ROCO4_DICDI	26.502	283	180	12	411	678	1017	1286	1.51e-14	75.1
FUN_016368-T2	sp|Q6XHB2|ROCO4_DICDI	25.806	279	174	10	28	290	1022	1283	2.19e-11	66.2
FUN_016454-T1	sp|Q6XHB2|ROCO4_DICDI	29.327	208	121	12	148	337	1030	1229	5.97e-12	65.5
FUN_016490-T1	sp|Q6XHB2|ROCO4_DICDI	36.471	85	53	1	136	219	259	343	1.42e-07	52.0
FUN_016617-T1	sp|Q6XHB2|ROCO4_DICDI	26.996	263	159	10	496	750	1058	1295	8.56e-16	79.3
FUN_016671-T1	sp|Q9LSQ2|PP239_ARATH	25.180	139	104	0	157	295	476	614	1.77e-09	58.9
FUN_016671-T2	sp|Q9LSQ2|PP239_ARATH	27.128	188	95	5	556	701	466	653	4.94e-07	50.8
FUN_016779-T1	sp|Q6XHB2|ROCO4_DICDI	28.413	271	155	12	231	475	1022	1279	1.20e-15	77.8
FUN_016783-T1	sp|Q6XHB2|ROCO4_DICDI	27.687	307	171	8	77	367	1015	1286	3.76e-19	90.1
FUN_016783-T2	sp|Q6XHB2|ROCO4_DICDI	28.213	319	166	14	77	379	1015	1286	4.25e-17	83.6
FUN_016783-T3	sp|Q6XHB2|ROCO4_DICDI	31.818	220	110	10	13	225	1094	1280	4.09e-14	73.2
FUN_016788-T1	sp|Q6XHB2|ROCO4_DICDI	32.701	211	106	8	20	225	1101	1280	2.15e-15	77.4
FUN_016788-T2	sp|Q6XHB2|ROCO4_DICDI	32.701	211	106	8	20	225	1101	1280	2.44e-15	77.4
FUN_016791-T1	sp|Q6XHB2|ROCO4_DICDI	28.028	289	160	10	395	667	1030	1286	1.44e-16	82.8
FUN_016879-T1	sp|O47496|COX2_METSE	62.500	48	17	1	71	118	10	56	7.39e-13	60.5
FUN_016908-T1	sp|Q6XHB2|ROCO4_DICDI	25.267	281	170	15	634	894	1027	1287	1.25e-12	69.3
FUN_017762-T1	sp|Q6XHB2|ROCO4_DICDI	23.485	264	168	10	22	264	1030	1280	8.85e-12	66.6
FUN_017777-T1	sp|Q6XHB2|ROCO4_DICDI	22.778	180	125	4	22	189	371	548	1.01e-07	48.9
FUN_017883-T1	sp|Q6XHB2|ROCO4_DICDI	22.581	248	168	7	49	283	997	1233	1.20e-06	50.1
FUN_017897-T1	sp|Q6XHB2|ROCO4_DICDI	23.415	205	136	10	9	197	1031	1230	5.37e-06	45.8
FUN_017901-T1	sp|Q6XHB2|ROCO4_DICDI	32.377	244	138	9	109	335	1053	1286	3.73e-29	122
FUN_017901-T2	sp|Q6XHB2|ROCO4_DICDI	34.043	94	58	2	5	94	1193	1286	6.56e-12	65.5
FUN_018010-T1	sp|Q6XHB2|ROCO4_DICDI	25.118	211	135	9	2653	2846	1031	1235	2.05e-09	60.8
FUN_018234-T1	sp|Q6XHB2|ROCO4_DICDI	40.000	55	32	1	264	317	416	470	6.14e-07	49.7
FUN_018349-T1	sp|Q6XHB2|ROCO4_DICDI	22.259	301	133	11	657	912	416	660	7.20e-09	57.8
FUN_018361-T1	sp|Q6XHB2|ROCO4_DICDI	22.109	294	142	11	197	452	416	660	2.29e-10	62.0
FUN_018404-T1	sp|Q6XHB2|ROCO4_DICDI	29.478	268	151	7	195	456	255	490	5.38e-16	80.9
FUN_018624-T1	sp|Q6XHB2|ROCO4_DICDI	27.635	351	162	16	286	604	427	717	4.87e-17	83.6
FUN_018680-T1	sp|Q6XHB2|ROCO4_DICDI	26.630	368	160	18	210	544	427	717	1.14e-13	72.8
FUN_018699-T1	sp|Q6XHB2|ROCO4_DICDI	25.135	370	182	18	164	506	427	728	2.66e-12	68.2
FUN_018718-T1	sp|Q6XHB2|ROCO4_DICDI	25.857	321	140	15	227	515	427	681	1.63e-14	75.9
FUN_018736-T1	sp|Q6XHB2|ROCO4_DICDI	25.857	321	140	15	409	697	427	681	9.60e-15	76.6
FUN_018773-T1	sp|Q6XHB2|ROCO4_DICDI	27.103	321	136	15	453	742	427	680	8.60e-15	77.0
FUN_018773-T2	sp|Q6XHB2|ROCO4_DICDI	27.103	321	136	15	453	742	427	680	6.16e-15	77.0
FUN_018773-T3	sp|Q6XHB2|ROCO4_DICDI	27.103	321	136	15	397	686	427	680	5.01e-15	77.4
FUN_018798-T1	sp|Q6XHB2|ROCO4_DICDI	26.198	313	133	13	190	463	427	680	6.34e-15	77.4
FUN_018905-T1	sp|Q6XHB2|ROCO4_DICDI	38.017	121	51	6	400	518	619	717	2.12e-08	55.5
FUN_018908-T1	sp|Q6XHB2|ROCO4_DICDI	25.348	359	169	17	230	557	427	717	4.18e-14	73.9
FUN_018909-T1	sp|Q6XHB2|ROCO4_DICDI	25.348	359	166	19	216	540	427	717	6.43e-13	70.1
FUN_019134-T1	sp|Q6XHB2|ROCO4_DICDI	29.384	211	125	9	10688	10881	1030	1233	2.08e-11	69.7
FUN_019135-T1	sp|Q6XHB2|ROCO4_DICDI	23.585	212	134	10	33	225	1031	1233	9.54e-06	45.1
FUN_019138-T2	sp|Q6XHB2|ROCO4_DICDI	21.852	270	171	11	14	260	1028	1280	3.70e-06	45.8
FUN_019264-T1	sp|Q6XHB2|ROCO4_DICDI	28.994	169	85	9	4	162	1060	1203	3.12e-07	50.8
FUN_019274-T1	sp|Q6XHB2|ROCO4_DICDI	27.200	250	139	12	144	379	1021	1241	1.46e-14	74.7
FUN_019346-T1	sp|Q6XHB2|ROCO4_DICDI	26.277	274	172	11	73	326	1026	1289	1.25e-16	83.6
FUN_019347-T1	sp|Q6XHB2|ROCO4_DICDI	27.160	243	146	10	108	342	1021	1240	1.17e-14	73.2
FUN_019349-T1	sp|Q6XHB2|ROCO4_DICDI	27.551	294	173	13	526	805	1025	1292	7.04e-16	80.1
FUN_019354-T1	sp|Q6XHB2|ROCO4_DICDI	27.304	293	173	13	18	296	1026	1292	4.26e-15	73.9
FUN_019362-T1	sp|Q6XHB2|ROCO4_DICDI	31.250	144	69	7	1	134	1105	1228	1.30e-10	58.2
FUN_019367-T1	sp|Q6XHB2|ROCO4_DICDI	27.181	298	177	13	13	296	1021	1292	1.10e-16	79.0
FUN_019371-T1	sp|Q6XHB2|ROCO4_DICDI	30.047	213	115	10	58	257	1101	1292	4.62e-15	73.2
FUN_019381-T1	sp|Q6XHB2|ROCO4_DICDI	28.641	206	119	9	1	196	1105	1292	1.39e-15	73.2
FUN_019579-T1	sp|Q6XHB2|ROCO4_DICDI	29.605	152	75	8	15	156	1087	1216	4.70e-08	50.4
FUN_019620-T1	sp|Q6XHB2|ROCO4_DICDI	30.769	169	90	8	17	178	1089	1237	2.38e-13	65.9
FUN_019650-T1	sp|Q6XHB2|ROCO4_DICDI	30.097	206	116	9	1	196	1105	1292	4.14e-16	74.7
FUN_019693-T1	sp|Q6XHB2|ROCO4_DICDI	27.517	298	176	13	338	621	1021	1292	1.62e-19	90.9
FUN_019739-T1	sp|Q6XHB2|ROCO4_DICDI	27.119	295	181	12	24	307	1021	1292	7.54e-20	88.6
FUN_019875-T1	sp|Q6XHB2|ROCO4_DICDI	31.206	141	73	6	1	134	1105	1228	1.11e-10	55.8
FUN_020098-T1	sp|Q6XHB2|ROCO4_DICDI	22.086	326	186	13	11	317	1018	1294	5.08e-08	52.4
FUN_020615-T1	sp|Q6XHB2|ROCO4_DICDI	29.592	98	65	3	17	111	1196	1292	7.81e-08	48.1
FUN_020968-T1	sp|Q6XHB2|ROCO4_DICDI	26.780	295	182	12	37	320	1021	1292	1.61e-18	84.7
FUN_020992-T1	sp|Q6XHB2|ROCO4_DICDI	30.612	98	64	3	17	111	1196	1292	5.04e-08	48.5
FUN_022049-T1	sp|Q6XHB2|ROCO4_DICDI	28.512	242	149	9	466	692	1017	1249	1.69e-15	78.6
FUN_022106-T1	sp|Q6XHB2|ROCO4_DICDI	24.324	222	129	8	67	270	1033	1233	2.54e-08	53.5
FUN_022106-T2	sp|Q6XHB2|ROCO4_DICDI	24.201	219	133	8	60	263	1033	1233	2.49e-08	53.1
FUN_022249-T1	sp|Q6XHB2|ROCO4_DICDI	27.570	214	141	5	442	653	1032	1233	3.21e-13	70.9
FUN_022249-T2	sp|Q6XHB2|ROCO4_DICDI	27.014	211	140	5	442	650	1032	1230	8.02e-12	66.2
FUN_022251-T1	sp|Q6XHB2|ROCO4_DICDI	28.313	166	101	8	857	1008	1132	1293	6.33e-11	64.3
FUN_022251-T2	sp|Q6XHB2|ROCO4_DICDI	29.508	183	109	9	750	916	1115	1293	1.21e-12	69.7
FUN_022260-T1	sp|Q6XHB2|ROCO4_DICDI	30.208	96	54	3	17	100	370	464	4.13e-06	43.9
FUN_022282-T1	sp|Q6XHB2|ROCO4_DICDI	23.529	255	163	10	731	960	1032	1279	5.10e-10	61.6
FUN_022311-T1	sp|O43678|NDUA2_HUMAN	25.974	77	57	0	18	94	16	92	1.83e-07	44.3
FUN_022364-T1	sp|Q6XHB2|ROCO4_DICDI	27.365	296	173	14	320	600	1024	1292	2.23e-17	84.0
FUN_022364-T2	sp|Q6XHB2|ROCO4_DICDI	27.703	296	172	15	533	813	1024	1292	1.73e-17	85.1
FUN_022364-T3	sp|Q6XHB2|ROCO4_DICDI	27.703	296	172	15	533	813	1024	1292	2.17e-17	84.7
FUN_022426-T1	sp|O00483|NDUA4_HUMAN	50.649	77	36	2	2	77	5	80	2.50e-22	79.7
FUN_022427-T1	sp|O00483|NDUA4_HUMAN	40.789	76	43	2	2	76	5	79	4.11e-17	66.6
FUN_022527-T1	sp|Q6XHB2|ROCO4_DICDI	31.541	279	151	11	9	256	1024	1293	1.51e-32	134
FUN_022579-T1	sp|Q6XHB2|ROCO4_DICDI	24.561	285	186	12	222	486	1011	1286	2.13e-07	51.2
FUN_022587-T1	sp|Q6XHB2|ROCO4_DICDI	24.555	281	183	12	225	485	1015	1286	1.48e-07	51.6
FUN_022599-T1	sp|Q9H1U9|S2551_HUMAN	23.734	316	205	9	327	627	2	296	4.59e-09	55.8
FUN_022649-T1	sp|Q6XHB2|ROCO4_DICDI	27.682	289	186	11	318	596	1017	1292	3.92e-19	90.9
FUN_022671-T1	sp|Q6XHB2|ROCO4_DICDI	27.230	213	136	8	3	202	1027	1233	5.78e-14	68.6
FUN_022671-T2	sp|Q6XHB2|ROCO4_DICDI	27.094	203	129	8	3	192	1027	1223	4.18e-13	64.7
FUN_022677-T1	sp|Q5HZI9|S2551_MOUSE	24.255	235	166	6	64	295	55	280	3.07e-10	57.8
FUN_022702-T1	sp|Q6XHB2|ROCO4_DICDI	27.907	215	123	9	574	773	1031	1228	4.16e-06	48.5
FUN_022775-T1	sp|Q9H1U9|S2551_HUMAN	24.554	224	155	6	43	266	32	241	7.15e-09	53.5
FUN_022838-T1	sp|Q0MQ86|NDUAC_GORGO	34.091	88	47	2	4	80	20	107	8.99e-08	46.6
FUN_022850-T1	sp|Q6XHB2|ROCO4_DICDI	26.230	183	112	8	409	577	1119	1292	5.40e-13	69.7
FUN_022940-T1	sp|Q6XHB2|ROCO4_DICDI	26.054	261	165	12	27	270	1030	1279	1.76e-09	57.4
FUN_022950-T1	sp|Q6XHB2|ROCO4_DICDI	24.830	294	181	12	107	371	1003	1285	6.63e-08	52.0
FUN_023000-T1	sp|Q6XHB2|ROCO4_DICDI	26.736	288	165	13	494	762	1032	1292	8.71e-16	80.1
FUN_023005-T1	sp|Q6XHB2|ROCO4_DICDI	37.363	91	57	0	56	146	267	357	1.58e-09	57.8
FUN_023064-T1	sp|Q6XHB2|ROCO4_DICDI	25.373	134	88	6	276	400	1103	1233	3.68e-07	50.8
FUN_023159-T1	sp|Q6XHB2|ROCO4_DICDI	29.897	97	55	3	17	101	370	465	3.86e-07	46.6
FUN_023497-T1	sp|Q52KK3|S2551_RAT	28.485	165	98	6	161	323	31	177	6.88e-07	47.8
FUN_023558-T1	sp|P29419|ATP5I_RAT	46.269	67	34	1	2	66	4	70	1.18e-11	51.6
FUN_023698-T1	sp|Q6XHB2|ROCO4_DICDI	26.718	131	82	6	18	139	372	497	3.52e-07	47.8
FUN_023961-T1	sp|Q6XHB2|ROCO4_DICDI	29.268	287	158	13	546	811	1030	1292	2.88e-22	100
FUN_023983-T1	sp|Q6XHB2|ROCO4_DICDI	23.549	293	169	14	10	284	1032	1287	5.20e-10	60.5
FUN_023983-T2	sp|Q6XHB2|ROCO4_DICDI	23.549	293	169	14	10	284	1032	1287	2.48e-10	61.2
FUN_024001-T1	sp|Q6XHB2|ROCO4_DICDI	27.273	286	174	11	410	675	1021	1292	7.66e-22	99.0
FUN_024136-T1	sp|Q6XHB2|ROCO4_DICDI	28.910	211	126	9	19	213	1032	1234	1.83e-14	75.5
FUN_024136-T2	sp|Q6XHB2|ROCO4_DICDI	28.910	211	126	9	19	213	1032	1234	1.04e-14	75.9
FUN_024524-T1	sp|Q6XHB2|ROCO4_DICDI	29.927	274	149	15	8	254	1030	1287	1.43e-15	79.7
FUN_024682-T1	sp|Q6XHB2|ROCO4_DICDI	22.549	204	140	7	4	197	359	554	6.07e-07	47.0
FUN_024763-T1	sp|Q52KK3|S2551_RAT	22.034	236	162	6	80	308	73	293	1.38e-06	46.6
FUN_025109-T1	sp|Q9CPP6|NDUA5_MOUSE	52.632	114	54	0	3	116	2	115	7.89e-37	119
FUN_025220-T1	sp|Q6XHB2|ROCO4_DICDI	26.959	319	144	11	1516	1809	427	681	2.33e-15	80.1
FUN_025224-T1	sp|Q6XHB2|ROCO4_DICDI	27.044	318	143	12	849	1141	427	680	4.05e-17	85.1
FUN_025225-T1	sp|Q6XHB2|ROCO4_DICDI	27.673	318	141	13	849	1141	427	680	1.49e-17	86.7
FUN_025464-T1	sp|Q6XHB2|ROCO4_DICDI	28.409	264	152	7	435	692	258	490	1.18e-18	90.1
FUN_025465-T1	sp|Q6XHB2|ROCO4_DICDI	32.222	270	155	10	1	254	1032	1289	1.13e-28	112
FUN_025595-T1	sp|Q6XHB2|ROCO4_DICDI	29.333	300	166	12	126	399	1014	1293	4.81e-23	103
FUN_025610-T1	sp|Q6XHB2|ROCO4_DICDI	27.696	408	234	19	427	798	907	1289	4.69e-25	109
FUN_025782-T1	sp|P21537|ATP9_SCHPO	67.143	70	23	0	99	168	4	73	4.97e-28	97.4
FUN_025840-T1	sp|Q25117|ATPB_HEMPU	80.488	533	80	4	8	540	14	522	0.0	860
FUN_025976-T1	sp|Q6XHB2|ROCO4_DICDI	25.159	314	169	16	202	496	1026	1292	1.03e-11	65.5
FUN_025977-T1	sp|Q6XHB2|ROCO4_DICDI	25.359	209	138	6	8	203	1030	1233	4.40e-11	60.8
FUN_025988-T1	sp|Q6XHB2|ROCO4_DICDI	24.590	244	139	12	218	442	1019	1236	2.12e-10	60.8
FUN_026015-T1	sp|Q52KK3|S2551_RAT	24.481	241	164	7	48	283	52	279	4.75e-14	68.6
FUN_026038-T1	sp|Q9D9H8|CB069_MOUSE	40.550	291	126	5	31	278	79	365	2.36e-72	224
FUN_026104-T1	sp|P15690|NDUS1_BOVIN	69.928	695	204	2	31	724	24	714	0.0	1036
FUN_026148-T1	sp|Q6XHB2|ROCO4_DICDI	24.779	226	136	13	4	213	1027	1234	6.18e-08	50.1
FUN_026297-T1	sp|Q6XHB2|ROCO4_DICDI	28.111	217	122	9	71	265	1029	1233	3.28e-14	73.9
FUN_026297-T3	sp|Q6XHB2|ROCO4_DICDI	28.111	217	122	9	54	248	1029	1233	3.14e-14	73.9
FUN_026297-T4	sp|Q6XHB2|ROCO4_DICDI	28.111	217	122	9	39	233	1029	1233	3.02e-14	73.9
FUN_026299-T1	sp|Q5HZI9|S2551_MOUSE	26.050	238	158	6	31	268	22	241	2.89e-10	57.8
FUN_026389-T1	sp|Q54UT2|DGK_DICDI	46.544	217	115	1	32	248	3	218	3.47e-68	212
FUN_026430-T1	sp|Q6XHB2|ROCO4_DICDI	29.353	201	114	9	1	191	1105	1287	6.36e-15	71.2
FUN_026439-T1	sp|Q6XHB2|ROCO4_DICDI	28.261	230	129	10	30	248	1024	1228	2.38e-14	70.1
FUN_026439-T3	sp|Q6XHB2|ROCO4_DICDI	27.740	292	177	12	30	310	1024	1292	4.91e-19	86.3
FUN_026457-T1	sp|Q6XHB2|ROCO4_DICDI	27.027	222	126	10	31	241	1025	1221	1.05e-10	58.9
FUN_026497-T1	sp|Q6XHB2|ROCO4_DICDI	23.897	272	169	8	123	364	1031	1294	1.63e-13	69.7
FUN_026515-T1	sp|Q6XHB2|ROCO4_DICDI	27.706	231	132	11	123	331	1017	1234	2.48e-13	69.7
FUN_026526-T1	sp|Q6XHB2|ROCO4_DICDI	28.372	215	126	10	162	354	1026	1234	8.35e-14	71.6
FUN_026617-T1	sp|Q6XHB2|ROCO4_DICDI	24.399	291	176	10	14	288	1025	1287	2.02e-14	73.6
FUN_026686-T1	sp|Q6XHB2|ROCO4_DICDI	25.556	270	168	9	8	255	1030	1288	9.97e-15	75.9
FUN_026822-T1	sp|Q6XHB2|ROCO4_DICDI	27.805	205	133	9	133	329	1004	1201	2.38e-06	47.0
FUN_026824-T1	sp|Q6XHB2|ROCO4_DICDI	24.399	291	195	12	42	314	1004	1287	4.18e-07	48.9
FUN_026894-T1	sp|Q6XHB2|ROCO4_DICDI	27.778	198	128	9	169	358	1011	1201	6.27e-06	46.2
FUN_026911-T1	sp|Q6XHB2|ROCO4_DICDI	24.296	284	190	12	64	329	1011	1287	2.66e-08	52.8
FUN_026928-T1	sp|Q6XHB2|ROCO4_DICDI	27.686	242	143	11	181	396	1026	1261	4.40e-13	69.3
FUN_026951-T1	sp|Q6XHB2|ROCO4_DICDI	35.354	99	54	4	165	254	1135	1232	1.05e-09	56.6
FUN_027067-T1	sp|Q9H1U9|S2551_HUMAN	25.514	243	156	8	87	319	64	291	7.56e-10	56.6
FUN_027276-T1	sp|Q6XHB2|ROCO4_DICDI	27.090	299	168	18	356	634	1024	1292	7.27e-16	79.3
FUN_027504-T1	sp|Q6XHB2|ROCO4_DICDI	26.697	221	117	12	699	903	1024	1215	8.56e-09	57.0
FUN_027530-T1	sp|Q6XHB2|ROCO4_DICDI	26.667	90	59	2	14	96	1018	1107	2.29e-07	46.6
FUN_027534-T1	sp|Q6XHB2|ROCO4_DICDI	29.268	82	54	3	12	90	1214	1294	6.86e-07	43.9
FUN_027783-T1	sp|Q6XHB2|ROCO4_DICDI	30.093	216	106	14	75	274	1029	1215	1.21e-10	59.3
FUN_027789-T1	sp|Q6XHB2|ROCO4_DICDI	29.630	297	158	16	104	380	1029	1294	3.78e-20	90.5
FUN_027797-T1	sp|Q6XHB2|ROCO4_DICDI	30.568	229	114	13	39	251	1029	1228	1.14e-15	75.1
FUN_027802-T1	sp|Q6XHB2|ROCO4_DICDI	26.645	304	174	15	62	346	1021	1294	1.48e-18	85.1
FUN_027815-T1	sp|Q6XHB2|ROCO4_DICDI	24.549	277	153	12	26	274	1032	1280	4.59e-12	67.8
FUN_027961-T1	sp|P09622|DLDH_HUMAN	29.412	476	312	11	3	465	30	494	2.03e-51	179
FUN_028041-T1	sp|P70097|C560_CRIGR	45.223	157	83	1	26	179	11	167	2.07e-42	137
FUN_028149-T1	sp|Q641Y2|NDUS2_RAT	81.340	418	71	2	55	466	47	463	0.0	726
FUN_028149-T2	sp|Q641Y2|NDUS2_RAT	77.686	242	47	2	56	291	48	288	3.72e-139	399
FUN_028149-T3	sp|Q641Y2|NDUS2_RAT	79.027	329	62	2	56	378	48	375	0.0	558
FUN_028262-T1	sp|Q6XHB2|ROCO4_DICDI	25.000	220	138	12	9	212	1027	1235	5.14e-10	59.3
FUN_028284-T1	sp|Q6XHB2|ROCO4_DICDI	26.536	358	204	19	558	887	968	1294	5.77e-20	93.6
FUN_028286-T1	sp|Q6XHB2|ROCO4_DICDI	26.360	239	130	12	439	655	968	1182	7.49e-10	59.7
FUN_028286-T2	sp|Q6XHB2|ROCO4_DICDI	28.931	159	89	8	439	582	968	1117	1.69e-06	48.9
FUN_028312-T1	sp|Q6XHB2|ROCO4_DICDI	29.693	293	165	14	645	919	1026	1295	1.09e-20	95.9
FUN_028315-T1	sp|Q6XHB2|ROCO4_DICDI	29.819	332	172	19	205	517	994	1283	9.88e-20	90.9
FUN_028316-T1	sp|Q6XHB2|ROCO4_DICDI	26.027	292	174	13	507	779	1025	1293	8.36e-17	82.8
FUN_028317-T1	sp|Q6XHB2|ROCO4_DICDI	29.252	294	163	14	58	334	1029	1294	1.27e-20	91.3
FUN_028327-T1	sp|Q6XHB2|ROCO4_DICDI	26.316	152	94	8	76	216	1150	1294	3.27e-08	51.2
FUN_028351-T1	sp|Q6XHB2|ROCO4_DICDI	27.632	304	171	15	22	306	1021	1294	6.28e-22	94.4
FUN_028354-T1	sp|Q6XHB2|ROCO4_DICDI	26.687	326	185	17	528	831	1001	1294	1.09e-17	85.9
FUN_028355-T1	sp|Q6XHB2|ROCO4_DICDI	27.632	304	171	14	533	817	1021	1294	5.51e-21	96.7
FUN_028360-T1	sp|Q6XHB2|ROCO4_DICDI	27.019	322	185	15	4	305	1003	1294	6.97e-21	91.3
FUN_028362-T1	sp|Q6XHB2|ROCO4_DICDI	28.000	325	182	16	3	306	1001	1294	5.17e-21	91.7
FUN_028362-T2	sp|Q6XHB2|ROCO4_DICDI	28.000	325	182	16	35	338	1001	1294	6.12e-21	92.0
FUN_028366-T1	sp|Q6XHB2|ROCO4_DICDI	28.261	184	96	8	590	762	1024	1182	1.01e-09	59.7
FUN_028369-T1	sp|Q6XHB2|ROCO4_DICDI	26.910	301	171	15	446	727	1024	1294	1.87e-18	88.2
FUN_028377-T1	sp|Q6XHB2|ROCO4_DICDI	27.149	221	116	12	208	412	1024	1215	6.93e-10	58.5
FUN_028380-T1	sp|Q6XHB2|ROCO4_DICDI	34.694	98	50	4	40	131	1024	1113	3.16e-07	47.4
FUN_028388-T1	sp|Q6XHB2|ROCO4_DICDI	32.673	101	54	5	94	188	1021	1113	7.55e-06	44.3
FUN_028391-T1	sp|Q6XHB2|ROCO4_DICDI	27.243	301	170	15	66	347	1024	1294	6.50e-19	86.3
FUN_028413-T1	sp|Q6XHB2|ROCO4_DICDI	26.974	304	173	14	223	507	1021	1294	2.39e-19	89.7
FUN_028451-T1	sp|Q6XHB2|ROCO4_DICDI	27.815	302	169	13	473	755	1021	1292	9.06e-17	82.8
FUN_028451-T2	sp|Q6XHB2|ROCO4_DICDI	27.815	302	169	13	473	755	1021	1292	8.16e-17	82.8
FUN_028452-T1	sp|Q6XHB2|ROCO4_DICDI	28.819	288	159	15	191	461	1024	1282	8.27e-21	93.6
FUN_028454-T1	sp|Q6XHB2|ROCO4_DICDI	30.282	142	84	7	9	141	1150	1285	3.93e-13	65.1
FUN_028457-T1	sp|Q6XHB2|ROCO4_DICDI	30.000	160	95	8	49	197	1130	1283	2.40e-14	69.3
FUN_028461-T1	sp|Q6XHB2|ROCO4_DICDI	28.641	206	115	11	27	221	1101	1285	2.08e-14	70.9
FUN_028538-T1	sp|Q6XHB2|ROCO4_DICDI	27.181	298	177	13	25	308	1021	1292	1.24e-17	82.4
FUN_028548-T1	sp|Q68FY0|QCR1_RAT	24.737	190	132	3	117	303	75	256	3.37e-07	51.2
FUN_028773-T1	sp|Q6XHB2|ROCO4_DICDI	27.119	295	181	12	37	320	1021	1292	3.10e-19	87.0
FUN_028956-T1	sp|Q6XHB2|ROCO4_DICDI	26.667	135	89	6	15	143	372	502	5.16e-08	50.1
FUN_028968-T1	sp|Q0MQ86|NDUAC_GORGO	52.174	138	60	3	4	135	3	140	3.39e-40	129
FUN_029108-T1	sp|P31930|QCR1_HUMAN	56.405	484	203	3	2	483	3	480	0.0	577
FUN_029108-T2	sp|P31930|QCR1_HUMAN	54.279	409	179	3	2	408	3	405	5.80e-162	462
FUN_029171-T1	sp|Q6XHB2|ROCO4_DICDI	26.432	227	144	8	16	233	1031	1243	1.50e-12	68.9
FUN_029288-T1	sp|P43247|MSH2_MOUSE	34.493	345	220	3	67	405	513	857	4.44e-59	207
FUN_029291-T1	sp|Q6XHB2|ROCO4_DICDI	29.693	293	151	15	1249	1516	1030	1292	1.46e-19	93.2
FUN_029338-T1	sp|Q6XHB2|ROCO4_DICDI	28.767	292	163	15	555	826	1025	1291	1.72e-20	94.7
FUN_029339-T1	sp|Q6XHB2|ROCO4_DICDI	26.510	298	181	13	511	793	1019	1293	9.83e-19	89.0
FUN_029340-T1	sp|Q6XHB2|ROCO4_DICDI	22.093	258	149	8	31	269	1021	1245	9.12e-11	64.3
FUN_029357-T1	sp|P29410|KAD2_RAT	39.450	218	125	3	6	216	16	233	1.98e-55	174
FUN_029412-T1	sp|Q6XHB2|ROCO4_DICDI	29.060	117	64	5	207	315	1135	1240	1.07e-08	54.3
FUN_029418-T1	sp|Q9D3D9|ATPD_MOUSE	50.909	165	66	3	11	163	6	167	4.03e-46	146
FUN_029509-T1	sp|Q6XHB2|ROCO4_DICDI	34.211	114	55	5	1001	1114	624	717	2.28e-07	53.1
FUN_029511-T1	sp|Q6XHB2|ROCO4_DICDI	30.476	105	32	3	1259	1363	427	490	3.28e-06	49.7
FUN_029514-T1	sp|Q6XHB2|ROCO4_DICDI	35.088	114	54	5	1161	1274	624	717	2.35e-07	53.1
FUN_029516-T1	sp|Q6XHB2|ROCO4_DICDI	40.278	72	29	3	1561	1632	624	681	4.54e-07	52.8
FUN_029534-T1	sp|Q6XHB2|ROCO4_DICDI	36.364	99	61	2	471	569	258	354	3.46e-08	54.3
FUN_029891-T1	sp|Q6XHB2|ROCO4_DICDI	23.125	320	199	13	506	810	1008	1295	2.80e-15	77.8
FUN_029891-T2	sp|Q6XHB2|ROCO4_DICDI	23.125	320	199	13	505	809	1008	1295	3.49e-15	77.4
FUN_030041-T1	sp|Q6XHB2|ROCO4_DICDI	27.215	158	60	6	446	603	388	490	7.67e-08	54.3
FUN_030042-T1	sp|Q6XHB2|ROCO4_DICDI	40.278	72	29	3	813	884	624	681	8.21e-07	51.2
FUN_030670-T1	sp|Q2M2S5|COA6_BOVIN	39.726	73	44	0	1	73	1	73	8.78e-18	68.2
FUN_031062-T1	sp|Q6XHB2|ROCO4_DICDI	27.000	200	119	10	54	236	355	544	1.92e-08	52.0
FUN_031065-T1	sp|Q6XHB2|ROCO4_DICDI	26.842	190	115	9	8	180	355	537	3.87e-09	52.8
FUN_031481-T1	sp|Q6XHB2|ROCO4_DICDI	30.723	166	94	9	81	232	1025	1183	1.70e-06	46.2
FUN_031485-T1	sp|Q6XHB2|ROCO4_DICDI	31.677	161	89	9	497	643	1030	1183	2.21e-06	48.5
FUN_031523-T1	sp|Q59RK9|PMIP_CANAL	32.334	767	419	19	1	679	7	761	4.62e-114	359
FUN_031526-T1	sp|Q6XHB2|ROCO4_DICDI	27.148	291	166	13	15	286	1026	1289	2.50e-18	85.9
FUN_031527-T1	sp|Q6XHB2|ROCO4_DICDI	26.144	306	159	13	4	276	1020	1291	1.91e-17	84.0
FUN_031528-T1	sp|Q6XHB2|ROCO4_DICDI	31.419	296	165	12	9	292	1025	1294	7.20e-25	104
FUN_031528-T2	sp|Q6XHB2|ROCO4_DICDI	30.717	293	171	10	9	292	1025	1294	9.02e-25	107
FUN_031529-T1	sp|Q6XHB2|ROCO4_DICDI	26.014	296	172	15	8	281	1024	1294	3.48e-15	76.6
FUN_031637-T1	sp|Q52KK3|S2551_RAT	22.368	228	154	8	5	224	34	246	1.53e-11	61.2
FUN_031690-T1	sp|Q6XHB2|ROCO4_DICDI	25.097	259	134	12	26	273	1018	1227	2.85e-10	62.8
FUN_031754-T1	sp|Q6XHB2|ROCO4_DICDI	27.758	281	158	12	547	803	1030	1289	2.92e-19	91.7
FUN_031789-T1	sp|O14548|CO72L_HUMAN	32.710	107	67	2	1	102	1	107	8.65e-13	57.8
FUN_031896-T1	sp|Q5HZI9|S2551_MOUSE	23.256	129	90	2	5	133	32	151	1.03e-06	44.7
FUN_031896-T2	sp|Q5HZI9|S2551_MOUSE	22.807	228	160	5	5	232	32	243	1.94e-12	63.9
FUN_031900-T1	sp|Q6XHB2|ROCO4_DICDI	25.806	217	142	7	19	222	1023	1233	4.22e-11	61.2
FUN_031973-T1	sp|Q6XHB2|ROCO4_DICDI	28.221	163	99	8	1094	1244	1136	1292	1.38e-10	63.5
FUN_031973-T2	sp|Q6XHB2|ROCO4_DICDI	28.221	163	99	8	704	854	1136	1292	9.38e-11	63.5
FUN_032225-T1	sp|Q5HZI9|S2551_MOUSE	51.128	266	129	1	23	288	30	294	2.61e-97	286
FUN_032241-T1	sp|Q6P6R2|DLDH_RAT	28.119	505	324	13	6	499	16	492	1.17e-41	154
FUN_032245-T1	sp|Q6XHB2|ROCO4_DICDI	24.066	241	147	11	28	254	1015	1233	1.22e-06	48.1
FUN_032249-T1	sp|Q6XHB2|ROCO4_DICDI	33.333	87	57	1	62	147	258	344	2.24e-06	49.7
FUN_032277-T1	sp|P00129|QCR7_BOVIN	52.128	94	44	1	21	114	16	108	2.06e-27	95.1
FUN_032319-T1	sp|Q6XHB2|ROCO4_DICDI	41.667	108	47	6	233	333	1026	1124	4.17e-09	55.5
FUN_032320-T1	sp|Q6XHB2|ROCO4_DICDI	29.167	168	101	8	237	392	1130	1291	3.06e-14	73.2
FUN_032322-T1	sp|Q6XHB2|ROCO4_DICDI	30.068	296	160	12	320	596	1024	1291	2.64e-25	109
FUN_032389-T1	sp|Q52KK3|S2551_RAT	25.839	298	183	13	40	333	30	293	8.08e-10	56.6
FUN_032429-T1	sp|Q5HZI9|S2551_MOUSE	21.951	246	161	6	3	248	29	243	1.31e-08	52.4
FUN_032460-T1	sp|P29410|KAD2_RAT	72.222	216	60	0	41	256	15	230	5.53e-119	337
FUN_032493-T1	sp|Q08807|ATPB_GALSU	23.418	158	94	3	6	139	147	301	5.45e-06	48.1
FUN_032533-T1	sp|O43090|NDH2_SCHPO	34.664	476	250	14	31	451	77	546	3.31e-84	266
FUN_032610-T1	sp|Q6XHB2|ROCO4_DICDI	25.912	274	157	12	28	271	1030	1287	5.39e-13	68.9
FUN_032630-T1	sp|Q6XHB2|ROCO4_DICDI	27.371	369	155	15	690	1023	427	717	8.08e-18	87.4
FUN_032701-T1	sp|Q7ZVF3|SDHA_DANRE	74.471	662	168	1	2	663	1	661	0.0	1021
FUN_032963-T1	sp|Q5HZI9|S2551_MOUSE	23.232	297	192	12	12	301	31	298	8.18e-07	47.0
FUN_033298-T1	sp|Q6XHB2|ROCO4_DICDI	25.329	304	149	11	354	628	427	681	5.28e-14	73.9
FUN_033510-T1	sp|Q6XHB2|ROCO4_DICDI	26.780	295	174	13	518	794	1016	1286	8.33e-21	95.9
FUN_033510-T2	sp|Q6XHB2|ROCO4_DICDI	26.780	295	174	13	303	579	1016	1286	8.76e-21	95.1
FUN_033510-T3	sp|Q6XHB2|ROCO4_DICDI	26.457	223	126	10	518	725	1016	1215	1.93e-10	62.0
FUN_033668-T1	sp|Q9H1U9|S2551_HUMAN	32.283	127	82	4	55	178	124	249	2.32e-06	45.1
FUN_033673-T1	sp|O80800|ACPM2_ARATH	49.020	102	50	1	45	144	18	119	5.18e-26	93.2
FUN_033788-T1	sp|P54275|MSH2_RAT	38.220	191	110	2	129	318	668	851	3.18e-36	137
FUN_033788-T2	sp|P43246|MSH2_HUMAN	46.154	130	69	1	129	257	668	797	2.78e-30	117
FUN_033788-T3	sp|P43246|MSH2_HUMAN	46.154	130	69	1	129	257	668	797	3.26e-30	118
FUN_034113-T1	sp|Q178L7|SDHF2_AEDAE	58.621	116	48	0	35	150	45	160	2.77e-45	143
FUN_034229-T1	sp|Q6XHB2|ROCO4_DICDI	25.391	256	168	10	15	252	1029	1279	3.69e-13	70.5
FUN_034229-T2	sp|Q6XHB2|ROCO4_DICDI	29.771	131	79	5	32	152	1152	1279	3.68e-06	47.0
FUN_034245-T1	sp|Q6XHB2|ROCO4_DICDI	26.481	287	162	14	392	656	1030	1289	3.52e-14	73.9
FUN_034253-T1	sp|Q6XHB2|ROCO4_DICDI	29.153	295	171	13	475	754	1023	1294	8.45e-19	89.4
FUN_034253-T3	sp|Q6XHB2|ROCO4_DICDI	29.386	228	126	10	475	689	1023	1228	7.80e-12	66.2
FUN_034360-T1	sp|Q6XHB2|ROCO4_DICDI	26.953	256	160	12	17	255	1025	1270	2.26e-16	77.0
FUN_034715-T1	sp|P31399|ATP5H_RAT	34.028	144	95	0	1	144	1	144	1.85e-28	100
FUN_034819-T1	sp|Q16854|DGUOK_HUMAN	31.651	218	122	5	61	251	41	258	1.91e-38	133
FUN_034820-T1	sp|Q16854|DGUOK_HUMAN	40.171	117	50	3	51	147	41	157	1.98e-20	82.4
FUN_034820-T2	sp|Q16854|DGUOK_HUMAN	37.500	136	65	3	51	166	41	176	3.39e-23	90.9
FUN_034854-T1	sp|P08574|CY1_HUMAN	68.927	177	55	0	62	238	82	258	4.75e-93	274
FUN_034940-T1	sp|Q9Y6M9|NDUB9_HUMAN	47.368	95	48	1	1	95	1	93	2.10e-26	94.7
FUN_034941-T1	sp|Q6XHB2|ROCO4_DICDI	31.373	102	69	1	133	233	260	361	3.64e-07	49.3
FUN_034972-T1	sp|Q6XHB2|ROCO4_DICDI	28.302	265	155	11	123	362	1025	1279	7.54e-22	95.5
FUN_035096-T1	sp|Q6XHB2|ROCO4_DICDI	25.379	264	162	9	270	502	1030	1289	6.06e-16	78.6
FUN_035101-T1	sp|Q6XHB2|ROCO4_DICDI	25.564	266	163	10	580	814	1032	1293	1.96e-15	78.6
FUN_035101-T2	sp|Q6XHB2|ROCO4_DICDI	25.564	266	163	10	459	693	1032	1293	7.51e-16	79.3
FUN_035101-T3	sp|Q6XHB2|ROCO4_DICDI	25.564	266	163	10	580	814	1032	1293	1.96e-15	78.6
FUN_035103-T1	sp|Q6XHB2|ROCO4_DICDI	24.664	223	139	9	775	973	1075	1292	2.06e-12	68.9
FUN_035104-T1	sp|Q6XHB2|ROCO4_DICDI	25.758	264	161	9	846	1078	1030	1289	8.24e-16	80.1
FUN_035107-T1	sp|Q6XHB2|ROCO4_DICDI	25.824	182	118	7	698	866	1030	1207	2.70e-07	52.0
FUN_035109-T1	sp|Q6XHB2|ROCO4_DICDI	24.904	261	162	9	252	481	1032	1289	7.79e-14	72.0
FUN_035113-T1	sp|Q6XHB2|ROCO4_DICDI	25.000	264	163	9	785	1017	1030	1289	3.06e-13	71.6
FUN_035114-T1	sp|Q6XHB2|ROCO4_DICDI	23.664	262	165	9	776	1006	1032	1289	1.89e-13	72.4
FUN_035114-T2	sp|Q6XHB2|ROCO4_DICDI	24.719	178	117	7	804	968	1032	1205	3.10e-06	48.5
FUN_035115-T1	sp|Q6XHB2|ROCO4_DICDI	25.651	269	165	10	847	1084	1029	1293	4.97e-16	80.9
FUN_035117-T1	sp|Q6XHB2|ROCO4_DICDI	24.215	223	140	9	307	505	1075	1292	1.36e-12	67.8
FUN_035117-T3	sp|Q6XHB2|ROCO4_DICDI	24.215	223	140	9	444	642	1075	1292	2.74e-12	67.8
FUN_035119-T1	sp|Q6XHB2|ROCO4_DICDI	24.151	265	166	9	236	469	1029	1289	1.96e-13	70.5
FUN_035121-T1	sp|Q6XHB2|ROCO4_DICDI	25.090	279	169	12	268	513	1021	1292	2.90e-15	76.6
FUN_035121-T2	sp|Q6XHB2|ROCO4_DICDI	24.880	209	136	9	268	460	1021	1224	8.67e-09	55.5
FUN_035122-T1	sp|Q6XHB2|ROCO4_DICDI	25.758	264	162	7	453	685	1025	1285	5.87e-14	73.2
FUN_035122-T2	sp|Q6XHB2|ROCO4_DICDI	27.419	186	119	5	321	493	1025	1207	2.47e-09	57.4
FUN_035222-T1	sp|Q6XHB2|ROCO4_DICDI	24.887	221	143	9	59	262	1019	1233	2.92e-11	63.9
FUN_035238-T1	sp|Q0MQI8|NDUV2_GORGO	76.415	212	50	0	45	256	38	249	1.85e-125	354
FUN_035263-T1	sp|P80971|COX42_THUOB	41.379	116	62	3	32	143	53	166	1.46e-21	82.8
FUN_035626-T1	sp|P52504|NDUS6_RAT	60.000	100	37	2	17	115	14	111	5.15e-39	124
FUN_035648-T1	sp|Q6XHB2|ROCO4_DICDI	22.785	237	131	8	42	256	1021	1227	5.80e-13	67.8
FUN_035650-T1	sp|Q6XHB2|ROCO4_DICDI	28.947	114	52	4	1	104	1133	1227	3.51e-08	51.6
FUN_035652-T1	sp|Q6XHB2|ROCO4_DICDI	28.085	235	124	10	21	236	1025	1233	3.28e-13	68.2
FUN_035665-T1	sp|Q6XHB2|ROCO4_DICDI	29.204	226	134	10	10	220	1021	1235	1.88e-14	75.1
FUN_035672-T1	sp|Q41898|ATP5E_MAIZE	48.077	52	27	0	2	53	8	59	1.44e-14	58.9
FUN_035738-T1	sp|Q6XHB2|ROCO4_DICDI	25.564	133	91	5	8	134	372	502	1.07e-06	46.2
FUN_035828-T1	sp|Q6XHB2|ROCO4_DICDI	26.690	281	163	10	804	1065	1024	1280	1.61e-16	82.8
FUN_035849-T1	sp|Q5ZLR5|UCRI_CHICK	49.265	272	136	2	1	270	1	272	1.94e-90	266
FUN_035861-T1	sp|Q6XHB2|ROCO4_DICDI	20.765	366	199	15	399	732	418	724	5.90e-09	57.4
FUN_035861-T2	sp|Q6XHB2|ROCO4_DICDI	20.765	366	199	15	399	732	418	724	5.66e-09	57.4
FUN_035897-T1	sp|Q6XHB2|ROCO4_DICDI	21.622	185	129	5	13	186	369	548	1.42e-06	45.8
FUN_035935-T1	sp|P23709|NDUS3_BOVIN	72.300	213	56	1	52	264	52	261	4.52e-115	328
FUN_035945-T1	sp|Q68FT1|COQ9_RAT	40.074	272	154	3	3	274	49	311	3.41e-69	214
FUN_036036-T1	sp|Q6XHB2|ROCO4_DICDI	25.694	144	93	4	14	147	372	511	8.99e-07	46.6
FUN_036173-T1	sp|Q6XHB2|ROCO4_DICDI	23.982	221	143	10	13	219	1032	1241	6.22e-08	51.6
FUN_036174-T1	sp|Q6XHB2|ROCO4_DICDI	27.982	218	130	10	8	209	1027	1233	3.50e-14	72.0
FUN_036196-T1	sp|Q6XHB2|ROCO4_DICDI	32.716	162	90	7	37	185	1027	1182	4.14e-10	58.9
FUN_036524-T1	sp|Q6XHB2|ROCO4_DICDI	23.970	267	178	8	29	278	1029	1287	2.76e-12	67.4
FUN_036773-T1	sp|Q6XHB2|ROCO4_DICDI	28.618	304	168	17	398	682	1021	1294	2.35e-18	87.4
FUN_036826-T1	sp|Q6XHB2|ROCO4_DICDI	25.632	277	151	11	17	257	1029	1286	2.24e-16	81.3
FUN_036983-T1	sp|Q6XHB2|ROCO4_DICDI	24.188	277	174	11	551	810	1038	1295	9.97e-11	63.5
FUN_036983-T2	sp|Q6XHB2|ROCO4_DICDI	24.188	277	174	11	551	810	1038	1295	8.85e-11	63.5
FUN_037198-T1	sp|Q6XHB2|ROCO4_DICDI	25.328	229	156	4	123	345	260	479	2.96e-07	51.6
FUN_037334-T1	sp|Q6XHB2|ROCO4_DICDI	24.521	261	165	12	176	414	1044	1294	8.35e-06	47.0
FUN_037445-T1	sp|Q6XHB2|ROCO4_DICDI	27.839	273	148	11	1526	1786	1020	1255	3.67e-17	85.5
FUN_037496-T1	sp|Q6XHB2|ROCO4_DICDI	24.675	308	172	15	217	507	1030	1294	2.04e-14	73.9
FUN_037568-T1	sp|Q6XHB2|ROCO4_DICDI	37.349	83	51	1	372	453	259	341	6.02e-08	53.1
FUN_037589-T1	sp|Q6XHB2|ROCO4_DICDI	24.815	270	173	10	51	303	1032	1288	4.35e-09	57.4
FUN_037808-T1	sp|Q6XHB2|ROCO4_DICDI	22.780	259	172	8	10	250	1032	1280	1.89e-12	67.4
FUN_037927-T1	sp|Q0P4D6|TEFM_DANRE	25.762	361	210	10	79	421	43	363	8.89e-20	87.8
FUN_037964-T1	sp|Q9DB77|QCR2_MOUSE	38.298	423	259	2	49	471	33	453	1.83e-96	296
FUN_038034-T1	sp|Q6XHB2|ROCO4_DICDI	23.622	254	163	11	42	278	1025	1264	4.07e-09	56.6
FUN_038034-T2	sp|Q6XHB2|ROCO4_DICDI	24.400	250	158	12	41	273	1024	1259	4.32e-09	56.6
FUN_038100-T1	sp|Q6XHB2|ROCO4_DICDI	26.818	220	133	10	344	545	1025	1234	3.56e-11	64.3
FUN_038143-T1	sp|Q6XHB2|ROCO4_DICDI	25.641	195	122	9	3	188	355	535	1.15e-09	55.1
FUN_038188-T1	sp|Q59RK9|PMIP_CANAL	24.342	456	262	16	260	653	328	762	1.21e-24	106
FUN_038269-T1	sp|Q6XHB2|ROCO4_DICDI	24.113	282	164	11	79	336	1031	1286	3.54e-12	65.5
FUN_038330-T1	sp|Q6XHB2|ROCO4_DICDI	22.099	362	231	17	437	759	938	1287	6.38e-10	60.5
FUN_038373-T1	sp|Q52KK3|S2551_RAT	20.921	239	170	4	24	254	24	251	1.02e-06	46.6
FUN_038383-T1	sp|Q6XHB2|ROCO4_DICDI	25.188	266	164	10	553	810	1057	1295	3.91e-12	68.2
FUN_038383-T2	sp|Q6XHB2|ROCO4_DICDI	25.188	266	164	10	553	810	1057	1295	2.98e-12	68.6
FUN_038385-T1	sp|Q6XHB2|ROCO4_DICDI	24.719	267	166	9	1006	1258	1050	1295	1.94e-12	69.7
FUN_038386-T1	sp|Q6XHB2|ROCO4_DICDI	28.879	232	130	10	604	820	1078	1289	6.59e-15	77.4
FUN_038387-T1	sp|Q6XHB2|ROCO4_DICDI	27.313	227	145	8	620	840	1082	1294	3.44e-10	61.6
FUN_038390-T1	sp|Q6XHB2|ROCO4_DICDI	27.556	225	134	8	39	244	1019	1233	1.13e-09	56.2
FUN_038392-T1	sp|Q6XHB2|ROCO4_DICDI	25.571	219	144	7	623	835	1082	1287	7.18e-09	57.4
FUN_038419-T1	sp|Q6XHB2|ROCO4_DICDI	21.561	269	177	10	65	316	1031	1282	8.60e-09	54.7
FUN_038436-T1	sp|Q63619|COQ7_RAT	67.052	173	56	1	30	202	8	179	1.44e-82	240
FUN_038572-T1	sp|Q9LSQ2|PP239_ARATH	21.097	237	176	3	122	358	387	612	5.53e-10	59.7
FUN_038892-T1	sp|P00429|CX6B1_BOVIN	60.000	60	21	1	11	67	13	72	5.95e-24	84.0
FUN_038892-T2	sp|P56391|CX6B1_MOUSE	56.757	74	29	1	11	81	13	86	2.87e-30	100
FUN_039275-T1	sp|Q6XHB2|ROCO4_DICDI	27.245	323	138	13	1107	1400	427	681	2.43e-15	79.7
FUN_039282-T1	sp|Q6XHB2|ROCO4_DICDI	28.213	319	140	12	1343	1636	427	681	2.99e-17	86.3
FUN_039284-T1	sp|Q6XHB2|ROCO4_DICDI	28.349	321	137	15	1343	1636	427	681	2.91e-16	82.8
FUN_039366-T1	sp|Q6XHB2|ROCO4_DICDI	20.345	290	150	11	231	485	416	659	1.17e-06	50.1
FUN_039366-T2	sp|Q6XHB2|ROCO4_DICDI	20.345	290	150	11	240	494	416	659	7.01e-07	50.4
FUN_039796-T1	sp|Q6XHB2|ROCO4_DICDI	23.774	265	154	8	291	531	418	658	3.93e-13	70.9
FUN_039808-T1	sp|P42026|NDUS7_BOVIN	81.287	171	32	0	8	178	46	216	9.67e-107	302
FUN_039827-T1	sp|Q6XHB2|ROCO4_DICDI	29.670	273	164	12	246	498	1021	1285	1.62e-23	105
FUN_040204-T1	sp|O43181|NDUS4_HUMAN	61.594	138	53	0	32	169	38	175	9.04e-58	176
FUN_040217-T1	sp|Q9UJZ1|STML2_HUMAN	63.188	345	107	2	40	384	32	356	8.95e-146	416
FUN_040444-T1	sp|Q5R546|ATPA_PONAB	82.065	552	99	0	1	552	1	552	0.0	917
FUN_040478-T1	sp|Q6XHB2|ROCO4_DICDI	28.000	275	163	11	347	601	1032	1291	5.92e-14	72.8
FUN_040494-T1	sp|Q6XHB2|ROCO4_DICDI	28.000	225	137	11	57	266	1021	1235	1.98e-15	74.7
FUN_040966-T1	sp|Q6XHB2|ROCO4_DICDI	23.970	267	178	8	29	278	1029	1287	2.76e-12	67.4
FUN_041497-T1	sp|Q6XHB2|ROCO4_DICDI	32.576	132	59	7	1	128	239	344	1.13e-06	49.7
FUN_041497-T2	sp|Q6XHB2|ROCO4_DICDI	32.576	132	59	7	1	128	239	344	8.85e-07	49.7
FUN_041544-T1	sp|Q6XHB2|ROCO4_DICDI	27.758	281	160	11	11	263	1022	1287	3.41e-22	97.1
FUN_041546-T1	sp|P22068|ATPB_SCHPO	30.464	302	185	7	227	522	180	462	8.69e-31	124
FUN_041551-T1	sp|Q6XHB2|ROCO4_DICDI	25.221	226	144	9	244	451	1015	1233	1.35e-09	58.5
FUN_041565-T1	sp|Q6XHB2|ROCO4_DICDI	28.241	216	139	7	9	216	1026	1233	3.49e-18	87.4
FUN_041581-T1	sp|P21571|ATP5J_RAT	38.947	95	53	4	4	98	6	95	1.80e-17	68.9
FUN_041586-T1	sp|Q6XHB2|ROCO4_DICDI	27.572	243	146	9	732	956	1065	1295	4.43e-16	80.9
FUN_041619-T1	sp|Q6XHB2|ROCO4_DICDI	25.084	299	178	11	126	402	1008	1282	1.68e-14	73.9
FUN_041634-T1	sp|Q6XHB2|ROCO4_DICDI	31.754	211	123	9	46	240	1029	1234	2.33e-15	78.2
FUN_041638-T1	sp|Q6XHB2|ROCO4_DICDI	33.540	161	86	11	1	148	1082	1234	2.06e-11	65.9
FUN_041658-T1	sp|Q5HZI9|S2551_MOUSE	22.128	235	158	6	2	232	30	243	5.90e-08	50.4
FUN_041667-T1	sp|Q6XHB2|ROCO4_DICDI	23.864	352	215	14	926	1250	967	1292	2.40e-14	75.9
FUN_041669-T1	sp|Q6XHB2|ROCO4_DICDI	36.957	92	52	3	123	213	260	346	2.34e-06	47.0
FUN_041681-T1	sp|Q6XHB2|ROCO4_DICDI	27.759	299	174	17	964	1247	1021	1292	1.84e-15	79.3
FUN_041701-T1	sp|Q6XHB2|ROCO4_DICDI	32.540	126	71	4	370	487	222	341	2.47e-06	48.1
FUN_041774-T1	sp|O75964|ATP5L_HUMAN	46.914	81	43	0	34	114	23	103	2.04e-23	84.3
FUN_041784-T1	sp|Q6XHB2|ROCO4_DICDI	27.193	228	143	10	14	223	1017	1239	1.68e-13	68.9
FUN_041786-T1	sp|Q6XHB2|ROCO4_DICDI	23.569	297	186	12	361	637	1020	1295	3.28e-11	63.9
FUN_041797-T1	sp|Q6XHB2|ROCO4_DICDI	31.288	163	99	5	37	190	1134	1292	1.85e-18	80.1
FUN_041799-T1	sp|Q6XHB2|ROCO4_DICDI	27.667	300	179	12	710	990	1012	1292	1.41e-20	95.5
FUN_041800-T1	sp|Q6XHB2|ROCO4_DICDI	25.784	287	167	13	625	890	1031	1292	4.92e-16	80.5
FUN_041806-T1	sp|Q6XHB2|ROCO4_DICDI	29.464	112	73	3	9	118	1174	1281	2.61e-11	57.4
FUN_041810-T1	sp|Q6XHB2|ROCO4_DICDI	27.076	277	170	12	562	825	1024	1281	3.95e-16	80.9
FUN_041932-T1	sp|Q6XHB2|ROCO4_DICDI	30.996	271	159	9	535	788	1026	1285	1.89e-24	107
FUN_041962-T1	sp|Q6XHB2|ROCO4_DICDI	27.338	139	95	3	11	144	370	507	1.38e-09	54.7
FUN_042017-T1	sp|Q8GXR9|NDC1_ARATH	23.457	405	232	17	3	345	68	456	2.91e-09	55.8
FUN_042024-T1	sp|Q5M9I5|QCR6_RAT	53.488	86	40	0	27	112	4	89	8.77e-20	74.7
FUN_042605-T1	sp|P43246|MSH2_HUMAN	26.947	642	384	21	230	836	255	846	2.16e-50	189
FUN_042807-T1	sp|Q6XHB2|ROCO4_DICDI	30.450	289	173	11	186	451	1009	1292	2.00e-27	113
FUN_042828-T1	sp|Q5HZI9|S2551_MOUSE	21.854	302	194	9	20	318	36	298	9.15e-13	65.5
FUN_042875-T1	sp|P29410|KAD2_RAT	31.628	215	113	6	351	533	15	227	1.37e-25	103
FUN_043003-T1	sp|Q9H1U9|S2551_HUMAN	23.675	283	186	11	220	493	32	293	9.00e-07	48.1
FUN_043119-T1	sp|Q9Y5T4|DJC15_HUMAN	61.607	112	40	2	3	112	39	149	2.57e-44	139
FUN_043156-T1	sp|Q6XHB2|ROCO4_DICDI	28.095	210	128	9	653	847	1032	1233	6.95e-14	73.6
FUN_043159-T1	sp|P29410|KAD2_RAT	27.358	212	143	4	265	466	13	223	3.51e-23	95.5
FUN_043224-T1	sp|Q6XHB2|ROCO4_DICDI	26.446	121	83	4	14	129	372	491	4.82e-06	44.3
FUN_043231-T1	sp|Q6XHB2|ROCO4_DICDI	28.622	283	169	12	23	286	1027	1295	1.61e-24	100
FUN_043286-T1	sp|Q6XHB2|ROCO4_DICDI	28.636	220	126	12	16	222	1027	1228	1.48e-08	53.9
FUN_043322-T1	sp|Q6XHB2|ROCO4_DICDI	26.623	308	171	13	699	991	1024	1291	9.62e-18	86.3
FUN_043400-T1	sp|Q9CZ13|QCR1_MOUSE	29.082	392	219	11	74	430	48	415	4.32e-37	139
FUN_043419-T1	sp|Q6XHB2|ROCO4_DICDI	46.552	58	31	0	94	151	284	341	7.01e-06	47.0
FUN_043419-T2	sp|Q6XHB2|ROCO4_DICDI	46.552	58	31	0	92	149	284	341	7.04e-06	47.0
FUN_043419-T3	sp|Q6XHB2|ROCO4_DICDI	46.552	58	31	0	84	141	284	341	8.22e-06	46.6
FUN_043520-T1	sp|P00011|CYC_CANLF	84.810	79	12	0	7	85	2	80	4.68e-46	140
FUN_043553-T1	sp|Q6XHB2|ROCO4_DICDI	26.512	215	127	10	8	207	1030	1228	2.33e-06	48.5
FUN_043555-T1	sp|Q9UJZ1|STML2_HUMAN	32.020	203	131	3	65	262	37	237	2.03e-28	109
FUN_043560-T1	sp|Q9UJZ1|STML2_HUMAN	32.161	199	128	3	41	234	41	237	1.36e-28	109
FUN_043561-T1	sp|Q9UJZ1|STML2_HUMAN	32.663	199	127	3	40	233	41	237	2.83e-29	111
FUN_043566-T1	sp|Q4FZT0|STML2_RAT	35.632	174	103	3	63	232	41	209	6.58e-28	107
FUN_045763-T1	sp|Q6XHB2|ROCO4_DICDI	32.576	132	59	7	1	128	239	344	6.24e-07	46.2
FUN_045773-T1	sp|Q6XHB2|ROCO4_DICDI	30.714	280	160	12	378	642	1032	1292	1.41e-25	110
FUN_045773-T2	sp|Q6XHB2|ROCO4_DICDI	29.720	286	155	13	378	642	1032	1292	8.20e-23	101
