mRNA::ntLink_4:1155-1537	sp|P35061|H2A_ACRFO	100.000	125	0	0	5	379	1	125	4.95e-86	249
mRNA::ntLink_4:2660-3441	sp|P84239|H3_URECA	99.265	136	1	0	371	778	1	136	5.02e-93	273
mRNA::ntLink_4:4515-6830	sp|P35061|H2A_ACRFO	100.000	125	0	0	711	1085	1	125	6.64e-78	249
mRNA::ntLink_4:7096-7859	sp|P84239|H3_URECA	99.265	136	1	0	1	408	1	136	4.02e-93	273
mRNA::ntLink_4:8474-9669	sp|P35061|H2A_ACRFO	100.000	125	0	0	818	1192	1	125	7.47e-82	249
mRNA::ntLink_4:11162-11925	sp|P84239|H3_URECA	99.265	136	1	0	1	408	1	136	4.02e-93	273
mRNA::ntLink_4:12540-13735	sp|P35061|H2A_ACRFO	100.000	125	0	0	818	1192	1	125	7.47e-82	249
mRNA::ntLink_4:15228-15991	sp|P84239|H3_URECA	99.265	136	1	0	1	408	1	136	4.02e-93	273
mRNA::ntLink_4:16606-17801	sp|P35061|H2A_ACRFO	100.000	125	0	0	818	1192	1	125	7.47e-82	249
mRNA::ntLink_4:19294-20057	sp|P84239|H3_URECA	99.265	136	1	0	1	408	1	136	4.02e-93	273
mRNA::ntLink_4:20672-21867	sp|P35061|H2A_ACRFO	100.000	125	0	0	818	1192	1	125	7.47e-82	249
mRNA::ntLink_4:23360-24123	sp|P84239|H3_URECA	99.265	136	1	0	1	408	1	136	4.02e-93	273
mRNA::ntLink_4:24738-25933	sp|P35061|H2A_ACRFO	100.000	125	0	0	818	1192	1	125	7.47e-82	249
mRNA::ntLink_4:27426-28189	sp|P84239|H3_URECA	99.265	136	1	0	1	408	1	136	4.02e-93	273
mRNA::ntLink_4:28804-29999	sp|P35061|H2A_ACRFO	100.000	125	0	0	818	1192	1	125	7.47e-82	249
mRNA::ntLink_4:31492-32255	sp|P84239|H3_URECA	99.265	136	1	0	1	408	1	136	4.02e-93	273
mRNA::ntLink_4:32870-34065	sp|P35061|H2A_ACRFO	100.000	125	0	0	818	1192	1	125	7.47e-82	249
mRNA::ntLink_4:35558-36321	sp|P84239|H3_URECA	99.265	136	1	0	1	408	1	136	4.02e-93	273
mRNA::ntLink_4:36936-38131	sp|P35061|H2A_ACRFO	100.000	125	0	0	818	1192	1	125	7.47e-82	249
mRNA::ntLink_4:39254-40035	sp|P84239|H3_URECA	99.265	136	1	0	371	778	1	136	5.02e-93	273
mRNA::ntLink_4:45175-47490	sp|P35061|H2A_ACRFO	100.000	125	0	0	711	1085	1	125	6.64e-78	249
mRNA::ntLink_4:47756-48519	sp|P84239|H3_URECA	99.265	136	1	0	1	408	1	136	4.02e-93	273
mRNA::ntLink_4:49134-50329	sp|P35061|H2A_ACRFO	100.000	125	0	0	818	1192	1	125	7.47e-82	249
mRNA::ntLink_4:51816-54384	sp|P84239|H3_URECA	99.265	136	1	0	1	408	1	136	4.96e-86	273
mRNA::ntLink_4:55877-58450	sp|P84239|H3_URECA	99.265	136	1	0	1	408	1	136	5.04e-86	273
mRNA::ntLink_4:59573-60354	sp|P84239|H3_URECA	99.265	136	1	0	371	778	1	136	5.02e-93	273
mRNA::ntLink_4:61321-62516	sp|P35061|H2A_ACRFO	100.000	125	0	0	818	1192	1	125	7.47e-82	249
mRNA::ntLink_4:63639-64420	sp|P84239|H3_URECA	99.265	136	1	0	371	778	1	136	5.02e-93	273
mRNA::ntLink_4:65494-69132	sp|P35061|H2A_ACRFO	100.000	125	0	0	711	1085	1	125	7.37e-76	249
mRNA::ntLink_4:69464-71746	sp|P84239|H3_URECA	99.265	136	1	0	1872	2279	1	136	8.15e-87	273
mRNA::ntLink_4:72820-74081	sp|P35067|H2B_ACRFO	99.200	125	1	0	378	4	1	125	1.67e-80	246
mRNA::ntLink_4:74347-75110	sp|P84239|H3_URECA	98.529	136	2	0	1	408	1	136	1.46e-91	269
mRNA::ntLink_4:75725-76920	sp|P35061|H2A_ACRFO	100.000	125	0	0	818	1192	1	125	7.47e-82	249
mRNA::ntLink_4:78039-78818	sp|P84239|H3_URECA	99.265	136	1	0	369	776	1	136	4.84e-93	273
mRNA::ntLink_4:79774-80969	sp|P35061|H2A_ACRFO	100.000	125	0	0	818	1192	1	125	7.47e-82	249
mRNA::ntLink_4:82456-85024	sp|P84239|H3_URECA	99.265	136	1	0	1	408	1	136	4.96e-86	273
mRNA::ntLink_4:86517-87280	sp|P84239|H3_URECA	99.265	136	1	0	1	408	1	136	4.02e-93	273
mRNA::ntLink_4:87895-89090	sp|P35061|H2A_ACRFO	100.000	125	0	0	818	1192	1	125	7.47e-82	249
mRNA::ntLink_4:90583-91346	sp|P84239|H3_URECA	99.265	136	1	0	1	408	1	136	4.02e-93	273
mRNA::ntLink_4:91961-93156	sp|P35061|H2A_ACRFO	100.000	125	0	0	818	1192	1	125	7.47e-82	249
mRNA::ntLink_4:94649-95412	sp|P84239|H3_URECA	99.265	136	1	0	1	408	1	136	4.02e-93	273
mRNA::ntLink_4:96027-97222	sp|P35061|H2A_ACRFO	100.000	125	0	0	818	1192	1	125	7.47e-82	249
mRNA::ntLink_4:98715-99478	sp|P84239|H3_URECA	99.265	136	1	0	1	408	1	136	4.02e-93	273
mRNA::ntLink_4:100093-101288	sp|P35061|H2A_ACRFO	100.000	125	0	0	818	1192	1	125	7.47e-82	249
mRNA::ntLink_4:102781-103544	sp|P84239|H3_URECA	99.265	136	1	0	1	408	1	136	4.02e-93	273
mRNA::ntLink_4:104159-105354	sp|P35061|H2A_ACRFO	100.000	125	0	0	818	1192	1	125	7.47e-82	249
mRNA::ntLink_4:106847-107610	sp|P84239|H3_URECA	99.265	136	1	0	1	408	1	136	4.02e-93	273
mRNA::ntLink_4:108225-109420	sp|P35061|H2A_ACRFO	100.000	125	0	0	818	1192	1	125	7.47e-82	249
mRNA::ntLink_4:110913-111676	sp|P84239|H3_URECA	99.265	136	1	0	1	408	1	136	4.02e-93	273
mRNA::ntLink_4:112291-113486	sp|P35061|H2A_ACRFO	100.000	125	0	0	818	1192	1	125	7.47e-82	249
mRNA::ntLink_4:114979-115742	sp|P84239|H3_URECA	99.265	136	1	0	1	408	1	136	4.02e-93	273
mRNA::ntLink_4:116357-117552	sp|P35061|H2A_ACRFO	100.000	125	0	0	818	1192	1	125	7.47e-82	249
mRNA::ntLink_4:119045-119808	sp|P84239|H3_URECA	99.265	136	1	0	1	408	1	136	4.02e-93	273
mRNA::ntLink_4:120423-121618	sp|P35061|H2A_ACRFO	100.000	125	0	0	818	1192	1	125	7.47e-82	249
mRNA::ntLink_4:123111-123874	sp|P84239|H3_URECA	99.265	136	1	0	1	408	1	136	4.02e-93	273
mRNA::ntLink_4:124489-125684	sp|P35061|H2A_ACRFO	100.000	125	0	0	818	1192	1	125	7.47e-82	249
mRNA::ntLink_4:127177-127940	sp|P84239|H3_URECA	99.265	136	1	0	1	408	1	136	4.02e-93	273
mRNA::ntLink_4:128555-129750	sp|P35061|H2A_ACRFO	99.200	125	1	0	818	1192	1	125	6.35e-81	247
mRNA::ntLink_4:130873-131654	sp|P84239|H3_URECA	99.265	136	1	0	371	778	1	136	5.02e-93	273
mRNA::ntLink_4:132621-133816	sp|P35061|H2A_ACRFO	100.000	125	0	0	818	1192	1	125	7.47e-82	249
mRNA::ntLink_4:134939-135720	sp|P84239|H3_URECA	99.265	136	1	0	371	778	1	136	5.02e-93	273
mRNA::ntLink_4:136794-140432	sp|P35061|H2A_ACRFO	100.000	125	0	0	711	1085	1	125	7.37e-76	249
mRNA::ntLink_4:140764-143046	sp|P84239|H3_URECA	99.265	136	1	0	1872	2279	1	136	8.15e-87	273
mRNA::ntLink_4:144120-145381	sp|P35067|H2B_ACRFO	99.200	125	1	0	378	4	1	125	1.67e-80	246
mRNA::ntLink_4:145647-146410	sp|P84239|H3_URECA	99.265	136	1	0	1	408	1	136	4.02e-93	273
mRNA::ntLink_4:147025-148220	sp|P35061|H2A_ACRFO	100.000	125	0	0	818	1192	1	125	7.47e-82	249
mRNA::ntLink_4:149339-150118	sp|P84239|H3_URECA	99.265	136	1	0	369	776	1	136	4.84e-93	273
mRNA::ntLink_4:151074-152269	sp|P35061|H2A_ACRFO	100.000	125	0	0	818	1192	1	125	7.47e-82	249
mRNA::ntLink_4:153756-156324	sp|P84239|H3_URECA	99.265	136	1	0	1	408	1	136	4.96e-86	273
mRNA::ntLink_4:157817-158580	sp|P84239|H3_URECA	99.265	136	1	0	1	408	1	136	4.02e-93	273
mRNA::ntLink_4:159195-160390	sp|P35061|H2A_ACRFO	100.000	125	0	0	818	1192	1	125	7.47e-82	249
mRNA::ntLink_4:161883-162646	sp|P84239|H3_URECA	99.265	136	1	0	1	408	1	136	4.02e-93	273
mRNA::ntLink_4:163261-164456	sp|P35061|H2A_ACRFO	100.000	125	0	0	818	1192	1	125	7.47e-82	249
mRNA::ntLink_4:165949-166712	sp|P84239|H3_URECA	99.265	136	1	0	1	408	1	136	4.02e-93	273
mRNA::ntLink_4:167327-168522	sp|P35061|H2A_ACRFO	100.000	125	0	0	818	1192	1	125	7.47e-82	249
mRNA::ntLink_4:169645-170426	sp|P84239|H3_URECA	99.265	136	1	0	371	778	1	136	5.02e-93	273
mRNA::ntLink_4:175566-177881	sp|P35061|H2A_ACRFO	100.000	125	0	0	711	1085	1	125	6.64e-78	249
mRNA::ntLink_4:178147-178910	sp|P84239|H3_URECA	99.265	136	1	0	1	408	1	136	4.02e-93	273
mRNA::ntLink_4:179525-180720	sp|P35061|H2A_ACRFO	100.000	125	0	0	818	1192	1	125	7.47e-82	249
mRNA::ntLink_4:182213-182976	sp|P84239|H3_URECA	99.265	136	1	0	1	408	1	136	4.02e-93	273
mRNA::ntLink_4:183591-184786	sp|P35061|H2A_ACRFO	100.000	125	0	0	818	1192	1	125	7.47e-82	249
mRNA::ntLink_4:186279-187042	sp|P84239|H3_URECA	99.265	136	1	0	1	408	1	136	4.02e-93	273
mRNA::ntLink_4:187657-188852	sp|P35061|H2A_ACRFO	100.000	125	0	0	818	1192	1	125	7.47e-82	249
mRNA::ntLink_4:190345-191108	sp|P84239|H3_URECA	99.265	136	1	0	1	408	1	136	4.02e-93	273
mRNA::ntLink_4:191723-192918	sp|P35061|H2A_ACRFO	100.000	125	0	0	818	1192	1	125	7.47e-82	249
mRNA::ntLink_4:194041-194822	sp|P84239|H3_URECA	99.265	136	1	0	371	778	1	136	5.02e-93	273
mRNA::ntLink_4:195789-196984	sp|P35061|H2A_ACRFO	100.000	125	0	0	818	1192	1	125	7.47e-82	249
mRNA::ntLink_4:197895-198207	sp|Q6LAF1|H4_DENKL	100.000	82	0	0	249	4	22	103	1.13e-52	163
mRNA::ntLink_4:198471-199234	sp|P84239|H3_URECA	99.265	136	1	0	1	408	1	136	4.02e-93	273
mRNA::ntLink_4:199956-202267	sp|P35061|H2A_ACRFO	100.000	125	0	0	711	1085	1	125	6.41e-78	249
mRNA::ntLink_4:202531-203294	sp|P84239|H3_URECA	99.265	136	1	0	1	408	1	136	4.02e-93	273
mRNA::ntLink_4:204726-205104	sp|P35061|H2A_ACRFO	100.000	125	0	0	1	375	1	125	3.98e-86	249
mRNA::ntLink_4:206223-207002	sp|P84239|H3_URECA	99.265	136	1	0	369	776	1	136	4.84e-93	273
mRNA::ntLink_4:207958-209153	sp|P35061|H2A_ACRFO	100.000	125	0	0	818	1192	1	125	7.47e-82	249
mRNA::ntLink_4:210640-213208	sp|P84239|H3_URECA	99.265	136	1	0	1	408	1	136	4.96e-86	273
mRNA::ntLink_4:214123-215334	sp|P35067|H2B_ACRFO	99.200	125	1	0	1211	837	1	125	9.94e-81	246
mRNA::ntLink_4:216959-220111	sp|P35061|H2A_ACRFO	100.000	125	0	0	1547	1921	1	125	2.56e-76	249
mRNA::ntLink_4:220377-221140	sp|P84239|H3_URECA	99.265	136	1	0	1	408	1	136	4.02e-93	273
mRNA::ntLink_4:221755-222950	sp|P35061|H2A_ACRFO	100.000	125	0	0	818	1192	1	125	7.47e-82	249
mRNA::ntLink_4:224073-224854	sp|P84239|H3_URECA	99.265	136	1	0	371	778	1	136	5.02e-93	273
mRNA::ntLink_4:228139-228918	sp|P84239|H3_URECA	99.265	136	1	0	369	776	1	136	4.84e-93	273
mRNA::ntLink_4:229885-231081	sp|P35061|H2A_ACRFO	100.000	125	0	0	819	1193	1	125	7.47e-82	249
mRNA::ntLink_4:233070-234265	sp|P35061|H2A_ACRFO	100.000	125	0	0	818	1192	1	125	5.70e-82	249
mRNA::ntLink_4:235183-237625	sp|P35067|H2B_ACRFO	98.400	125	2	0	2442	2068	1	125	3.93e-76	245
mRNA::ntLink_4:242021-243628	sp|P35061|H2A_ACRFO	100.000	125	0	0	3	377	1	125	3.78e-80	249
mRNA::ntLink_4:243894-244657	sp|P84239|H3_URECA	99.265	136	1	0	1	408	1	136	4.02e-93	273
mRNA::ntLink_4:245272-246467	sp|P35061|H2A_ACRFO	100.000	125	0	0	818	1192	1	125	7.47e-82	249
mRNA::ntLink_4:247960-248723	sp|P84239|H3_URECA	99.265	136	1	0	1	408	1	136	4.02e-93	273
mRNA::ntLink_4:249338-250533	sp|P35061|H2A_ACRFO	100.000	125	0	0	818	1192	1	125	7.47e-82	249
mRNA::ntLink_4:252026-252789	sp|P84239|H3_URECA	99.265	136	1	0	1	408	1	136	4.02e-93	273
mRNA::ntLink_4:253404-254599	sp|P35061|H2A_ACRFO	100.000	125	0	0	818	1192	1	125	7.47e-82	249
mRNA::ntLink_4:256092-256855	sp|P84239|H3_URECA	99.265	136	1	0	1	408	1	136	4.02e-93	273
mRNA::ntLink_4:257470-258665	sp|P35061|H2A_ACRFO	100.000	125	0	0	818	1192	1	125	7.47e-82	249
mRNA::ntLink_4:260158-260921	sp|P84239|H3_URECA	99.265	136	1	0	1	408	1	136	4.02e-93	273
mRNA::ntLink_4:261536-262731	sp|P35061|H2A_ACRFO	100.000	125	0	0	818	1192	1	125	7.47e-82	249
mRNA::ntLink_4:264224-264987	sp|P84239|H3_URECA	99.265	136	1	0	1	408	1	136	4.02e-93	273
mRNA::ntLink_4:265602-266797	sp|P35061|H2A_ACRFO	100.000	125	0	0	818	1192	1	125	7.47e-82	249
mRNA::ntLink_4:268290-269053	sp|P84239|H3_URECA	99.265	136	1	0	1	408	1	136	4.02e-93	273
mRNA::ntLink_4:269668-270863	sp|P35061|H2A_ACRFO	100.000	125	0	0	818	1192	1	125	7.47e-82	249
mRNA::ntLink_4:272356-273119	sp|P84239|H3_URECA	99.265	136	1	0	1	408	1	136	4.02e-93	273
mRNA::ntLink_4:273734-274929	sp|P35061|H2A_ACRFO	100.000	125	0	0	818	1192	1	125	7.47e-82	249
mRNA::ntLink_4:276422-277185	sp|P84239|H3_URECA	99.265	136	1	0	1	408	1	136	4.02e-93	273
mRNA::ntLink_4:277800-278995	sp|P35061|H2A_ACRFO	100.000	125	0	0	818	1192	1	125	7.47e-82	249
mRNA::ntLink_4:280488-281251	sp|P84239|H3_URECA	99.265	136	1	0	1	408	1	136	4.02e-93	273
mRNA::ntLink_4:281866-283061	sp|P35061|H2A_ACRFO	100.000	125	0	0	818	1192	1	125	7.47e-82	249
mRNA::ntLink_4:284552-285315	sp|P84239|H3_URECA	99.265	136	1	0	1	408	1	136	4.02e-93	273
mRNA::ntLink_4:285930-287125	sp|P35061|H2A_ACRFO	100.000	125	0	0	818	1192	1	125	7.47e-82	249
mRNA::ntLink_4:288618-289381	sp|P84239|H3_URECA	99.265	136	1	0	1	408	1	136	4.02e-93	273
mRNA::ntLink_4:289996-291191	sp|P35061|H2A_ACRFO	100.000	125	0	0	818	1192	1	125	7.47e-82	249
mRNA::ntLink_4:292684-293447	sp|P84239|H3_URECA	99.265	136	1	0	1	408	1	136	4.02e-93	273
mRNA::ntLink_4:294062-295257	sp|P35061|H2A_ACRFO	100.000	125	0	0	818	1192	1	125	7.47e-82	249
mRNA::ntLink_4:296750-297513	sp|P84239|H3_URECA	99.265	136	1	0	1	408	1	136	4.02e-93	273
mRNA::ntLink_4:298128-299323	sp|P35061|H2A_ACRFO	100.000	125	0	0	818	1192	1	125	7.47e-82	249
mRNA::ntLink_4:300816-301579	sp|P84239|H3_URECA	99.265	136	1	0	1	408	1	136	4.02e-93	273
mRNA::ntLink_4:302194-303389	sp|P35061|H2A_ACRFO	100.000	125	0	0	818	1192	1	125	7.47e-82	249
mRNA::ntLink_6:45881-56839	sp|Q6P5F6|S39AA_MOUSE	62.121	66	24	1	646	452	717	782	8.54e-14	82.0
mRNA::ntLink_6:68889-102137	sp|P04323|POL3_DROME	26.638	702	433	15	14150	16084	218	894	1.17e-65	251
mRNA::ntLink_6:102619-108802	sp|P79143|AMPN_CANLF	49.057	53	27	0	1556	1398	799	851	9.07e-13	54.7
mRNA::ntLink_6:111263-112163	sp|Q95334|AMPE_PIG	36.986	146	36	2	456	19	299	388	9.20e-16	81.3
mRNA::ntLink_6:114097-116086	sp|Q9JJ22|ERAP1_RAT	30.588	85	53	2	318	64	23	101	2.20e-06	55.1
mRNA::ntLink_6:124764-125773	sp|Q95108|THIOM_BOVIN	48.077	52	27	0	582	737	85	136	3.63e-10	61.6
mRNA::ntLink_6:128164-135835	sp|Q1LWX3|NTAQ1_DANRE	54.000	50	22	1	1951	1805	78	127	2.88e-07	57.0
mRNA::ntLink_6:135961-138788	sp|Q9NP73|ALG13_HUMAN	55.556	72	32	0	1908	2123	70	141	3.81e-13	77.8
mRNA::ntLink_6:142751-163004	sp|P70182|PI51A_MOUSE	84.000	50	8	0	12783	12634	149	198	1.72e-18	97.4
mRNA::ntLink_6:163350-176765	sp|P03360|POL_AVIRE	24.800	250	168	8	7486	6767	127	366	4.50e-12	77.0
mRNA::ntLink_6:194313-207101	sp|Q3TD49|SPP2B_MOUSE	64.179	67	23	1	3510	3313	312	378	8.69e-14	81.6
mRNA::ntLink_6:222834-230588	sp|Q5R733|CPEB1_PONAB	66.667	51	17	0	6573	6725	423	473	1.47e-15	86.3
mRNA::ntLink_6:235453-236426	sp|Q9CY57|CHTOP_MOUSE	63.158	38	13	1	114	4	209	246	1.13e-06	52.8
mRNA::ntLink_6:239932-249620	sp|Q9D0F3|LMAN1_MOUSE	33.696	92	27	1	9622	9347	45	102	1.11e-07	61.6
mRNA::ntLink_6:252596-259283	sp|Q66IC9|ROP1L_DANRE	33.333	141	46	1	1127	705	102	194	5.29e-15	79.7
mRNA::ntLink_6:259437-269385	sp|Q4V7F0|TTC23_RAT	26.250	160	71	3	5592	6068	40	153	1.91e-07	60.5
mRNA::ntLink_6:286516-290091	sp|Q6NXR4|TTI2_HUMAN	53.061	49	23	0	2311	2457	372	420	3.80e-06	55.1
mRNA::ntLink_6:291801-295721	sp|B8V7S0|CPP1_ACRMI	40.826	218	91	6	648	7	79	262	9.39e-35	142
mRNA::ntLink_6:299039-313127	sp|Q9NZ08|ERAP1_HUMAN	56.322	87	37	1	7778	8038	358	443	2.81e-21	107
mRNA::ntLink_6:316223-318428	sp|Q58A42|DD3_DICDI	47.619	63	29	2	1211	1399	158	216	5.31e-10	66.6
mRNA::ntLink_6:321936-332803	sp|Q6K4E7|APM1D_ORYSJ	37.327	217	88	5	3563	4201	266	438	1.62e-28	130
mRNA::ntLink_6:333958-346093	sp|Q8LHH9|SHL2_ORYSJ	39.514	329	141	5	7162	6227	689	976	3.26e-54	214
mRNA::ntLink_6:353902-372518	sp|Q9EQH2|ERAP1_MOUSE	54.167	96	43	1	15543	15259	164	259	5.90e-21	106
mRNA::ntLink_6:384802-399901	sp|Q4V891|POC5_RAT	68.293	41	13	0	13300	13422	313	353	7.21e-09	66.2
mRNA::ntLink_6:401223-418855	sp|Q96MU8|KREM1_HUMAN	41.250	80	44	2	10745	10975	120	199	1.83e-08	64.7
mRNA::ntLink_6:432052-440995	sp|Q2KMM4|LX12B_RAT	30.719	153	92	5	5339	5788	308	449	8.41e-09	65.5
mRNA::ntLink_6:463552-468936	sp|F1N9S8|CARME_CHICK	52.381	63	30	0	3737	3925	275	337	5.48e-13	77.0
mRNA::ntLink_6:469918-477509	sp|Q6NZK5|K1328_MOUSE	42.857	70	40	0	5638	5429	83	152	2.13e-06	57.0
mRNA::ntLink_6:530517-538556	sp|P51159|RB27A_HUMAN	89.796	49	5	0	1827	1681	80	128	8.68e-22	99.8
mRNA::ntLink_6:540613-542040	sp|Q3ZBL9|CCNH_BOVIN	41.901	284	156	5	894	70	1	284	6.14e-55	189
mRNA::ntLink_6:542058-548872	sp|Q5VTE6|ANGE2_HUMAN	45.856	181	86	4	5597	6136	238	407	7.12e-35	146
mRNA::ntLink_6:595628-606733	sp|Q86AW9|GUAD_DICDI	70.370	54	16	0	1632	1793	77	130	2.34e-15	85.9
mRNA::ntLink_6:626047-630602	sp|E9QJQ6|MEG10_DANRE	52.500	80	38	0	1788	2027	136	215	4.43e-15	85.1
mRNA::ntLink_6:634622-646369	sp|A6BM72|MEG11_HUMAN	44.898	98	54	0	827	1120	683	780	2.08e-17	94.4
mRNA::ntLink_6:647901-657602	sp|P48382|RFX5_HUMAN	58.730	63	26	0	6449	6637	118	180	6.66e-13	78.6
mRNA::ntLink_6:660261-671888	sp|Q1LV22|ATOSA_DANRE	64.706	51	18	0	1967	1815	874	924	8.08e-11	65.9
mRNA::ntLink_6:672561-675854	sp|P47903|RS27_CHLRE	82.353	34	6	0	981	1082	8	41	5.61e-10	60.5
mRNA::ntLink_6:686674-691171	sp|Q6P832|GATM_XENTR	69.912	113	33	1	4153	4491	270	381	1.02e-46	177
mRNA::ntLink_6:702936-706555	sp|Q6PH19|GATM_DANRE	79.646	113	22	1	547	209	270	381	1.85e-62	190
mRNA::ntLink_6:725004-737538	sp|P42111|YXAL_BACSU	36.404	228	133	8	2437	1763	183	401	1.81e-23	110
mRNA::ntLink_6:861444-878782	sp|Q8CHY3|DYM_MOUSE	75.000	60	15	0	15005	15184	524	583	1.04e-20	104
mRNA::ntLink_6:884987-886628	sp|O35182|SMAD6_MOUSE	39.500	200	105	5	615	16	308	491	7.61e-34	137
mRNA::ntLink_6:893738-900351	sp|O70436|SMAD2_RAT	85.047	214	32	0	5969	6610	254	467	4.85e-121	395
mRNA::ntLink_6:940805-944220	sp|Q05AQ3|S2542_XENTR	51.235	162	71	4	486	10	170	326	3.29e-45	169
mRNA::ntLink_6:952948-958603	sp|O75031|HSF2B_HUMAN	44.211	95	51	1	4599	4883	148	240	4.38e-12	73.2
mRNA::ntLink_6:975614-978599	sp|B3EWZ6|MLRP2_ACRMI	25.763	295	141	13	2287	2979	2486	2766	5.15e-10	68.2
mRNA::ntLink_6:1008635-1009789	sp|C0HK24|ELEL_ECHLU	41.758	91	51	2	885	1151	13	103	7.23e-16	76.3
mRNA::ntLink_6:1025190-1026115	sp|Q6DED9|TM267_XENLA	45.783	83	41	2	321	82	108	189	2.81e-12	68.2
mRNA::ntLink_6:1036768-1038660	sp|Q9I8C7|ACH10_CHICK	44.015	259	133	3	1128	376	120	374	2.25e-65	224
mRNA::ntLink_6:1067606-1069698	sp|P12804|FGL2_MOUSE	53.543	127	57	2	1434	1060	204	330	6.36e-33	135
mRNA::ntLink_6:1074166-1075941	sp|Q14314|FGL2_HUMAN	55.118	127	55	2	1172	798	211	337	1.03e-34	139
mRNA::ntLink_6:1077896-1095963	sp|P21328|RTJK_DROME	26.588	425	271	15	4246	5436	426	837	9.00e-18	95.9
mRNA::ntLink_6:1177408-1193536	sp|P25291|GP2_CANLF	41.860	129	66	4	7401	7781	34	155	9.24e-20	100
mRNA::ntLink_6:1194159-1204382	sp|P25291|GP2_CANLF	40.800	125	65	4	1829	2197	38	155	3.45e-17	92.0
mRNA::ntLink_6:1204389-1212449	sp|P25291|GP2_CANLF	39.823	113	60	3	7722	8057	33	138	7.06e-16	87.4
mRNA::ntLink_6:1213975-1217309	sp|Q13332|PTPRS_HUMAN	38.000	100	58	3	1730	2017	619	718	4.57e-06	55.1
mRNA::ntLink_6:1227028-1231255	sp|Q9D733|GP2_MOUSE	34.722	144	80	4	759	1178	53	186	2.55e-13	78.2
mRNA::ntLink_6:1231335-1239096	sp|P25291|GP2_CANLF	39.231	130	70	4	2659	3042	33	155	9.18e-18	93.2
mRNA::ntLink_6:1250631-1257545	sp|Q8AV58|SDK1_CHICK	40.000	100	58	1	3269	3562	1228	1327	3.37e-10	70.1
mRNA::ntLink_6:1258449-1259885	sp|P25291|GP2_CANLF	40.000	130	69	4	999	1382	33	155	1.65e-19	94.7
mRNA::ntLink_6:1272939-1276267	sp|Q91X17|UROM_MOUSE	41.250	80	43	2	1	237	214	290	7.24e-09	63.9
mRNA::ntLink_6:1278203-1284789	sp|P25291|GP2_CANLF	42.735	117	58	4	3442	3789	34	142	4.95e-17	90.5
mRNA::ntLink_6:1287435-1290573	sp|Q64487|PTPRD_MOUSE	38.202	89	55	0	2719	2985	918	1006	5.87e-08	61.2
mRNA::ntLink_6:1351921-1359989	sp|Q13332|PTPRS_HUMAN	39.604	101	58	1	3600	3893	618	718	1.03e-10	72.0
mRNA::ntLink_6:1360784-1378074	sp|Q9NBX4|RTXE_DROME	23.678	397	269	9	10964	12082	463	849	8.17e-20	102
mRNA::ntLink_6:1378823-1387838	sp|Q9NBX4|RTXE_DROME	22.826	276	199	4	3073	3879	581	849	4.22e-25	82.4
mRNA::ntLink_6:1388603-1398691	sp|P25291|GP2_CANLF	41.085	129	67	4	1039	1419	34	155	9.62e-19	96.7
mRNA::ntLink_6:1407486-1426569	sp|P0CT39|TF26_SCHPO	25.790	981	635	27	12202	9455	266	1218	2.66e-89	327
mRNA::ntLink_6:1449037-1467266	sp|P25291|GP2_CANLF	39.286	140	73	5	12568	12981	26	155	1.78e-17	93.6
mRNA::ntLink_6:1470464-1474213	sp|O43396|TXNL1_HUMAN	67.500	40	13	0	2034	1915	124	163	6.08e-07	56.2
mRNA::ntLink_6:1474364-1494727	sp|Q9ERH3|WDR7_RAT	64.567	127	42	1	16076	16456	1153	1276	1.06e-36	158
mRNA::ntLink_6:1496169-1498461	sp|Q9H2I8|LRMDA_HUMAN	39.726	73	44	0	1402	1184	16	88	1.25e-09	62.0
mRNA::ntLink_6:1502633-1509920	sp|O60290|ZN862_HUMAN	22.155	659	417	26	4009	5880	475	1072	6.63e-14	82.0
mRNA::ntLink_6:1516506-1542576	sp|Q9QYF3|MYO5A_RAT	78.481	79	17	0	4247	4483	205	283	6.24e-29	134
mRNA::ntLink_6:1558207-1575121	sp|Q8T5G8|CHS_MELAT	50.505	99	48	1	7727	7431	1048	1145	3.73e-23	114
mRNA::ntLink_6:1577318-1590222	sp|P34284|FBXL_CAEEL	26.923	130	93	2	7332	6946	125	253	2.61e-06	57.4
mRNA::ntLink_6:1590513-1593894	sp|O15182|CETN3_HUMAN	87.500	64	8	0	1866	2057	90	153	1.81e-29	119
mRNA::ntLink_6:1595482-1639314	sp|Q71LX4|TLN2_MOUSE	76.364	55	13	0	14856	14692	1493	1547	1.33e-23	85.1
mRNA::ntLink_6:1662954-1669239	sp|Q96AY4|TTC28_HUMAN	30.727	550	379	1	34	1683	280	827	8.09e-74	279
mRNA::ntLink_6:1677469-1683274	sp|Q80XJ3|TTC28_MOUSE	32.243	214	145	0	43	684	437	650	2.67e-24	116
mRNA::ntLink_6:1693813-1696428	sp|Q96AY4|TTC28_HUMAN	32.015	531	359	1	825	2417	280	808	4.93e-77	278
mRNA::ntLink_6:1696723-1699249	sp|Q55E58|PATS1_DICDI	23.153	406	220	14	850	2019	1795	2124	6.80e-20	99.8
mRNA::ntLink_6:1715233-1717327	sp|Q80XJ3|TTC28_MOUSE	31.308	214	147	0	43	684	437	650	1.78e-24	114
mRNA::ntLink_6:1717342-1721039	sp|Q55E58|PATS1_DICDI	26.378	254	154	9	229	951	1881	2114	9.46e-11	70.9
mRNA::ntLink_6:1743690-1754153	sp|Q96AY4|TTC28_HUMAN	29.780	591	407	2	13	1761	316	906	2.68e-79	298
mRNA::ntLink_6:1761499-1762883	sp|Q96AY4|TTC28_HUMAN	33.705	359	235	1	1122	55	363	721	9.10e-59	212
mRNA::ntLink_6:1762960-1764939	sp|Q96AY4|TTC28_HUMAN	33.795	361	236	1	1098	25	344	704	1.44e-57	215
mRNA::ntLink_6:1777812-1792467	sp|Q96AY4|TTC28_HUMAN	33.062	369	242	2	58	1164	283	646	3.06e-50	203
mRNA::ntLink_6:1830684-1835747	sp|P62494|RB11A_RAT	96.923	65	2	0	1307	1501	79	143	1.26e-38	134
mRNA::ntLink_6:1841956-1867455	sp|O75762|TRPA1_HUMAN	44.828	58	32	0	7410	7583	95	152	4.07e-07	61.6
mRNA::ntLink_6:1869754-1887246	sp|Q91W50|CSDE1_MOUSE	41.111	90	45	2	8667	8404	238	321	3.74e-09	67.4
mRNA::ntLink_6:1930287-1961594	sp|P81274|GPSM2_HUMAN	33.846	195	122	1	21307	21891	167	354	4.21e-21	107
mRNA::ntLink_6:2010259-2012270	sp|P70550|RAB8B_RAT	63.636	33	12	0	1714	1616	109	141	1.25e-06	53.5
mRNA::ntLink_6:2051201-2067355	sp|Q96AY4|TTC28_HUMAN	28.278	633	451	2	888	2777	473	1105	7.59e-69	265
mRNA::ntLink_6:2145305-2149657	sp|Q5R4A3|RAB8A_PONAB	60.606	99	2	1	4142	3846	1	62	5.29e-25	107
mRNA::ntLink_6:2152512-2159912	sp|P22127|RAB10_DIPOM	58.140	43	18	0	1	129	1	43	1.93e-08	60.5
mRNA::ntLink_6:2160132-2166873	sp|Q9SF91|RAE1E_ARATH	70.370	27	8	0	6729	6649	12	38	3.97e-12	48.5
mRNA::ntLink_6:2174791-2181537	sp|P22127|RAB10_DIPOM	58.140	43	18	0	1	129	1	43	2.63e-08	60.1
mRNA::ntLink_6:2185843-2199020	sp|O43345|ZN208_HUMAN	22.824	1218	692	46	5832	2296	188	1196	9.76e-42	174
mRNA::ntLink_6:2235884-2242485	sp|O57478|HEMH_XENLA	77.966	59	13	0	2851	3027	164	222	3.89e-22	105
mRNA::ntLink_6:2250766-2251887	sp|Q9DBI0|TMPS6_MOUSE	50.794	63	29	2	614	799	568	629	4.97e-12	71.2
mRNA::ntLink_6:2252561-2252861	sp|Q27081|CFB_TACTR	46.809	94	41	2	13	267	256	349	3.76e-14	69.7
mRNA::ntLink_6:2254349-2255441	sp|Q8NHM4|TRY6_HUMAN	45.588	136	65	4	685	1089	119	246	2.96e-28	114
mRNA::ntLink_6:2266441-2276113	sp|A6QLK6|GRAP_BOVIN	37.500	56	35	0	9502	9669	158	213	5.86e-07	56.6
mRNA::ntLink_6:2317440-2339518	sp|Q2HJ49|MOES_BOVIN	49.206	63	32	0	15098	14910	95	157	6.80e-10	70.1
mRNA::ntLink_6:2361673-2365966	sp|Q6ZQY2|LR74B_HUMAN	53.535	99	46	0	1433	1137	210	308	2.94e-19	95.5
mRNA::ntLink_6:2373597-2379181	sp|P02385|RL4B_XENLA	69.524	105	31	1	4755	4444	1	105	7.36e-40	157
mRNA::ntLink_6:2383832-2385590	sp|P53795|HINT_CAEEL	73.333	30	8	0	93	4	101	130	2.64e-09	58.9
mRNA::ntLink_6:2386551-2392800	sp|Q8VIF7|SBP1_RAT	68.000	75	24	0	618	394	345	419	8.55e-23	108
mRNA::ntLink_6:2394684-2407098	sp|Q69Z38|PEAK1_MOUSE	29.500	400	188	8	11425	12399	1352	1732	9.87e-29	132
mRNA::ntLink_6:2410111-2412719	sp|O08950|T2AG_RAT	88.636	44	5	0	1070	1201	58	101	6.12e-19	86.7
mRNA::ntLink_6:2417980-2422586	sp|P49030|MGN2_ORYSJ	87.500	32	4	0	4537	4442	15	46	1.15e-15	63.2
mRNA::ntLink_6:2436694-2439803	sp|Q8N6G5|CGAT2_HUMAN	31.536	371	218	8	316	1356	61	419	2.24e-45	176
mRNA::ntLink_6:2446671-2448836	sp|Q9JHJ0|TMOD3_MOUSE	46.809	94	48	1	327	52	43	136	1.81e-15	82.4
mRNA::ntLink_6:2451260-2477970	sp|Q07157|ZO1_HUMAN	71.212	66	18	1	3795	3601	1625	1690	3.49e-18	98.6
mRNA::ntLink_6:2491179-2527435	sp|P70211|DCC_MOUSE	45.631	103	52	3	30042	29746	41	143	5.86e-15	88.2
mRNA::ntLink_6:2532976-2533266	sp|Q8BP40|PPA6_MOUSE	34.884	86	46	3	42	278	26	108	1.10e-06	48.5
mRNA::ntLink_6:2585402-2607904	sp|P70211|DCC_MOUSE	35.802	162	93	5	14434	13973	41	199	6.36e-16	90.5
mRNA::ntLink_6:2610546-2622828	sp|Q8BP40|PPA6_MOUSE	47.273	55	27	1	4018	4176	98	152	7.72e-06	55.5
mRNA::ntLink_6:2658913-2664360	sp|Q8K4Z4|ADRB2_CAVPO	34.737	95	52	3	1387	1112	65	152	2.79e-06	55.8
mRNA::ntLink_6:2696826-2701759	sp|Q8K4Z4|ADRB2_CAVPO	36.842	95	50	3	1410	1135	65	152	1.22e-06	56.6
mRNA::ntLink_6:2715718-2720868	sp|P18762|ADRB2_MOUSE	35.789	95	51	3	1357	1082	65	152	1.71e-06	56.2
mRNA::ntLink_6:2727747-2734866	sp|P24463|CP3AC_CANLF	42.963	135	73	1	5846	6238	302	436	9.73e-25	114
mRNA::ntLink_6:2737790-2749013	sp|Q8LHH9|SHL2_ORYSJ	52.137	117	55	1	5347	5000	845	961	3.08e-57	125
mRNA::ntLink_6:2764982-2767072	sp|P0C6B8|SVEP1_RAT	37.607	117	71	1	1713	2057	1500	1616	2.25e-20	100
mRNA::ntLink_6:2777819-2778850	sp|A0A1D5NSM8|SVEP1_DANRE	40.351	114	66	1	651	986	1504	1617	2.57e-21	99.0
mRNA::ntLink_6:2794747-2796608	sp|A0A1D5NSM8|SVEP1_DANRE	43.860	114	62	1	1481	1816	1504	1617	9.59e-21	101
mRNA::ntLink_6:2811768-2858245	sp|A0A1D5NSM8|SVEP1_DANRE	44.248	113	61	1	25547	25879	1505	1617	7.38e-22	111
mRNA::ntLink_6:2863956-2864987	sp|A0A1D5NSM8|SVEP1_DANRE	40.351	114	66	1	651	986	1504	1617	2.57e-21	99.0
mRNA::ntLink_6:2879022-2882745	sp|A0A1D5NSM8|SVEP1_DANRE	43.860	114	62	1	3343	3678	1504	1617	4.38e-20	101
mRNA::ntLink_6:2897905-2900093	sp|A0A1D5NSM8|SVEP1_DANRE	41.593	113	64	1	1811	2143	1505	1617	6.42e-21	102
mRNA::ntLink_6:2919874-2923826	sp|P0C6B8|SVEP1_RAT	40.458	131	71	2	3524	3910	1487	1612	2.82e-23	112
mRNA::ntLink_6:2940432-2944382	sp|A0A1D5NSM8|SVEP1_DANRE	38.053	113	68	1	3573	3905	1505	1617	1.19e-19	100
mRNA::ntLink_6:2949023-2951111	sp|A0A1D5NSM8|SVEP1_DANRE	40.351	114	66	1	1708	2043	1504	1617	5.61e-20	99.4
mRNA::ntLink_6:2968883-2971063	sp|A0A1D5NSM8|SVEP1_DANRE	43.363	113	62	1	1803	2135	1505	1617	1.53e-22	107
mRNA::ntLink_6:2987794-2992790	sp|O18276|GBRB_CAEEL	50.000	90	45	0	4604	4873	256	345	8.46e-20	99.4
mRNA::ntLink_6:3025633-3032048	sp|Q8N6Q8|MET25_HUMAN	39.535	86	37	2	1692	1949	351	421	2.44e-09	66.2
mRNA::ntLink_6:3033453-3073750	sp|E9Q4Z2|ACACB_MOUSE	83.333	66	11	0	36897	36700	232	297	4.70e-25	121
mRNA::ntLink_6:3111067-3119137	sp|Q95SX7|RTBS_DROME	28.148	135	89	3	6517	6903	549	681	6.90e-06	55.8
mRNA::ntLink_6:3167298-3172196	sp|Q8N945|PRLD2_HUMAN	47.826	46	24	0	1651	1514	90	135	3.05e-06	53.1
mRNA::ntLink_6:3179560-3191337	sp|Q6NUT3|MFS12_HUMAN	32.484	157	102	2	8432	7962	19	171	1.17e-14	84.0
mRNA::ntLink_6:3215010-3223667	sp|Q6NUT3|MFS12_HUMAN	30.435	161	108	2	7623	7141	19	175	2.20e-13	79.3
mRNA::ntLink_6:3229327-3239579	sp|Q6NUT3|MFS12_HUMAN	33.529	170	106	3	7015	6506	19	181	3.30e-17	91.7
mRNA::ntLink_6:3307862-3318250	sp|Q6NUT3|MFS12_HUMAN	30.519	154	103	2	9880	9419	22	171	3.81e-11	72.4
mRNA::ntLink_6:3321636-3333008	sp|Q6NUT3|MFS12_HUMAN	29.630	108	74	1	11318	10995	66	171	2.52e-06	57.4
mRNA::ntLink_6:3339806-3345740	sp|Q6NUT3|MFS12_HUMAN	33.544	158	101	2	4952	4479	22	175	1.19e-13	79.7
mRNA::ntLink_6:3359032-3379605	sp|Q80Z38|SHAN2_MOUSE	49.296	71	36	0	20334	20546	1403	1473	7.20e-13	80.5
mRNA::ntLink_6:3414527-3420124	sp|F1R8P4|GLRA2_DANRE	56.164	73	32	0	3576	3794	237	309	3.74e-11	71.6
mRNA::ntLink_6:3428466-3430334	sp|F1R8P4|GLRA2_DANRE	56.164	73	32	0	359	577	237	309	1.06e-11	71.2
mRNA::ntLink_6:3440655-3441786	sp|P21548|GBRG2_CHICK	53.333	45	21	0	1	135	284	328	3.64e-06	52.4
mRNA::ntLink_6:3444081-3457155	sp|P24045|GBRB4_CHICK	36.364	77	48	1	8631	8858	80	156	3.24e-11	55.1
mRNA::ntLink_6:3468351-3474824	sp|O18276|GBRB_CAEEL	55.556	99	44	0	5462	5758	247	345	5.30e-24	112
mRNA::ntLink_6:3478854-3481369	sp|P56476|GBRR2_MOUSE	35.526	76	46	2	2276	2497	97	171	4.40e-06	53.9
mRNA::ntLink_6:3483022-3484217	sp|O93430|GLRA1_DANRE	42.969	128	63	1	25	378	228	355	2.74e-24	107
mRNA::ntLink_6:3485585-3487270	sp|Q9Y5X5|NPFF2_HUMAN	37.984	129	71	2	1685	1326	229	357	1.03e-13	77.4
mRNA::ntLink_6:3497384-3505176	sp|Q9Z2D5|NPY2R_CAVPO	35.714	224	121	6	46	651	26	248	9.65e-30	127
mRNA::ntLink_6:3537970-3539080	sp|O42452|OPSD_PARKN	23.810	273	193	3	987	196	20	286	6.07e-15	77.8
mRNA::ntLink_6:3544456-3548865	sp|Q963B6|RL10A_SPOFR	73.864	88	23	0	794	1057	1	88	1.35e-36	141
mRNA::ntLink_6:3556817-3611924	sp|P0CT40|TF29_SCHPO	28.026	760	503	17	17365	19581	397	1133	3.55e-83	309
mRNA::ntLink_6:3619168-3621309	sp|Q5RAX4|CDAC1_PONAB	28.788	462	236	14	10	1188	24	461	6.89e-34	140
mRNA::ntLink_6:3626920-3630476	sp|Q9BWV3|CDAC1_HUMAN	28.825	451	245	19	28	1194	32	468	1.03e-31	134
mRNA::ntLink_6:3634396-3636391	sp|Q4R683|CDAC1_MACFA	29.560	477	256	16	628	1866	9	469	4.16e-39	154
mRNA::ntLink_6:3655883-3657193	sp|Q9BWV3|CDAC1_HUMAN	28.539	445	253	12	75	1235	31	468	9.42e-39	149
mRNA::ntLink_6:3665067-3666432	sp|Q9BWV3|CDAC1_HUMAN	27.273	440	232	10	91	1197	23	445	5.46e-37	145
mRNA::ntLink_6:3673365-3681443	sp|Q58CW6|CARTF_BOVIN	52.500	120	54	2	7760	7410	157	276	9.02e-30	132
mRNA::ntLink_6:3686346-3698035	sp|Q9Z0X4|PDE3A_MOUSE	75.714	70	17	0	9897	10106	855	924	1.13e-22	111
mRNA::ntLink_6:3703610-3712623	sp|Q86UF1|TSN33_HUMAN	40.659	91	42	2	3228	3500	20	98	6.57e-09	63.5
mRNA::ntLink_6:3717731-3718661	sp|G3M4F8|OCTB2_CHISP	34.109	129	80	2	25	402	46	172	5.03e-10	63.5
mRNA::ntLink_6:3723440-3730892	sp|Q2HJF7|KCC2D_BOVIN	78.689	183	39	0	7452	6904	50	232	1.27e-92	313
mRNA::ntLink_6:3808793-3809933	sp|P97292|HRH2_MOUSE	25.088	283	178	9	1032	256	23	295	1.39e-10	66.2
mRNA::ntLink_6:3854553-3855757	sp|P97292|HRH2_MOUSE	26.007	273	172	8	1066	314	31	295	6.29e-13	73.6
mRNA::ntLink_6:3859230-3860178	sp|Q9GLJ8|MC4R_BOVIN	22.476	307	210	9	942	52	23	311	4.81e-11	66.2
mRNA::ntLink_6:3862331-3863267	sp|P97292|HRH2_MOUSE	23.607	305	198	7	873	34	8	302	1.41e-09	62.4
mRNA::ntLink_6:3887809-3889717	sp|P97292|HRH2_MOUSE	24.516	310	171	12	1082	1906	4	285	4.87e-09	62.4
mRNA::ntLink_6:3891439-3902167	sp|P17336|CATA_DROME	77.895	95	21	0	8124	7840	21	115	1.81e-39	159
mRNA::ntLink_6:3905730-3917594	sp|Q9PVE8|C330_FUNHE	40.541	74	41	1	3051	2839	267	340	3.07e-10	70.1
mRNA::ntLink_6:3920158-3929514	sp|P33268|CP3A8_MACFA	59.574	47	19	0	1932	1792	372	418	4.70e-10	68.9
mRNA::ntLink_6:3932083-3939414	sp|Q87PP5|BCCT1_VIBPA	37.713	411	220	10	1902	673	182	557	1.00e-81	285
mRNA::ntLink_6:3954197-3955838	sp|Q9BX84|TRPM6_HUMAN	45.045	111	60	1	1282	1614	1868	1977	9.05e-22	103
mRNA::ntLink_6:4016407-4025998	sp|P17336|CATA_DROME	74.000	100	26	0	1194	1493	16	115	1.82e-39	159
mRNA::ntLink_6:4036769-4038476	sp|P79898|OPSD_SARDI	26.531	196	141	2	40	618	31	226	4.92e-19	92.4
mRNA::ntLink_6:4047709-4102976	sp|P13608|PGCA_BOVIN	35.156	128	75	4	29984	30358	2154	2276	1.61e-13	84.3
mRNA::ntLink_6:4108035-4122059	sp|P50607|TUB_HUMAN	90.698	43	4	0	13893	14021	464	506	7.91e-17	91.3
mRNA::ntLink_6:4129074-4130763	sp|Q9Z2D7|MBD4_MOUSE	59.770	87	33	1	1014	760	388	474	2.62e-25	113
mRNA::ntLink_6:4130949-4153782	sp|Q921G8|GCP2_MOUSE	52.273	88	38	2	20849	21106	806	891	3.98e-15	87.8
mRNA::ntLink_6:4155754-4169754	sp|Q6DCD5|TMTC2_XENLA	38.636	264	136	5	11508	10735	242	485	2.14e-42	174
mRNA::ntLink_6:4181304-4182270	sp|P11617|AA2AR_CANLF	25.153	326	181	14	864	31	23	333	1.91e-10	65.1
mRNA::ntLink_6:4185423-4186900	sp|Q17232|OAR_BOMMO	31.132	106	71	1	522	205	372	475	4.35e-07	56.2
mRNA::ntLink_6:4197269-4198400	sp|Q61473|SOX17_MOUSE	45.865	133	60	4	1047	679	65	195	6.87e-32	127
mRNA::ntLink_6:4208138-4222983	sp|B8JKV0|AMN1_MOUSE	45.946	74	40	0	13097	12876	106	179	7.94e-12	72.4
mRNA::ntLink_6:4226988-4232043	sp|Q9Y315|DEOC_HUMAN	61.765	136	49	1	22	429	1	133	5.15e-49	181
mRNA::ntLink_6:4240200-4241886	sp|Q54WT7|CTNS_DICDI	35.374	147	92	1	43	474	12	158	4.26e-22	100
mRNA::ntLink_6:4250359-4251022	sp|Q5FVH4|AKTIP_RAT	37.778	135	83	1	43	444	78	212	3.01e-25	103
mRNA::ntLink_6:4272602-4273619	sp|P53454|DRD5L_TAKRU	26.578	301	185	12	64	864	54	352	2.21e-12	71.2
mRNA::ntLink_6:4288559-4289699	sp|Q4G0X4|KCD21_HUMAN	54.386	114	51	1	582	244	5	118	1.79e-31	123
mRNA::ntLink_6:4292085-4292748	sp|Q3URF8|KCD21_MOUSE	54.839	93	40	1	639	367	5	97	1.82e-27	108
mRNA::ntLink_6:4300375-4301374	sp|P61752|HRH2_PONPY	26.957	345	201	12	966	13	11	331	2.33e-16	82.4
mRNA::ntLink_6:4313434-4335151	sp|Q01406|SRC8_CHICK	75.610	41	10	0	21586	21708	520	560	1.25e-10	72.4
mRNA::ntLink_6:4343586-4353598	sp|Q149M9|NWD1_HUMAN	38.068	352	199	7	5963	6976	562	908	4.51e-55	218
mRNA::ntLink_6:4395506-4406297	sp|Q66KB7|UEVLD_XENTR	50.909	55	27	0	6131	5967	65	119	6.48e-14	81.3
mRNA::ntLink_6:4406631-4418794	sp|Q9CXF4|TBC15_MOUSE	43.299	97	25	1	9270	9560	434	500	5.86e-13	79.3
mRNA::ntLink_6:4420784-4436607	sp|Q6P1E8|EFCB6_MOUSE	34.328	67	44	0	15605	15805	1446	1512	8.96e-08	63.2
mRNA::ntLink_6:4444979-4446000	sp|Q6P1E8|EFCB6_MOUSE	34.328	67	44	0	803	1003	1446	1512	1.98e-09	62.8
mRNA::ntLink_6:4454590-4457916	sp|Q6P1E8|EFCB6_MOUSE	34.328	67	44	0	3108	3308	1446	1512	1.52e-08	63.2
mRNA::ntLink_6:4476163-4494881	sp|Q54KD0|Y7407_DICDI	32.927	82	54	1	1061	1306	367	447	3.88e-09	68.2
mRNA::ntLink_6:4498511-4504947	sp|P30549|NK2R_MOUSE	32.903	155	98	3	982	533	129	282	9.81e-09	63.5
mRNA::ntLink_6:4507322-4512133	sp|P79218|NK2R_RABIT	34.868	152	92	4	1692	1249	128	276	2.19e-13	77.8
mRNA::ntLink_6:4528888-4544432	sp|A6QLU6|AGRD1_BOVIN	48.485	99	40	2	1470	1186	788	879	2.50e-16	90.9
mRNA::ntLink_6:4572238-4576836	sp|P14615|PA2N3_BUNFA	56.250	48	21	0	1865	1722	1	48	2.38e-09	60.1
mRNA::ntLink_6:4603236-4604198	sp|P04274|ADRB2_MESAU	26.235	324	193	12	6	860	53	369	2.06e-18	88.6
mRNA::ntLink_6:4607208-4615530	sp|Q68F60|CUE2B_XENLA	73.913	46	12	0	141	4	224	269	1.41e-12	74.3
mRNA::ntLink_6:4729428-4738824	sp|Q03650|CRAM_TRYBB	40.053	377	226	0	1182	52	192	568	2.82e-55	215
mRNA::ntLink_6:4739575-4750644	sp|Q25214|SCAL_JUNCO	51.773	141	17	2	10330	10737	22	116	1.50e-31	125
mRNA::ntLink_6:4754883-4758095	sp|Q9NQ88|TIGAR_HUMAN	29.944	177	107	6	504	16	90	263	1.60e-10	66.6
mRNA::ntLink_6:4771091-4780995	sp|Q9ESN6|TRIM2_MOUSE	43.243	74	38	2	1584	1372	23	95	3.00e-11	73.6
mRNA::ntLink_6:4796541-4804767	sp|Q9DB41|GHC2_MOUSE	50.000	96	45	1	7933	8211	221	316	1.39e-20	99.0
mRNA::ntLink_6:4819527-4820472	sp|O42574|ADRB1_XENLA	29.866	298	171	9	846	52	47	339	7.15e-18	86.7
mRNA::ntLink_6:4834719-4841203	sp|Q7RTR2|NLRC3_HUMAN	47.309	353	186	0	1065	7	689	1041	3.32e-69	259
mRNA::ntLink_6:4865185-4869264	sp|Q7RTR2|NLRC3_HUMAN	45.745	188	100	1	570	7	684	869	9.42e-30	132
mRNA::ntLink_6:4895883-4900196	sp|Q7RTR2|NLRC3_HUMAN	45.455	176	96	0	540	13	717	892	8.24e-25	116
mRNA::ntLink_6:4915230-4919394	sp|B1VEI4|MSHA_CORU7	25.680	331	203	14	3906	2992	93	406	1.83e-12	75.1
mRNA::ntLink_6:4938182-4940713	sp|Q96LT4|SAMD8_HUMAN	43.071	267	120	4	2507	1773	9	265	1.51e-51	189
mRNA::ntLink_6:4944400-4956230	sp|Q16543|CDC37_HUMAN	48.571	70	36	0	7112	7321	149	218	4.49e-15	84.0
mRNA::ntLink_6:4958874-4978947	sp|F1QH17|MCA3A_DANRE	73.276	116	31	0	15839	15492	203	318	2.61e-47	194
mRNA::ntLink_6:5008462-5012594	sp|Q9D3X5|PACRL_MOUSE	80.645	31	6	0	1289	1381	92	122	7.37e-18	57.4
mRNA::ntLink_6:5057148-5069973	sp|Q05B30|WDR91_XENTR	62.162	37	14	0	2646	2536	557	593	4.02e-06	57.0
mRNA::ntLink_6:5070572-5072799	sp|Q5ZLL7|WDR91_CHICK	49.438	89	45	0	1093	827	41	129	4.26e-21	102
mRNA::ntLink_6:5073128-5076291	sp|P54186|D1_ONCVO	68.750	64	20	0	1688	1879	52	115	8.38e-24	102
mRNA::ntLink_6:5087325-5133470	sp|Q9CZR2|NALD2_MOUSE	43.418	433	232	6	44871	46136	309	739	1.94e-101	350
mRNA::ntLink_6:5134523-5150905	sp|Q5R952|NOC3L_PONAB	60.714	56	22	0	5764	5597	492	547	2.77e-11	74.3
mRNA::ntLink_6:5161038-5166932	sp|O95427|PIGN_HUMAN	44.165	557	282	7	1680	25	390	922	1.09e-96	339
mRNA::ntLink_6:5167339-5169776	sp|P41826|HSP72_ANOAL	72.862	608	163	2	22	1845	4	609	0.0	909
mRNA::ntLink_6:5198685-5199123	sp|Q9R1S3|PIGN_MOUSE	67.290	107	35	0	408	88	4	110	1.55e-44	158
mRNA::ntLink_6:5199177-5201716	sp|P41826|HSP72_ANOAL	71.474	624	175	3	383	2254	4	624	0.0	924
mRNA::ntLink_6:5217131-5219121	sp|O97125|HSP68_DROME	73.428	636	155	2	19	1890	2	635	0.0	957
mRNA::ntLink_6:5237701-5240920	sp|Q9R1S3|PIGN_MOUSE	64.151	53	19	0	3130	2972	62	114	1.60e-20	83.2
mRNA::ntLink_6:5244470-5246789	sp|O97125|HSP68_DROME	73.113	636	157	2	19	1890	2	635	0.0	956
mRNA::ntLink_6:5251118-5264372	sp|Q8VIJ5|OGA_RAT	38.991	218	85	3	8095	7442	248	417	3.64e-35	152
mRNA::ntLink_6:5281162-5286911	sp|Q12986|NFX1_HUMAN	46.244	852	408	16	3098	5611	266	1081	0.0	724
mRNA::ntLink_6:5290335-5307473	sp|Q5R9B3|CC186_PONAB	67.797	59	18	1	16518	16691	615	673	4.17e-12	77.0
mRNA::ntLink_6:5310317-5323584	sp|Q8TF61|FBX41_HUMAN	31.169	154	70	3	12097	12558	737	854	1.78e-07	61.6
mRNA::ntLink_6:5324142-5325878	sp|Q9VUL9|FUCTA_DROME	37.908	306	171	9	810	1697	180	476	3.06e-52	189
mRNA::ntLink_6:5331138-5332233	sp|Q0VC81|AA3R_BOVIN	25.743	303	180	12	121	963	23	302	4.10e-10	63.9
mRNA::ntLink_6:5332973-5336041	sp|Q8TF61|FBX41_HUMAN	34.146	123	57	2	2022	2390	762	860	5.62e-08	60.8
mRNA::ntLink_6:5383693-5391578	sp|Q5VZY2|PLPP4_HUMAN	59.524	42	17	0	3571	3446	107	148	2.85e-09	64.3
mRNA::ntLink_6:5391812-5400098	sp|F2Z5G5|ACTZ_PIG	86.667	45	6	0	4545	4679	144	188	1.69e-15	84.3
mRNA::ntLink_6:5415047-5419996	sp|Q80UM7|MOGS_MOUSE	43.385	650	334	10	3069	4946	195	834	4.35e-161	514
mRNA::ntLink_6:5443925-5451391	sp|Q9NTM9|CUTC_HUMAN	66.667	57	19	0	1859	2029	64	120	8.46e-15	80.9
mRNA::ntLink_6:5455153-5456236	sp|Q95N27|PP16B_BOVIN	35.938	128	66	3	643	993	166	288	1.55e-14	78.6
mRNA::ntLink_6:5484000-5488471	sp|P00767|CTRB_BOVIN	33.333	240	142	7	711	4	20	245	9.06e-36	140
mRNA::ntLink_6:5508853-5509948	sp|P55039|DRG2_HUMAN	78.571	364	78	0	1095	4	1	364	0.0	589
mRNA::ntLink_6:5510289-5523855	sp|Q03650|CRAM_TRYBB	29.151	542	360	4	8766	7141	333	850	1.13e-36	157
mRNA::ntLink_6:5525900-5532707	sp|Q08288|LYAR_MOUSE	56.322	87	35	2	6807	6547	1	84	8.56e-20	97.8
mRNA::ntLink_6:5533133-5537301	sp|Q8R087|B4GT7_MOUSE	71.429	77	21	1	2174	2404	137	212	8.96e-28	119
mRNA::ntLink_6:5554766-5555288	sp|A0A0R4IY06|PLAT1_DANRE	28.571	126	72	4	426	91	30	151	8.50e-07	50.1
mRNA::ntLink_6:5560536-5567331	sp|Q6PFL8|THYN1_DANRE	67.568	37	11	1	4069	4179	101	136	1.53e-08	61.2
mRNA::ntLink_6:5568528-5574593	sp|Q86AQ7|VAM7B_DICDI	56.604	53	22	1	1	159	1	52	3.86e-07	57.4
mRNA::ntLink_6:5580116-5592947	sp|Q5XK92|CIP2A_XENLA	86.486	37	5	0	9075	9185	636	672	3.70e-10	65.1
mRNA::ntLink_6:5596296-5608226	sp|O35474|EDIL3_MOUSE	34.906	106	56	3	7616	7323	157	257	1.42e-09	67.8
mRNA::ntLink_6:5608477-5612101	sp|Q8IVV2|LOXH1_HUMAN	57.447	47	20	0	2655	2515	45	91	2.33e-06	56.2
mRNA::ntLink_6:5616701-5632214	sp|P07439|LEC3_MEGRO	37.143	70	44	0	12116	12325	87	156	3.25e-09	62.8
mRNA::ntLink_6:5693472-5694598	sp|Q9CYL5|GAPR1_MOUSE	28.378	148	89	4	704	1114	12	153	3.13e-06	50.1
mRNA::ntLink_6:5695148-5696171	sp|P81018|LADD_ONCMY	41.538	65	37	1	823	1014	52	116	2.79e-07	53.9
mRNA::ntLink_6:5705953-5729293	sp|Q80X19|COEA1_MOUSE	31.522	184	118	4	1143	1688	159	336	3.54e-17	94.7
mRNA::ntLink_6:5733158-5739753	sp|Q66S03|LECG_THANI	27.068	133	91	3	2473	2859	29	159	1.69e-10	65.1
mRNA::ntLink_6:5743473-5751461	sp|P47937|NK3R_MOUSE	30.168	358	217	11	7799	6780	72	414	1.66e-28	125
mRNA::ntLink_6:5773088-5777017	sp|Q7SXV2|AEBP2_DANRE	47.573	103	53	1	3464	3156	170	271	2.57e-26	117
mRNA::ntLink_6:5778589-5779462	sp|Q96K80|ZC3HA_HUMAN	35.685	241	97	7	79	630	39	278	1.64e-34	132
mRNA::ntLink_6:5786380-5808852	sp|Q6ZUJ8|BCAP_HUMAN	50.000	64	32	0	5768	5959	331	394	1.50e-07	62.8
mRNA::ntLink_6:5823168-5826268	sp|O43903|GAS2_HUMAN	50.000	156	78	0	31	498	21	176	6.67e-45	168
mRNA::ntLink_6:5836461-5858771	sp|Q9D8S3|ARFG3_MOUSE	53.012	83	14	1	22289	22041	6	63	4.42e-17	92.8
mRNA::ntLink_6:5874253-5887612	sp|O77564|FOLH1_PIG	41.304	92	51	2	11323	11057	78	169	2.42e-11	74.3
mRNA::ntLink_6:5921826-5932391	sp|Q9R194|CRY2_MOUSE	66.923	130	43	0	85	474	23	152	2.15e-49	191
mRNA::ntLink_6:5936408-5943490	sp|P46529|CDN1B_NEOVI	48.214	56	29	0	978	811	24	79	6.98e-12	69.7
mRNA::ntLink_6:5950688-5955408	sp|P21521|SY65_DROME	60.194	103	41	0	312	4	360	462	1.03e-27	122
mRNA::ntLink_6:5960716-5964436	sp|Q8IV01|SYT12_HUMAN	45.631	103	55	1	315	7	318	419	2.88e-18	92.8
mRNA::ntLink_6:5966537-5973579	sp|Q9P2G9|KLHL8_HUMAN	28.435	524	313	21	5192	6682	57	545	1.16e-37	155
mRNA::ntLink_6:5976902-5984905	sp|O43581|SYT7_HUMAN	24.852	169	107	4	1969	1511	97	261	6.09e-08	61.6
mRNA::ntLink_6:5987383-5996157	sp|Q91VM3|WIPI4_MOUSE	66.667	39	13	0	120	4	322	360	5.58e-10	67.8
mRNA::ntLink_6:6017725-6025267	sp|O43581|SYT7_HUMAN	55.689	167	67	3	6400	5915	134	298	7.40e-48	181
mRNA::ntLink_6:6073546-6087614	sp|P57769|SNX16_RAT	43.558	163	92	0	2817	3305	112	274	1.18e-39	156
mRNA::ntLink_6:6102107-6107078	sp|P21521|SY65_DROME	32.787	122	82	0	3868	3503	190	311	1.32e-16	88.6
mRNA::ntLink_6:6153327-6159051	sp|A0LMC1|PHNX_SYNFM	41.784	213	123	1	2758	3396	10	221	5.42e-54	194
mRNA::ntLink_6:6164973-6166455	sp|Q6P4M0|DHCR7_XENTR	49.886	437	200	5	208	1479	43	473	1.56e-136	405
mRNA::ntLink_6:6178648-6204113	sp|P0C605|KGP1_MOUSE	80.952	42	8	0	23207	23332	555	596	9.83e-12	76.3
mRNA::ntLink_6:6223104-6232503	sp|Q9D6J3|YJU2_MOUSE	85.714	35	5	0	2687	2791	9	43	1.65e-09	65.9
mRNA::ntLink_6:6234843-6241954	sp|Q5ZL33|STRAP_CHICK	86.000	50	7	0	186	37	257	306	1.27e-21	102
mRNA::ntLink_6:6252756-6259164	sp|Q9YHZ5|PIM2_DANRE	36.220	127	71	3	4442	4092	79	205	1.28e-16	86.7
mRNA::ntLink_6:6268795-6275345	sp|Q9YHZ5|PIM2_DANRE	37.795	127	69	3	4605	4255	79	205	3.98e-17	88.2
mRNA::ntLink_6:6286932-6295191	sp|Q9YHZ5|PIM2_DANRE	42.056	107	60	2	5181	4867	99	205	3.64e-17	88.6
mRNA::ntLink_6:6326654-6329135	sp|Q03601|NHL1_CAEEL	35.740	277	165	5	13	810	700	974	9.87e-40	162
mRNA::ntLink_6:6341283-6352053	sp|A7Y521|CSN4_PIG	80.392	51	10	0	3995	4147	189	239	1.41e-16	89.0
mRNA::ntLink_6:6353929-6373331	sp|A9YTQ3|AHRR_HUMAN	80.392	51	10	0	9749	9901	35	85	3.96e-16	90.5
mRNA::ntLink_6:6386002-6398066	sp|P11369|LORF2_MOUSE	37.879	66	40	1	6947	6750	64	128	1.08e-08	50.4
mRNA::ntLink_6:6410121-6411177	sp|P11617|AA2AR_CANLF	23.757	362	196	13	954	31	17	352	1.09e-12	72.4
mRNA::ntLink_6:6416621-6417815	sp|P11617|AA2AR_CANLF	24.217	351	208	11	954	31	17	352	3.01e-13	74.3
mRNA::ntLink_6:6453010-6456876	sp|Q9JJS0|SCUB2_MOUSE	34.302	172	103	4	1906	2400	634	802	1.17e-17	93.2
mRNA::ntLink_6:6459817-6479715	sp|P28271|ACOHC_MOUSE	83.784	74	12	0	12049	12270	422	495	2.52e-26	124
mRNA::ntLink_6:6481403-6498225	sp|O00423|EMAL1_HUMAN	65.000	40	14	0	556	437	731	770	2.03e-09	68.6
mRNA::ntLink_6:6541525-6549288	sp|Q90632|MOT3_CHICK	27.313	227	139	3	2113	1511	63	289	4.05e-13	78.6
mRNA::ntLink_6:6578603-6582191	sp|Q2QRV3|PIOX_ORYSJ	55.670	97	42	1	731	441	470	565	2.28e-24	113
mRNA::ntLink_6:6593952-6602632	sp|Q9SGH6|DOX1_ARATH	45.263	95	52	0	1029	745	477	571	9.71e-18	94.0
mRNA::ntLink_6:6622793-6625859	sp|Q5PRB3|PIHD2_DANRE	33.019	212	132	5	570	1193	69	274	3.66e-25	111
mRNA::ntLink_6:6648442-6666630	sp|P00541|FPS_AVISP	49.194	124	62	1	2971	2600	223	345	3.56e-31	136
mRNA::ntLink_6:6674355-6678026	sp|P08548|LIN1_NYCCO	31.188	202	112	7	336	872	685	882	1.25e-11	73.6
mRNA::ntLink_6:6680069-6690201	sp|Q8Y3L0|SERC_LISMO	73.684	38	10	0	2113	2000	223	260	1.54e-08	63.5
mRNA::ntLink_6:6714905-6716370	sp|P70232|NCHL1_MOUSE	38.202	89	50	1	264	13	239	327	5.30e-10	65.9
mRNA::ntLink_6:6738864-6813957	sp|Q61398|PCOC1_MOUSE	34.228	149	83	4	71673	71257	127	270	1.39e-15	89.4
mRNA::ntLink_6:6846330-6892840	sp|Q9WVM6|TLL2_MOUSE	34.146	123	76	1	6854	6486	453	570	1.79e-15	90.1
mRNA::ntLink_6:6903420-6922783	sp|P79953|OVCH2_XENLA	31.818	88	50	2	15109	14861	403	485	5.69e-09	44.7
mRNA::ntLink_6:6929033-6938599	sp|A8WGE3|COR2B_XENTR	42.690	171	89	2	7449	6937	65	226	9.63e-40	159
mRNA::ntLink_6:6942793-6946628	sp|Q6NWZ9|CDO1_DANRE	54.000	50	23	0	3805	3656	9	58	6.34e-20	65.9
mRNA::ntLink_6:6963176-6968999	sp|P29992|GNA11_HUMAN	98.413	63	1	0	5632	5820	297	359	3.99e-31	130
mRNA::ntLink_6:7059610-7063822	sp|P21328|RTJK_DROME	23.132	281	184	9	3229	4020	642	907	8.17e-11	70.9
mRNA::ntLink_6:7099579-7126307	sp|Q78IS1|TMED3_MOUSE	57.009	107	46	0	24910	25230	53	159	6.91e-33	133
mRNA::ntLink_6:7138420-7151144	sp|Q9Y6H5|SNCAP_HUMAN	36.170	94	60	0	5588	5869	451	544	1.39e-09	68.6
mRNA::ntLink_6:7156142-7175144	sp|P97739|ECE1_CAVPO	28.054	221	141	5	109	771	39	241	1.67e-20	104
mRNA::ntLink_6:7177922-7182561	sp|Q5E9Y6|PRUN1_BOVIN	37.162	148	84	6	447	10	221	361	4.00e-11	71.2
mRNA::ntLink_6:7185136-7186751	sp|Q6P0C6|LHPL2_DANRE	54.545	88	36	2	267	4	142	225	4.55e-20	92.8
mRNA::ntLink_6:7196200-7218351	sp|Q8BRK9|MA2A2_MOUSE	58.000	50	21	0	11886	11737	317	366	6.07e-20	64.7
mRNA::ntLink_6:7218562-7219252	sp|Q5R6Z8|CYBP_PONAB	43.694	222	120	3	10	669	3	221	4.24e-49	163
mRNA::ntLink_6:7221423-7226396	sp|Q1JQA3|AP3S2_BOVIN	94.872	39	2	0	1104	1220	54	92	3.67e-15	79.3
mRNA::ntLink_6:7259344-7262242	sp|Q91WS7|DEPD7_MOUSE	31.496	127	80	5	1	360	28	154	8.01e-11	69.7
mRNA::ntLink_6:7264630-7288579	sp|Q5U252|UBP47_XENLA	43.119	109	60	2	23928	23605	8	115	2.19e-14	85.5
mRNA::ntLink_6:7289079-7294145	sp|Q5RCS9|UFSP2_PONAB	50.000	80	37	1	893	1132	298	374	1.41e-17	91.7
mRNA::ntLink_6:7307349-7310142	sp|P79218|NK2R_RABIT	29.365	252	171	3	1	756	75	319	1.42e-22	104
mRNA::ntLink_6:7311491-7317981	sp|Q75N90|FBN3_HUMAN	36.340	776	390	33	4157	2082	682	1437	2.45e-94	346
mRNA::ntLink_6:7320400-7324716	sp|Q96RW7|HMCN1_HUMAN	39.819	221	115	9	2458	1829	5101	5314	1.95e-37	159
mRNA::ntLink_6:7328391-7333490	sp|P35555|FBN1_HUMAN	40.816	343	183	12	2426	1434	1184	1518	1.47e-54	215
mRNA::ntLink_6:7337742-7341989	sp|Q95SX7|RTBS_DROME	28.571	301	183	9	3694	2849	553	840	6.01e-22	107
mRNA::ntLink_6:7395864-7396959	sp|F1R332|GAL2A_DANRE	26.444	329	207	9	978	19	34	336	6.76e-23	101
mRNA::ntLink_6:7434577-7465557	sp|P21328|RTJK_DROME	26.961	204	135	4	11167	10571	697	891	1.71e-06	59.7
mRNA::ntLink_6:7512606-7528027	sp|P20825|POL2_DROME	31.624	117	79	1	4633	4286	415	531	1.46e-22	53.9
mRNA::ntLink_6:7556526-7558500	sp|Q9NUV9|GIMA4_HUMAN	30.047	213	133	4	890	255	30	227	2.53e-15	81.3
mRNA::ntLink_6:7559932-7560974	sp|Q99JY3|GIMA4_MOUSE	33.824	136	83	2	690	283	26	154	3.03e-14	76.3
mRNA::ntLink_6:7563562-7571096	sp|P80035|LIPF_CANLF	52.336	107	51	0	6637	6317	36	142	9.58e-29	124
mRNA::ntLink_6:7572128-7580508	sp|Q148A4|SAXO4_MOUSE	52.000	75	36	0	1	225	2	76	3.82e-14	81.3
mRNA::ntLink_6:7886174-7890422	sp|P28039|AOAH_HUMAN	53.608	194	88	2	2293	1715	318	510	3.58e-62	227
mRNA::ntLink_6:7897272-7909838	sp|Q80XC3|US6NL_MOUSE	44.444	99	22	1	5986	5690	130	195	1.09e-12	78.6
mRNA::ntLink_6:7916648-7918108	sp|Q9W6D8|BARX1_CHICK	48.352	91	40	1	1095	1346	62	152	1.81e-18	87.4
mRNA::ntLink_6:7920315-7944103	sp|Q7ZT42|SND1_DANRE	64.356	101	29	1	11214	10933	416	516	3.92e-31	139
mRNA::ntLink_6:7978115-7980689	sp|O00463|TRAF5_HUMAN	28.834	163	114	2	127	609	41	203	4.59e-10	67.0
mRNA::ntLink_6:8020976-8024803	sp|P57093|PAHX_RAT	53.571	224	99	3	3818	3162	5	228	1.51e-70	243
mRNA::ntLink_6:8026406-8044201	sp|P23606|TGM1_RAT	55.294	85	38	0	3027	2773	476	560	4.14e-22	109
mRNA::ntLink_6:8045359-8047001	sp|Q8R8N9|Y1956_CALS4	20.784	255	184	5	869	1627	29	267	2.10e-06	54.3
mRNA::ntLink_6:8049624-8057731	sp|Q9UBK7|RBL2A_HUMAN	71.795	39	11	0	3327	3211	100	138	1.57e-10	67.4
mRNA::ntLink_6:8060325-8075780	sp|D4A5U3|TGM3_RAT	56.471	85	37	0	11793	12047	361	445	6.74e-19	99.0
mRNA::ntLink_6:8142453-8154721	sp|Q9GLK0|TGM1_CANLF	57.831	83	35	0	8619	8867	466	548	1.78e-20	103
mRNA::ntLink_6:8160454-8169255	sp|Q5RIX9|E2F7_DANRE	76.744	43	10	0	7160	7032	185	227	9.00e-11	71.6
mRNA::ntLink_6:8169959-8198441	sp|Q92621|NU205_HUMAN	43.191	257	123	5	16921	17691	1024	1257	8.35e-51	206
mRNA::ntLink_6:8213672-8228227	sp|Q9BXY5|CAYP2_HUMAN	60.870	46	18	0	8980	9117	269	314	4.01e-08	63.5
mRNA::ntLink_6:8249689-8280587	sp|Q6P9J9|ANO6_MOUSE	67.500	40	13	0	8429	8310	539	578	5.34e-13	57.8
mRNA::ntLink_6:8281341-8286342	sp|P16330|CN37_MOUSE	44.444	72	39	1	3963	3751	17	88	2.59e-08	62.0
mRNA::ntLink_6:8293873-8306925	sp|P0DPU3|TX14A_SCODE	60.417	48	19	0	2515	2658	44	91	2.44e-08	64.3
mRNA::ntLink_6:8309357-8323599	sp|P19440|GGT1_HUMAN	57.692	52	22	0	3941	4096	36	87	2.43e-08	64.3
mRNA::ntLink_6:8325555-8341858	sp|Q00168|KCC2A_DROME	81.579	38	7	0	8847	8734	195	232	7.69e-11	72.4
mRNA::ntLink_6:8342165-8352955	sp|Q91X78|ERLN1_MOUSE	61.290	62	22	1	1759	1938	19	80	8.06e-15	82.8
mRNA::ntLink_6:8354366-8356797	sp|P30549|NK2R_MOUSE	30.380	316	194	9	1092	151	28	319	1.23e-23	107
mRNA::ntLink_6:8372055-8373153	sp|F1R332|GAL2A_DANRE	29.487	234	155	3	286	981	81	306	5.25e-22	99.4
mRNA::ntLink_6:8381883-8396193	sp|Q9W770|SPON1_CHICK	40.816	98	56	2	8629	8916	178	275	7.90e-14	82.4
mRNA::ntLink_6:8399445-8419492	sp|Q9DBR7|MYPT1_MOUSE	60.256	78	31	0	34	267	2	79	2.22e-17	95.1
mRNA::ntLink_6:8458208-8474468	sp|Q6ZNG9|KRBA2_HUMAN	29.614	233	155	6	5616	4924	188	413	2.95e-14	83.2
mRNA::ntLink_6:8506602-8514985	sp|P21329|RTJK_DROFU	23.021	821	574	23	628	2994	48	842	6.41e-39	163
mRNA::ntLink_6:8553471-8559183	sp|Q9Z0E1|M1AP_MOUSE	61.765	34	13	0	5497	5598	327	360	4.65e-07	58.5
mRNA::ntLink_6:8573637-8599794	sp|Q8IVU3|HERC6_HUMAN	44.565	92	49	2	9096	8827	106	197	1.17e-10	73.2
mRNA::ntLink_6:8615512-8625563	sp|Q90953|CSPG2_CHICK	46.296	108	54	3	10045	9728	3362	3467	1.83e-17	94.7
mRNA::ntLink_6:8638269-8646209	sp|Q9DEE9|ARP6_CHICK	59.375	64	26	0	7797	7606	24	87	1.02e-20	94.7
mRNA::ntLink_6:8647920-8649777	sp|Q3ZBK2|PXL2A_BOVIN	60.000	70	28	0	219	10	144	213	2.60e-17	84.7
mRNA::ntLink_6:8652733-8663114	sp|Q571G4|LIN54_MOUSE	80.000	35	7	0	7449	7553	616	650	1.84e-09	67.8
mRNA::ntLink_6:8665284-8679029	sp|Q28293|KCNA2_CANLF	50.384	391	169	5	1503	379	38	419	6.33e-82	284
mRNA::ntLink_6:8681850-8685920	sp|Q6ZQQ6|WDR87_HUMAN	31.206	141	96	1	1778	2200	265	404	2.44e-10	69.7
mRNA::ntLink_6:8687112-8707461	sp|Q6ZQQ6|WDR87_HUMAN	38.554	83	51	0	1232	1480	576	658	2.89e-06	58.9
mRNA::ntLink_6:8711625-8715698	sp|Q99MH5|NDK5_MOUSE	51.316	76	37	0	3709	3482	42	117	8.44e-22	98.6
mRNA::ntLink_6:8747893-8750268	sp|Q7ZUG0|RUXE_DANRE	88.889	27	3	0	509	429	49	75	2.12e-08	55.8
mRNA::ntLink_6:8788578-8797120	sp|P13634|CAH1_MOUSE	57.500	40	17	0	2669	2550	80	119	3.73e-07	57.8
mRNA::ntLink_6:8804506-8810570	sp|O75691|UTP20_HUMAN	52.174	46	22	0	6064	5927	2187	2232	6.74e-06	55.8
mRNA::ntLink_6:8811184-8822911	sp|Q96P65|QRFPR_HUMAN	30.241	291	166	12	6642	5839	72	348	2.60e-26	119
mRNA::ntLink_6:8824474-8839600	sp|Q5XG71|UTP20_MOUSE	46.875	160	81	2	14989	14510	15	170	1.06e-23	115
mRNA::ntLink_6:8927860-8946230	sp|Q9Z0U4|GABR1_RAT	32.927	82	55	0	5850	6095	284	365	3.16e-07	61.6
mRNA::ntLink_6:8964613-8967618	sp|P55115|NAS15_CAEEL	50.000	66	33	0	2793	2990	241	306	9.20e-11	69.7
mRNA::ntLink_6:8968993-8975607	sp|G3M4F8|OCTB2_CHISP	26.149	348	186	12	888	25	46	382	5.74e-19	95.5
mRNA::ntLink_6:8982778-8983795	sp|G3M4F8|OCTB2_CHISP	27.089	347	182	12	888	28	46	381	1.80e-23	103
mRNA::ntLink_6:9008300-9009284	sp|Q9VCZ3|OCTB1_DROME	31.034	319	166	9	58	864	106	420	5.31e-30	122
mRNA::ntLink_6:9013183-9023805	sp|Q9MYX0|SC6A4_MACMU	73.171	41	11	0	136	258	82	122	1.90e-12	77.4
mRNA::ntLink_6:9043827-9058880	sp|P28570|SC6A8_RAT	46.667	90	39	3	1	249	1	88	1.06e-13	82.0
mRNA::ntLink_6:9064852-9082307	sp|Q6DIR8|PALD_XENTR	34.591	159	82	4	14736	14326	1	159	1.95e-15	88.2
mRNA::ntLink_6:9084454-9095030	sp|Q8WYB5|KAT6B_HUMAN	56.198	121	13	1	4536	4174	770	850	3.63e-31	139
mRNA::ntLink_6:9111644-9113966	sp|Q45T69|B2CL2_CANLF	40.876	137	77	3	46	450	11	145	6.95e-28	114
mRNA::ntLink_6:9124716-9132852	sp|Q6DKA1|WASC3_XENLA	69.697	33	10	0	564	662	18	50	4.24e-07	56.6
mRNA::ntLink_6:9141532-9145634	sp|Q6GQ29|CBPQ_XENLA	60.870	184	72	0	558	7	286	469	2.05e-67	239
mRNA::ntLink_6:9154239-9168231	sp|Q99LI7|CSTF3_MOUSE	47.945	73	28	3	5727	5933	313	379	1.56e-07	62.0
mRNA::ntLink_6:9169880-9171937	sp|Q969J3|BORC5_HUMAN	39.698	199	111	3	615	19	1	190	9.64e-40	148
mRNA::ntLink_6:9172348-9178452	sp|Q8WY64|MYLIP_HUMAN	33.333	204	110	4	609	10	253	434	7.58e-29	125
mRNA::ntLink_6:9184308-9185407	sp|Q96HJ3|CCD34_HUMAN	30.918	207	138	1	706	101	139	345	7.94e-10	63.5
mRNA::ntLink_6:9185627-9187960	sp|Q5RF73|TMM19_PONAB	51.092	229	110	1	1623	2309	107	333	4.44e-54	193
mRNA::ntLink_6:9192394-9194444	sp|Q16611|BAK_HUMAN	42.484	153	74	4	2050	1595	39	178	1.59e-29	119
mRNA::ntLink_6:9198718-9207849	sp|Q7TN33|CELF6_MOUSE	56.250	64	28	0	1	192	29	92	4.30e-23	86.3
mRNA::ntLink_6:9209888-9211469	sp|Q7ZXG7|GAMTA_XENLA	71.074	121	35	0	369	7	112	232	1.28e-55	189
mRNA::ntLink_6:9221504-9231233	sp|P97742|CPT1A_MOUSE	55.882	102	44	1	2167	1862	565	665	2.86e-23	112
mRNA::ntLink_6:9238706-9245633	sp|P32198|CPT1A_RAT	60.606	66	25	1	1686	1492	206	271	6.93e-15	84.7
mRNA::ntLink_6:9245977-9262251	sp|Q05763|DRTS2_ARATH	69.767	43	13	0	253	381	96	138	1.02e-07	62.4
mRNA::ntLink_6:9265665-9267267	sp|Q96HA9|PX11C_HUMAN	41.026	78	42	2	1590	1366	7	83	1.10e-10	65.5
mRNA::ntLink_6:9272057-9280619	sp|Q5PQ89|AN34B_XENLA	43.243	111	60	1	6157	6480	31	141	1.20e-18	96.3
mRNA::ntLink_6:9283402-9288227	sp|Q8CBH5|MFSD6_MOUSE	27.018	570	342	11	4804	3230	40	580	5.12e-38	158
mRNA::ntLink_6:9305037-9314574	sp|Q6PBA8|MNS1_DANRE	49.565	115	30	1	8087	8431	363	449	1.60e-17	92.4
mRNA::ntLink_6:9327859-9336752	sp|Q7KVA1|XYLT_DROME	37.736	106	58	3	6529	6834	130	231	9.87e-07	58.5
mRNA::ntLink_6:9337880-9348610	sp|O60678|ANM3_HUMAN	78.571	42	9	0	6546	6421	257	298	5.19e-12	75.5
mRNA::ntLink_6:9349825-9362418	sp|Q6XPR3|RPTN_HUMAN	34.667	300	194	2	1874	2770	286	584	2.92e-31	138
mRNA::ntLink_6:9374790-9377313	sp|Q1LUQ4|MFD6A_DANRE	37.681	138	86	0	1300	1713	434	571	6.41e-23	108
mRNA::ntLink_6:9379516-9398530	sp|O43451|MGA_HUMAN	70.213	47	14	0	7998	7858	1494	1540	6.63e-12	77.4
mRNA::ntLink_6:9416987-9421724	sp|Q9NUJ3|T11L1_HUMAN	44.079	152	54	3	2964	2509	99	219	1.74e-24	113
mRNA::ntLink_6:9424421-9437644	sp|O13035|SAP_CHICK	52.632	57	20	3	817	984	467	517	3.52e-06	57.0
mRNA::ntLink_6:9443895-9463547	sp|Q68CP9|ARID2_HUMAN	52.941	34	16	0	419	520	62	95	3.95e-06	45.1
mRNA::ntLink_6:9465536-9483118	sp|P0CP11|NAR1_CRYNB	76.744	43	10	0	11098	11226	257	299	4.13e-13	80.1
mRNA::ntLink_6:9492328-9509019	sp|Q5ZIA5|COPB_CHICK	79.221	77	16	0	15958	15728	31	107	1.05e-27	128
mRNA::ntLink_6:9515184-9537797	sp|P04323|POL3_DROME	33.922	283	162	8	15844	15035	86	356	3.96e-45	142
mRNA::ntLink_6:9591302-9603388	sp|P70428|EXT2_MOUSE	41.593	113	66	0	145	483	69	181	9.94e-23	110
mRNA::ntLink_6:9609961-9631743	sp|Q5R4F4|SC31A_PONAB	74.157	89	23	0	2428	2694	123	211	1.86e-33	147
mRNA::ntLink_6:9639698-9654772	sp|P91902|HSP70_CERCA	28.148	135	47	1	12049	12453	244	328	4.36e-18	60.5
mRNA::ntLink_6:9656694-9658346	sp|G3M4F8|OCTB2_CHISP	37.209	301	170	7	1523	669	54	351	8.60e-51	182
mRNA::ntLink_6:9678786-9688493	sp|Q64620|PPP6_RAT	87.654	81	10	0	9462	9704	225	305	1.43e-40	157
mRNA::ntLink_6:9701891-9709731	sp|Q5RBZ2|MEP50_PONAB	41.379	116	68	0	120	467	31	146	4.22e-18	92.0
mRNA::ntLink_6:9717132-9724304	sp|Q4R4S5|LICH_MACFA	56.311	103	45	0	3657	3349	38	140	1.08e-27	121
mRNA::ntLink_6:9727048-9732833	sp|Q8BM14|LIPK_MOUSE	50.485	103	51	0	575	883	35	137	7.45e-28	122
mRNA::ntLink_6:9760494-9764836	sp|Q5VXJ0|LIPK_HUMAN	49.533	107	54	0	948	1268	36	142	2.65e-28	122
mRNA::ntLink_6:9770394-9775062	sp|Q5VXJ0|LIPK_HUMAN	51.456	103	50	0	3081	2773	36	138	1.92e-48	120
mRNA::ntLink_6:9781305-9804024	sp|Q4R6F8|TCPB_MACFA	63.750	80	29	0	19549	19310	112	191	3.01e-23	112
mRNA::ntLink_6:9804374-9811812	sp|Q9UL25|RAB21_HUMAN	73.810	42	11	0	16	141	16	57	5.39e-11	68.6
mRNA::ntLink_6:9814641-9824290	sp|Q1JQD2|GRWD1_BOVIN	65.714	70	22	2	231	28	342	411	1.84e-16	89.0
mRNA::ntLink_6:9836329-9844612	sp|Q9VZS6|NSMA_DROME	47.692	65	34	0	2540	2734	70	134	1.60e-13	68.9
mRNA::ntLink_6:9851724-9862966	sp|P22465|ANX10_DROME	63.636	44	16	0	1481	1350	242	285	9.87e-11	70.1
mRNA::ntLink_6:9865534-9872126	sp|P48463|PP2AA_CHICK	77.174	92	21	0	3113	3388	14	105	3.06e-56	123
mRNA::ntLink_6:9878229-9901635	sp|P70496|PLD1_RAT	37.795	127	70	3	21406	21047	103	227	3.59e-12	78.2
mRNA::ntLink_6:9903821-9916774	sp|Q6A098|SBP2L_MOUSE	50.847	59	29	0	11444	11620	738	796	2.46e-08	64.7
mRNA::ntLink_6:9917615-9919074	sp|Q8BGF9|S2544_MOUSE	36.905	252	137	4	1453	755	5	253	2.78e-51	179
mRNA::ntLink_6:9921543-9922566	sp|Q3USF0|B3GN6_MOUSE	33.182	220	137	4	738	106	109	327	5.55e-37	140
mRNA::ntLink_6:9924859-9926856	sp|Q8BGF9|S2544_MOUSE	47.012	251	114	4	7	702	2	252	5.52e-65	220
mRNA::ntLink_6:9939130-9940645	sp|P07477|TRY1_HUMAN	45.385	130	65	2	393	4	123	246	6.67e-29	117
mRNA::ntLink_6:9941287-9944392	sp|Q9BQR3|PRS27_HUMAN	50.847	59	27	1	186	10	30	86	2.89e-10	66.2
mRNA::ntLink_6:9952301-9961109	sp|P42893|ECE1_RAT	35.849	212	117	5	8619	7984	55	247	2.36e-31	138
mRNA::ntLink_6:10005919-10012417	sp|Q5RF48|SBP1_PONAB	73.611	72	19	0	720	505	348	419	3.50e-24	112
mRNA::ntLink_6:10025836-10051108	sp|Q28772|HTF4_PAPHA	83.871	31	5	0	2062	1970	65	95	1.86e-08	60.8
mRNA::ntLink_6:10083265-10087755	sp|Q5ZKF4|HM20A_CHICK	43.103	116	66	0	897	550	232	347	2.14e-21	101
mRNA::ntLink_6:10091673-10102030	sp|Q5R9C7|SC11A_PONAB	86.792	53	7	0	10021	9863	52	104	8.87e-34	96.7
mRNA::ntLink_6:10104556-10114024	sp|Q60520|SIN3A_MOUSE	76.923	65	15	0	8221	8027	548	612	2.41e-24	116
mRNA::ntLink_6:10121410-10128902	sp|Q61907|PEMT_MOUSE	38.889	72	44	0	1779	1564	118	189	8.05e-10	64.3
mRNA::ntLink_6:10148250-10181023	sp|P97603|NEO1_RAT	32.593	135	80	4	6771	6373	896	1021	3.56e-12	79.0
mRNA::ntLink_6:10188959-10189952	sp|Q32ZE2|AA2BR_RABIT	26.733	303	173	10	43	849	20	307	2.00e-14	76.6
mRNA::ntLink_6:10212858-10219897	sp|A2BHJ4|CNO6L_DANRE	67.143	140	46	0	1	420	18	157	8.34e-49	188
mRNA::ntLink_6:10236950-10242519	sp|A0A481WNL2|CLAD_PENCR	54.717	53	24	0	2147	2305	189	241	2.77e-07	58.5
mRNA::ntLink_6:10269531-10270207	sp|F1R332|GAL2A_DANRE	30.851	94	56	3	223	495	225	312	9.54e-06	49.3
mRNA::ntLink_6:10270839-10278297	sp|P28144|WNT7B_SCEOC	37.190	121	71	2	435	76	5	121	3.35e-20	92.0
mRNA::ntLink_6:10310003-10322167	sp|P50994|ANXA4_CANLF	57.143	42	18	0	673	548	258	299	2.63e-07	59.7
mRNA::ntLink_6:10351674-10369781	sp|Q6P2B1|TNPO3_MOUSE	41.463	82	45	3	9949	10191	420	499	2.44e-10	71.6
mRNA::ntLink_6:10382783-10383815	sp|Q804X9|OPN4A_GADMO	32.990	291	184	3	1005	154	34	320	2.93e-43	160
mRNA::ntLink_6:10392093-10402892	sp|Q5G266|NETR_TRAPH	39.048	105	59	2	9638	9330	280	381	8.06e-14	82.0
mRNA::ntLink_6:10408762-10419500	sp|Q2VL90|C163A_PIG	43.210	81	46	0	3829	3587	928	1008	2.70e-13	80.5
mRNA::ntLink_6:10447445-10457364	sp|P21757|MSRE_HUMAN	44.186	86	48	0	5091	4834	346	431	4.47e-14	81.6
mRNA::ntLink_6:10469368-10490424	sp|A7E3W2|LG3BP_BOVIN	46.341	82	43	1	19170	18925	24	104	1.79e-13	81.3
mRNA::ntLink_6:10502012-10515533	sp|P21758|MSRE_BOVIN	39.796	98	58	1	11900	11607	335	431	3.78e-13	79.0
mRNA::ntLink_6:10545940-10548680	sp|P30536|TSPO_HUMAN	53.659	82	38	0	1548	1793	25	106	3.80e-21	94.7
mRNA::ntLink_6:10564192-10583596	sp|P00994|ISIK_HELPO	54.717	53	24	0	18791	18633	5	57	8.63e-14	72.4
mRNA::ntLink_6:10584107-10591527	sp|Q9NWT6|HIF1N_HUMAN	56.757	185	78	1	2702	3250	58	242	3.85e-68	238
mRNA::ntLink_6:10597160-10611657	sp|P32023|KGP25_DROME	58.621	58	24	0	12395	12568	823	880	4.77e-15	86.7
mRNA::ntLink_6:10614751-10617301	sp|Q62622|4EBP1_RAT	63.415	41	15	0	1761	1883	48	88	1.43e-09	60.1
mRNA::ntLink_6:10621505-10665905	sp|P14381|YTX2_XENLA	30.928	194	130	2	41533	40955	1	191	2.26e-21	109
mRNA::ntLink_6:10712294-10716801	sp|Q9SZJ2|GRDP2_ARATH	33.775	151	93	2	4	435	93	243	2.54e-19	98.6
mRNA::ntLink_6:10746669-10750913	sp|Q9SZJ2|GRDP2_ARATH	34.138	290	161	7	1596	2375	54	343	3.60e-43	174
mRNA::ntLink_6:10792021-10796541	sp|Q9SZJ2|GRDP2_ARATH	37.603	242	137	4	849	1532	54	295	1.44e-43	175
mRNA::ntLink_6:10822023-10840744	sp|Q9ULJ6|ZMIZ1_HUMAN	86.111	36	5	0	14862	14969	638	673	2.77e-27	76.6
mRNA::ntLink_6:10844226-10857528	sp|P54385|DHE3_DROME	78.431	51	11	0	4417	4569	188	238	1.21e-16	90.9
mRNA::ntLink_6:10870339-10872205	sp|A0JPI9|LR74A_RAT	32.708	373	248	2	1287	172	51	421	6.75e-48	178
mRNA::ntLink_6:10994708-11000261	sp|Q9Y3Q0|NALD2_HUMAN	39.130	460	264	8	1350	13	281	738	1.37e-95	330
mRNA::ntLink_6:11062491-11077368	sp|Q8WU76|SCFD2_HUMAN	37.209	86	47	2	12870	12634	62	147	2.84e-06	57.8
mRNA::ntLink_6:11091647-11096273	sp|P21328|RTJK_DROME	30.769	156	90	3	396	827	542	691	1.66e-16	58.9
mRNA::ntLink_6:11097706-11099254	sp|A0A2B4RNI3|CGLR2_STYPI	28.283	198	121	8	804	229	171	353	1.24e-12	74.3
mRNA::ntLink_6:11109145-11118612	sp|Q64640|ADK_RAT	63.415	41	15	0	3053	2931	207	247	1.70e-08	63.2
mRNA::ntLink_6:11150511-11154632	sp|P81004|VDAC2_XENLA	69.388	49	15	0	3972	4118	234	282	2.52e-12	72.8
mRNA::ntLink_6:11156063-11157165	sp|Q4R4S5|LICH_MACFA	62.857	105	39	0	782	1096	38	142	3.38e-38	144
mRNA::ntLink_6:11157600-11162541	sp|Q5VXJ0|LIPK_HUMAN	54.545	77	35	0	1	231	145	221	1.39e-16	87.8
mRNA::ntLink_6:11168513-11186790	sp|Q6NRI0|P6R3A_XENLA	71.429	42	12	0	4801	4926	142	183	7.41e-10	70.1
mRNA::ntLink_6:11188731-11193508	sp|Q9Z0K8|VNN1_MOUSE	51.554	386	178	7	1332	181	76	454	6.95e-118	384
mRNA::ntLink_6:11199053-11204901	sp|Q9Y3Q0|NALD2_HUMAN	38.739	444	255	7	4559	5845	298	739	7.82e-89	311
mRNA::ntLink_6:11205259-11212245	sp|Q502W6|VWA3B_HUMAN	33.929	168	106	3	6944	6441	496	658	1.57e-21	107
mRNA::ntLink_6:11229007-11235057	sp|Q99829|CPNE1_HUMAN	44.776	67	37	0	2770	2970	240	306	2.61e-10	69.3
mRNA::ntLink_6:11236103-11241771	sp|Q5R6B8|SL9B2_PONAB	46.237	186	92	3	5647	5105	56	238	1.94e-26	120
mRNA::ntLink_6:11242295-11243161	sp|C3ZWH9|CID2A_BRAFL	40.000	110	61	1	1	330	1	105	1.94e-16	77.4
mRNA::ntLink_6:11244864-11277415	sp|B3EWZ6|MLRP2_ACRMI	43.333	90	46	2	2216	1962	244	333	4.22e-12	79.0
mRNA::ntLink_6:11283244-11286754	sp|P25867|UBCD1_DROME	89.130	46	5	0	3370	3507	102	147	5.50e-19	88.2
mRNA::ntLink_6:11288751-11298431	sp|A0A0G2JZ79|SIR1_RAT	69.355	62	19	0	4293	4478	61	122	9.04e-19	97.1
mRNA::ntLink_6:11300576-11303345	sp|B0K025|OSTC_RAT	80.822	73	14	0	758	540	72	144	5.80e-30	119
mRNA::ntLink_6:11304543-11307451	sp|P48734|CDK1_BOVIN	63.265	98	33	2	802	1089	13	109	1.96e-27	117
mRNA::ntLink_6:11332526-11375317	sp|Q8IYW2|CFA46_HUMAN	60.714	56	22	0	40963	40796	124	179	1.20e-13	84.3
mRNA::ntLink_6:11381951-11395524	sp|Q8BM75|ARI5B_MOUSE	47.126	87	46	0	219	479	6	92	1.13e-19	102
mRNA::ntLink_6:11398139-11403499	sp|P78317|RNF4_HUMAN	41.509	53	31	0	162	4	138	190	3.58e-07	55.8
mRNA::ntLink_6:11406669-11409363	sp|Q6P926|SPA24_MOUSE	61.905	42	16	0	1520	1395	62	103	1.47e-06	53.5
mRNA::ntLink_6:11414771-11436218	sp|O95271|TNKS1_HUMAN	48.905	137	11	2	8016	7606	843	920	9.86e-23	112
mRNA::ntLink_6:11439202-11454787	sp|P21328|RTJK_DROME	24.146	878	564	29	15122	12660	7	839	9.13e-34	147
mRNA::ntLink_6:11462019-11471489	sp|O06837|STYD_PSEFL	66.304	92	30	1	2142	2414	164	255	4.01e-26	119
mRNA::ntLink_6:11472744-11474309	sp|P81018|LADD_ONCMY	32.215	149	90	3	456	13	44	182	1.49e-15	78.6
mRNA::ntLink_6:11475238-11476835	sp|Q571I9|A16A1_MOUSE	52.857	70	33	0	1164	1373	733	802	1.80e-15	83.6
mRNA::ntLink_6:11477837-11479325	sp|Q90953|CSPG2_CHICK	34.752	141	72	4	432	16	3334	3456	1.03e-14	81.3
mRNA::ntLink_6:11485974-11496972	sp|P04323|POL3_DROME	31.090	431	283	6	3243	4511	216	640	1.68e-54	214
mRNA::ntLink_6:11498259-11500249	sp|P86854|PLCL_MYTGA	31.690	142	84	4	444	22	27	156	2.85e-14	74.3
mRNA::ntLink_6:11506333-11507902	sp|P86854|PLCL_MYTGA	29.825	171	101	6	531	22	4	156	9.00e-16	78.2
mRNA::ntLink_6:11512858-11519935	sp|Q91ZW8|C209D_MOUSE	33.333	126	69	6	723	1079	116	233	1.50e-10	67.4
mRNA::ntLink_6:11521762-11528244	sp|Q80X66|BTBDA_MOUSE	75.000	44	11	0	6267	6398	391	434	7.86e-12	73.9
mRNA::ntLink_6:11530351-11531128	sp|Q9QYI5|DNJB2_MOUSE	60.150	133	45	4	1	396	1	126	3.01e-42	149
mRNA::ntLink_6:11548628-11559359	sp|Q99LL5|PWP1_MOUSE	61.538	39	15	0	3308	3424	167	205	5.27e-06	56.2
mRNA::ntLink_6:11559737-11563083	sp|A3KQA5|CMA1B_DANRE	50.000	88	43	1	3265	3002	20	106	3.25e-18	89.4
mRNA::ntLink_6:11563957-11578743	sp|Q05586|NMDZ1_HUMAN	79.452	73	15	0	10972	11190	551	623	1.98e-26	124
mRNA::ntLink_6:11580274-11609362	sp|Q9HAR2|AGRL3_HUMAN	46.154	65	34	1	5655	5461	926	989	1.21e-08	67.0
mRNA::ntLink_6:11619732-11622074	sp|P30975|TLR2_DROME	28.241	216	146	4	1506	2138	137	348	2.44e-21	102
mRNA::ntLink_6:11623979-11628068	sp|Q924H0|NPFF2_MOUSE	29.605	304	195	5	1176	304	52	349	3.22e-33	137
mRNA::ntLink_6:11694767-11696336	sp|Q8T8R1|CNBP_DROME	42.623	61	31	2	717	547	51	111	4.36e-06	50.4
mRNA::ntLink_6:11706205-11708939	sp|P05363|NK2R_BOVIN	30.218	321	212	7	1637	2584	6	319	1.04e-34	140
mRNA::ntLink_6:11756073-11771552	sp|Q9P0K9|FRS1L_HUMAN	35.417	96	53	4	12608	12327	96	184	1.65e-06	57.0
mRNA::ntLink_6:11783028-11784792	sp|P05363|NK2R_BOVIN	32.082	293	177	12	715	1566	36	315	3.37e-16	84.3
mRNA::ntLink_6:11808568-11819005	sp|Q64077|NK2R_CAVPO	31.119	286	184	8	112	960	40	315	5.35e-24	111
mRNA::ntLink_6:11828125-11834709	sp|Q24180|DEAF1_DROME	69.388	49	15	0	5306	5160	248	296	8.41e-14	80.9
mRNA::ntLink_6:11837002-11843219	sp|P63696|Y941_MYCBO	40.000	285	140	5	1389	535	258	511	2.46e-40	163
mRNA::ntLink_6:11848247-11849207	sp|Q99680|GPR22_HUMAN	28.530	347	201	8	927	28	32	378	5.31e-26	110
mRNA::ntLink_6:11893139-11898927	sp|Q2LE78|BTBD6_XENLA	35.191	341	205	6	1353	340	98	425	2.47e-61	224
mRNA::ntLink_6:11899105-11906568	sp|Q9W1G0|TALDO_DROME	51.948	77	37	0	7227	7457	255	331	2.51e-16	86.7
mRNA::ntLink_6:11908587-11910717	sp|O97562|UCP2_PIG	53.846	247	103	3	984	1715	34	272	1.37e-82	267
mRNA::ntLink_6:11914608-11917595	sp|Q05AK5|MYLIB_DANRE	32.500	120	78	2	2467	2117	92	211	6.93e-10	66.6
mRNA::ntLink_6:11923124-11924794	sp|Q09638|NPR15_CAEEL	25.000	280	162	10	750	25	59	328	5.55e-10	64.7
mRNA::ntLink_6:11944390-11946120	sp|Q923Y9|TAAR1_RAT	23.661	224	153	4	903	1526	91	312	8.12e-09	61.2
mRNA::ntLink_6:11949603-11951748	sp|Q8C8M1|SHCAF_MOUSE	49.242	132	51	2	2145	1750	1	116	3.47e-22	99.4
mRNA::ntLink_6:11958264-11965907	sp|P38976|RAS2_HYDVU	89.655	58	6	0	7634	7461	2	59	2.28e-19	92.0
mRNA::ntLink_6:11967354-11973371	sp|Q8QGV2|WEE1B_XENLA	81.818	44	8	0	2064	2195	287	330	8.95e-15	84.0
mRNA::ntLink_6:11977149-11978610	sp|Q556Y8|DUSPR_DICDI	37.209	172	106	1	552	43	177	348	7.56e-33	133
mRNA::ntLink_6:11979648-11988800	sp|Q920G9|GMCL1_MOUSE	40.000	120	65	2	5165	4827	235	354	1.29e-19	99.4
mRNA::ntLink_6:11989523-11992102	sp|Q91584|ELAV3_XENLA	38.710	341	188	3	13	1023	24	347	5.31e-70	238
mRNA::ntLink_6:11992476-11996714	sp|Q8NFH4|NUP37_HUMAN	60.938	64	25	0	1807	1616	179	242	4.67e-17	87.8
mRNA::ntLink_6:11999756-12000251	sp|Q99929|ASCL2_HUMAN	60.417	48	19	0	286	429	65	112	9.69e-13	66.2
mRNA::ntLink_6:12006819-12007224	sp|M0QWB7|ASCL5_MOUSE	61.798	89	28	1	321	73	51	139	4.45e-16	73.9
mRNA::ntLink_6:12033156-12034514	sp|Q6XD76|ASCL4_HUMAN	57.627	59	25	0	184	360	70	128	1.29e-15	78.2
mRNA::ntLink_6:12083360-12084699	sp|M0QWB7|ASCL5_MOUSE	59.677	62	25	0	259	444	78	139	2.76e-14	74.7
mRNA::ntLink_6:12108679-12118548	sp|Q9BYT3|STK33_HUMAN	64.706	51	18	0	9827	9675	101	151	1.84e-10	70.5
mRNA::ntLink_6:12124889-12139247	sp|Q9NZN8|CNOT2_HUMAN	68.493	73	23	0	228	10	458	530	7.90e-26	119
mRNA::ntLink_6:12141578-12169241	sp|Q58DK1|CPT1B_BOVIN	35.870	92	59	0	1	276	1	92	3.43e-10	71.6
mRNA::ntLink_6:12173714-12196418	sp|Q95SX7|RTBS_DROME	28.150	373	215	12	13215	14264	548	890	1.85e-24	118
mRNA::ntLink_6:12201500-12240644	sp|A2AKX3|SETX_MOUSE	28.696	115	76	2	7088	7420	167	279	2.05e-06	60.1
mRNA::ntLink_6:12243675-12284908	sp|O15078|CE290_HUMAN	57.944	107	45	0	24468	24788	1371	1477	2.25e-26	126
mRNA::ntLink_6:12286564-12310370	sp|Q6P1E8|EFCB6_MOUSE	46.552	58	31	0	177	4	1459	1516	3.37e-08	65.1
mRNA::ntLink_6:12334676-12342860	sp|Q9Y4C1|KDM3A_HUMAN	70.000	40	12	0	6313	6432	1212	1251	8.30e-10	68.9
mRNA::ntLink_6:12365951-12367490	sp|Q76DT2|TX60A_ACTVL	32.779	421	270	6	1446	205	56	470	6.44e-70	235
mRNA::ntLink_6:12376424-12377963	sp|Q76DT2|TX60A_ACTVL	32.779	421	270	6	94	1335	56	470	6.44e-70	235
mRNA::ntLink_6:12382049-12387436	sp|P58912|TX60B_PHYSE	39.798	397	230	7	88	1263	41	433	4.91e-77	268
mRNA::ntLink_6:12389727-12391206	sp|P58912|TX60B_PHYSE	39.295	397	232	7	97	1272	41	433	1.95e-84	272
mRNA::ntLink_6:12393482-12396290	sp|P58912|TX60B_PHYSE	45.161	93	51	0	312	34	203	295	1.48e-16	87.4
mRNA::ntLink_6:12398132-12399902	sp|Q76DT2|TX60A_ACTVL	33.492	421	267	6	325	1566	56	470	4.74e-62	216
mRNA::ntLink_6:12401696-12403334	sp|P58912|TX60B_PHYSE	39.798	397	230	7	292	1467	41	433	3.05e-86	278
mRNA::ntLink_6:12412159-12413929	sp|P58912|TX60B_PHYSE	35.012	417	257	7	1482	244	29	435	1.73e-71	241
mRNA::ntLink_6:12414004-12417799	sp|P58912|TX60B_PHYSE	37.895	190	113	3	3199	3762	41	227	8.82e-30	128
mRNA::ntLink_6:12418136-12418532	sp|Q76DT2|TX60A_ACTVL	40.206	97	51	2	1	276	371	465	1.49e-17	80.9
mRNA::ntLink_6:12424679-12426218	sp|P58912|TX60B_PHYSE	35.252	417	256	7	58	1296	29	435	2.98e-66	225
mRNA::ntLink_6:12432040-12434625	sp|P58912|TX60B_PHYSE	39.798	397	230	7	1194	2369	41	433	1.14e-82	277
mRNA::ntLink_6:12446947-12451119	sp|P58912|TX60B_PHYSE	35.681	213	126	5	3534	4160	41	246	5.69e-28	123
mRNA::ntLink_6:12451138-12454590	sp|Q76DT2|TX60A_ACTVL	37.173	191	107	4	10	552	278	465	3.56e-30	129
mRNA::ntLink_6:12454762-12459463	sp|P58912|TX60B_PHYSE	35.252	417	256	7	3220	4458	29	435	2.48e-62	225
mRNA::ntLink_6:12466384-12467803	sp|P58912|TX60B_PHYSE	39.798	397	230	7	88	1263	41	433	3.40e-87	278
mRNA::ntLink_6:12470340-12475057	sp|P58912|TX60B_PHYSE	35.252	417	256	7	3236	4474	29	435	2.49e-62	225
mRNA::ntLink_6:12480881-12483466	sp|P58912|TX60B_PHYSE	39.547	397	231	7	1194	2369	41	433	1.84e-82	276
mRNA::ntLink_6:12492740-12517973	sp|Q1PHZ4|VM3B1_BOTJR	40.625	64	38	0	18772	18581	171	234	9.05e-06	56.6
mRNA::ntLink_6:12518208-12522132	sp|Q9CZB9|TM128_MOUSE	43.137	51	29	0	2776	2928	78	128	1.69e-06	53.1
mRNA::ntLink_6:12526012-12527560	sp|P58912|TX60B_PHYSE	36.456	395	245	6	1458	286	41	433	1.41e-75	249
mRNA::ntLink_6:12531781-12534276	sp|Q804S6|EMX1_DANRE	65.455	55	19	0	2301	2465	138	192	2.30e-14	77.0
mRNA::ntLink_6:12538508-12544177	sp|O08983|HPS1_MOUSE	38.406	138	73	3	3993	3613	86	222	7.50e-16	87.4
mRNA::ntLink_6:12545729-12550169	sp|Q9UBR2|CATZ_HUMAN	70.000	110	33	0	4102	4431	194	303	1.69e-43	164
mRNA::ntLink_6:12552109-12553314	sp|Q42891|LGUL_SOLLC	35.000	140	83	6	765	1169	30	166	2.94e-08	57.0
mRNA::ntLink_6:12557209-12560645	sp|O94844|RHBT1_HUMAN	37.410	556	277	14	3430	1949	2	548	6.27e-81	283
mRNA::ntLink_6:12565335-12580584	sp|A0JN86|PCGF5_BOVIN	62.500	32	12	0	1849	1754	186	217	7.59e-07	57.8
mRNA::ntLink_6:12586278-12604578	sp|Q5D1E7|ZC12A_MOUSE	47.635	296	131	4	8819	7953	53	331	4.00e-78	276
mRNA::ntLink_6:12612970-12621269	sp|Q8BTQ0|PCGF3_MOUSE	82.143	28	5	0	7807	7890	199	226	3.47e-06	54.7
mRNA::ntLink_6:12626844-12632433	sp|Q7ZYZ7|PCGF1_DANRE	81.818	33	6	0	5379	5281	32	64	1.08e-08	62.0
mRNA::ntLink_6:12634294-12651548	sp|Q5S006|LRRK2_MOUSE	33.065	620	381	12	7829	9664	987	1580	8.48e-93	343
mRNA::ntLink_6:12654878-12655817	sp|A5GFW7|RTF2_PIG	44.586	314	160	5	939	10	1	304	5.36e-77	240
mRNA::ntLink_6:12655989-12661432	sp|Q640V2|RMD5A_XENTR	48.045	179	56	1	4157	4693	230	371	3.81e-43	166
mRNA::ntLink_6:12668037-12672933	sp|P83105|HTRA4_HUMAN	40.323	124	67	3	226	585	140	260	2.55e-19	97.1
mRNA::ntLink_6:12674421-12695058	sp|Q5W0V3|FHI2A_HUMAN	80.488	41	7	1	15767	15645	140	179	2.43e-10	71.6
mRNA::ntLink_6:12709608-12715718	sp|Q8VHT6|AS3MT_RAT	61.905	63	24	0	1495	1683	54	116	2.83e-16	86.7
mRNA::ntLink_6:12718192-12736390	sp|Q5ZLT0|XPO7_CHICK	76.562	64	15	0	13302	13493	747	810	3.95e-21	107
mRNA::ntLink_6:12746019-12754423	sp|Q63398|COE1_RAT	80.000	50	10	0	8138	7989	45	94	1.93e-17	87.0
mRNA::ntLink_6:12755751-12767801	sp|O76094|SRP72_HUMAN	54.054	37	17	0	180	290	37	73	1.54e-06	44.7
mRNA::ntLink_6:12768896-12771310	sp|P91240|SRP72_CAEEL	56.410	39	17	0	1285	1401	545	583	5.73e-06	53.9
mRNA::ntLink_6:12781403-12782921	sp|Q91770|NOT2_XENLA	71.831	71	20	0	1291	1503	127	197	3.81e-25	107
mRNA::ntLink_6:12788662-12790033	sp|Q6GLB9|EMX1_XENTR	76.471	68	15	1	228	28	134	201	5.54e-24	103
mRNA::ntLink_6:12793848-12803001	sp|P31409|VATB_DROME	47.917	96	13	2	4114	4401	131	189	1.97e-38	88.2
mRNA::ntLink_6:12804434-12813686	sp|Q0VCP9|CC149_BOVIN	56.522	46	20	0	1093	956	267	312	1.41e-06	57.0
mRNA::ntLink_6:12817794-12818793	sp|Q923Y3|TAA8B_RAT	26.101	318	201	7	25	897	2	312	9.44e-12	68.9
mRNA::ntLink_6:12830445-12862163	sp|Q96DM1|PGBD4_HUMAN	36.408	206	127	2	9617	9012	160	365	6.50e-29	130
mRNA::ntLink_6:12896384-12902096	sp|Q12324|YVC1_YEAST	26.554	177	119	2	1047	532	299	469	1.58e-10	70.1
mRNA::ntLink_6:12959340-12983297	sp|P28758|SODC_SCHPO	31.724	145	77	6	8139	7711	1	125	2.85e-06	54.3
mRNA::ntLink_6:13028147-13035792	sp|P28758|SODC_SCHPO	33.784	148	74	7	439	873	1	127	1.27e-07	57.0
mRNA::ntLink_6:13037759-13040037	sp|P86982|IMSP1_RUDPH	35.366	82	45	1	902	657	16	89	5.17e-07	53.5
mRNA::ntLink_6:13049185-13051795	sp|P86982|IMSP1_RUDPH	39.024	82	42	1	719	474	16	89	6.71e-10	62.0
mRNA::ntLink_6:13057130-13071329	sp|Q8CFI7|RPB2_MOUSE	83.422	187	31	0	12253	11693	118	304	1.36e-92	334
mRNA::ntLink_6:13083894-13091770	sp|Q96RW7|HMCN1_HUMAN	41.287	373	210	3	3477	2380	4503	4873	4.31e-70	268
mRNA::ntLink_6:13096837-13100145	sp|Q925F4|RNF37_MOUSE	36.161	224	118	6	2885	2283	167	388	2.76e-28	124
mRNA::ntLink_6:13103350-13103659	sp|Q9CR50|ZN363_MOUSE	48.544	103	52	1	1	309	52	153	2.61e-31	114
mRNA::ntLink_6:13107296-13112208	sp|Q502K3|ANR52_DANRE	43.373	83	46	1	1706	1954	413	494	1.74e-09	67.0
mRNA::ntLink_6:13123627-13131143	sp|Q502K3|ANR52_DANRE	43.373	83	46	1	2064	2312	413	494	2.84e-09	67.0
mRNA::ntLink_6:13142749-13145735	sp|P69744|TRPV5_MOUSE	33.962	159	93	6	810	358	447	601	2.00e-12	75.1
mRNA::ntLink_6:13149577-13164402	sp|Q3SZ40|DDX56_BOVIN	67.568	37	12	0	13114	13224	460	496	1.64e-06	58.5
mRNA::ntLink_6:13165920-13169603	sp|Q9D172|GAL3A_MOUSE	77.500	40	9	0	1923	1804	102	141	9.39e-11	67.8
mRNA::ntLink_6:13172700-13182594	sp|A2VD01|CR3L2_XENLA	75.000	28	7	0	2742	2659	326	353	1.90e-06	40.0
mRNA::ntLink_6:13199811-13200801	sp|Q8WPA2|AR_BOMMO	29.483	329	206	8	960	4	44	356	1.42e-28	116
mRNA::ntLink_6:13213402-13218420	sp|B1WBM3|TM138_RAT	81.250	32	6	0	4908	5003	126	157	1.63e-07	56.2
mRNA::ntLink_6:13265322-13266519	sp|P56718|OX1R_RAT	28.923	325	181	8	115	960	48	365	1.93e-29	121
mRNA::ntLink_6:13268616-13269735	sp|Q9EQD2|NPFF2_RAT	25.316	316	200	7	960	91	74	379	1.86e-26	112
mRNA::ntLink_6:13276714-13307641	sp|Q09103|DGK2_DROME	65.789	38	13	0	20200	20087	708	745	2.18e-06	59.7
mRNA::ntLink_6:13309587-13327547	sp|P17276|PH4H_DROME	81.481	54	10	0	5085	4924	227	280	2.09e-18	95.9
mRNA::ntLink_6:13329954-13369257	sp|G3V7Q0|DEN5A_RAT	48.276	232	106	2	36108	35413	98	315	2.44e-54	217
mRNA::ntLink_6:13369438-13394345	sp|O75400|PR40A_HUMAN	59.574	47	18	1	13437	13577	616	661	1.75e-09	69.3
mRNA::ntLink_6:13395326-13397408	sp|Q5R634|DIK1A_PONAB	26.496	351	202	7	1203	187	64	370	8.38e-37	146
mRNA::ntLink_6:13404742-13412160	sp|O13024|INCEA_XENLA	52.632	114	42	4	357	31	752	858	3.98e-14	82.4
mRNA::ntLink_6:13412701-13435756	sp|Q6WQJ1|DGLA_MOUSE	26.250	160	117	1	4683	5162	61	219	7.33e-14	83.6
mRNA::ntLink_6:13534450-13623215	sp|Q63164|DYH1_RAT	73.438	128	34	0	14573	14956	1366	1493	1.49e-54	205
mRNA::ntLink_6:13638546-13653604	sp|Q9NB33|RL44_OCHTR	82.222	45	8	0	13333	13467	54	98	2.11e-14	75.5
mRNA::ntLink_6:13667986-13683311	sp|O18806|FA8_CANLF	56.522	46	20	0	5023	4886	2291	2336	2.47e-06	58.5
mRNA::ntLink_6:13683679-13691028	sp|Q9W0K0|JIP1_DROME	59.091	66	24	1	496	684	275	340	2.79e-14	82.0
mRNA::ntLink_6:13697004-13715873	sp|Q9Y5X5|NPFF2_HUMAN	27.393	303	191	6	987	139	143	436	4.58e-21	105
mRNA::ntLink_6:13719705-13720689	sp|P35406|DRD1_CARAU	25.503	298	166	9	172	915	61	352	2.50e-15	79.3
mRNA::ntLink_6:13724737-13725757	sp|P35406|DRD1_CARAU	28.308	325	173	12	82	903	32	347	1.19e-21	97.8
mRNA::ntLink_6:13734780-13735842	sp|P35406|DRD1_CARAU	28.696	345	179	12	82	954	32	363	8.62e-22	98.6
mRNA::ntLink_6:13741311-13743510	sp|E7FAM5|LIN41_DANRE	24.838	773	501	21	82	2193	63	824	3.70e-67	240
mRNA::ntLink_6:13745846-13776639	sp|Q8IWZ3|ANKH1_HUMAN	77.778	135	30	0	23122	22718	249	383	8.87e-55	219
mRNA::ntLink_6:13795539-13796884	sp|G3V8V5|KCNK4_RAT	37.288	118	72	1	768	421	106	223	1.74e-15	81.6
mRNA::ntLink_6:13798394-13799462	sp|Q96T55|KCNKG_HUMAN	35.897	117	64	3	531	193	110	219	2.59e-14	76.3
mRNA::ntLink_6:13806874-13808921	sp|Q96T55|KCNKG_HUMAN	36.207	116	67	3	1319	1660	110	220	5.13e-11	68.2
mRNA::ntLink_6:13871618-13872679	sp|O14649|KCNK3_HUMAN	35.833	120	77	0	363	722	90	209	1.64e-13	74.7
mRNA::ntLink_6:13875758-13876409	sp|O35111|KCNK3_MOUSE	34.615	104	59	2	4	303	110	208	3.28e-07	53.5
mRNA::ntLink_6:13879718-13881596	sp|O54912|KCNK3_RAT	35.115	131	82	2	690	301	87	215	3.52e-17	87.8
mRNA::ntLink_6:13887918-13921091	sp|Q9HCF6|TRPM3_HUMAN	56.522	69	28	1	2885	3091	155	221	6.89e-16	91.3
mRNA::ntLink_6:13934756-13947601	sp|Q0IHY4|TBC12_XENTR	78.261	46	10	0	3231	3094	498	543	5.03e-13	79.7
mRNA::ntLink_6:13948005-13976407	sp|Q75WS4|CRYD_XENLA	53.962	530	218	7	9901	11451	7	523	0.0	591
mRNA::ntLink_6:13983935-13996463	sp|O43301|HS12A_HUMAN	55.135	370	166	0	11413	12522	305	674	6.12e-132	435
mRNA::ntLink_6:13997111-13999777	sp|Q5E975|TM230_BOVIN	77.273	44	10	0	135	4	76	119	4.98e-15	75.9
mRNA::ntLink_6:14024380-14026473	sp|Q8IYB1|M21D2_HUMAN	30.208	192	123	3	669	1241	268	449	8.50e-21	100
mRNA::ntLink_6:14032810-14035104	sp|Q8IYB1|M21D2_HUMAN	30.208	192	123	3	870	1442	268	449	3.95e-21	101
mRNA::ntLink_6:14036353-14067286	sp|Q8R3B7|BRD8_MOUSE	82.353	51	9	0	26577	26729	773	823	1.80e-17	95.9
mRNA::ntLink_6:14069092-14071237	sp|Q8WXF0|SRS12_HUMAN	44.444	54	30	0	2103	1942	48	101	3.37e-08	58.9
mRNA::ntLink_6:14073113-14073373	sp|Q8WXF0|SRS12_HUMAN	76.316	38	9	0	126	13	21	58	4.33e-13	65.5
mRNA::ntLink_6:14081854-14085115	sp|Q7L0R7|RNF44_HUMAN	38.136	118	65	2	893	540	304	413	6.78e-21	100
mRNA::ntLink_6:14093194-14104228	sp|O35144|TERF2_MOUSE	57.447	47	20	0	150	10	491	537	1.98e-09	67.4
mRNA::ntLink_6:14107033-14126376	sp|O94804|STK10_HUMAN	47.727	88	41	2	11791	11540	215	301	6.40e-12	77.0
mRNA::ntLink_6:14128322-14134965	sp|Q8H1R2|PPA24_ARATH	35.088	114	64	1	6299	6610	483	596	6.59e-13	78.2
mRNA::ntLink_6:14136743-14143126	sp|Q9ZQ81|PPA9_ARATH	57.627	59	25	0	5569	5745	394	452	8.43e-13	77.8
mRNA::ntLink_6:14151886-14152197	sp|Q6J3Q7|COX17_CANLF	78.049	41	9	0	126	4	23	63	4.57e-18	74.7
mRNA::ntLink_6:14152364-14172974	sp|A6H5Z3|EXC6B_MOUSE	70.690	58	17	0	217	390	35	92	2.92e-18	97.4
mRNA::ntLink_6:14200773-14209422	sp|Q9Y5L3|ENTP2_HUMAN	38.393	112	62	3	4202	4522	193	302	5.06e-11	72.0
mRNA::ntLink_6:14215495-14217435	sp|P13360|GLAS_DROME	54.194	155	64	2	480	31	417	569	1.62e-46	177
mRNA::ntLink_6:14248103-14257071	sp|A6QLI1|VGLU2_BOVIN	39.130	92	56	0	7877	8152	383	474	6.25e-12	75.1
mRNA::ntLink_6:14258416-14265683	sp|Q5W8I7|VGL2B_DANRE	47.297	74	39	0	6421	6642	399	472	2.32e-12	76.3
mRNA::ntLink_6:14273588-14292077	sp|P49454|CENPF_HUMAN	41.085	129	76	0	18489	18103	1	129	4.44e-16	90.9
mRNA::ntLink_6:14294389-14304580	sp|P91928|MIC60_DROME	40.625	224	124	2	705	61	499	722	6.52e-40	165
mRNA::ntLink_6:14304828-14308495	sp|B8F6C3|UNG_GLAP5	64.706	51	17	1	3488	3640	171	220	2.52e-13	74.3
mRNA::ntLink_6:14309994-14315412	sp|P17971|KCNAL_DROME	40.169	356	202	5	5229	4177	33	382	4.97e-75	265
mRNA::ntLink_6:14329571-14346551	sp|F1S5L4|GPAT1_PIG	57.143	28	12	0	5962	6045	223	250	7.23e-07	41.6
mRNA::ntLink_6:14354845-14356778	sp|Q95JJ0|SG196_MACFA	51.244	201	98	0	609	7	145	345	2.47e-67	227
mRNA::ntLink_6:14356938-14368771	sp|Q9YHB5|CND3_XENLA	41.221	131	76	1	1470	1862	210	339	2.40e-19	100
mRNA::ntLink_6:14371513-14378117	sp|Q8VCD6|REEP2_MOUSE	48.077	52	27	0	6484	6329	12	63	2.57e-06	55.1
mRNA::ntLink_6:14378913-14382476	sp|Q6NUA7|SIL1_XENLA	35.252	139	74	4	412	816	19	145	9.76e-16	85.1
mRNA::ntLink_6:14446230-14448158	sp|P53782|CCND2_XENLA	60.366	164	38	2	1928	1437	1	137	7.19e-51	181
mRNA::ntLink_6:14478370-14497186	sp|Q07960|RHG01_HUMAN	52.000	50	24	0	177	28	377	426	4.86e-08	63.2
mRNA::ntLink_6:14497705-14500083	sp|Q9U239|ZN593_CAEEL	64.706	34	12	0	88	189	25	58	4.63e-07	53.1
mRNA::ntLink_6:14524459-14535711	sp|Q9VR38|MON1_DROME	67.442	43	14	0	6611	6483	191	233	5.28e-08	62.8
mRNA::ntLink_6:14546771-14547887	sp|Q9Y5X5|NPFF2_HUMAN	29.394	330	193	12	109	1032	152	463	8.21e-27	114
mRNA::ntLink_6:14594662-14599170	sp|P19971|TYPH_HUMAN	60.163	123	49	0	4505	4137	30	152	1.08e-34	143
mRNA::ntLink_6:14603029-14605920	sp|P19971|TYPH_HUMAN	59.350	123	50	0	2888	2520	30	152	1.24e-34	142
mRNA::ntLink_6:14621569-14624370	sp|Q6CLN9|BTN1_KLULA	31.034	174	106	3	2199	2711	213	375	2.40e-15	82.8
mRNA::ntLink_6:14624749-14629298	sp|P63245|RACK1_RAT	89.412	85	9	0	1044	790	175	259	9.61e-46	171
mRNA::ntLink_6:14629652-14652118	sp|Q27954|COPA_BOVIN	46.552	116	23	2	4677	5024	305	381	4.11e-30	98.6
mRNA::ntLink_6:14654564-14656646	sp|A6QP05|DHR12_BOVIN	61.017	177	68	1	2082	1552	1	176	8.84e-68	228
mRNA::ntLink_6:14658218-14660032	sp|Q2LGB5|TOLIP_BOVIN	63.043	46	17	0	1814	1677	127	172	5.53e-11	67.4
mRNA::ntLink_6:14670179-14682227	sp|Q8K3X2|FCL_CRIGR	87.755	49	6	0	6638	6784	107	155	1.03e-22	105
mRNA::ntLink_6:14794460-14806798	sp|B7ZUF3|SETD3_XENTR	56.000	75	33	0	3073	2849	284	358	6.68e-20	101
mRNA::ntLink_6:14819135-14820215	sp|C3ZQF9|QRFPR_BRAFL	34.545	330	205	5	1008	37	51	375	2.17e-29	119
mRNA::ntLink_6:14844323-14849053	sp|C3ZQF9|QRFPR_BRAFL	34.320	338	211	5	4682	3687	43	375	2.87e-27	119
mRNA::ntLink_6:14860362-14873118	sp|Q7T2C4|S26A5_DANRE	32.374	139	63	2	7792	7376	193	300	3.73e-12	77.0
mRNA::ntLink_6:14890591-14915706	sp|O60293|ZC3H1_HUMAN	37.073	205	117	4	4744	4151	1403	1602	1.74e-30	139
mRNA::ntLink_6:14920560-14921691	sp|Q9EQD2|NPFF2_RAT	30.058	346	184	13	1038	91	51	368	8.70e-29	119
mRNA::ntLink_6:14928379-14929474	sp|C3ZQF9|QRFPR_BRAFL	35.061	328	172	11	1011	100	57	367	1.96e-31	125
mRNA::ntLink_6:14942668-14946184	sp|Q924H0|NPFF2_MOUSE	31.046	306	175	9	2320	3171	50	341	5.49e-27	119
mRNA::ntLink_6:14963591-14964419	sp|Q8IN35|SIFAR_DROME	34.167	240	138	6	70	750	199	431	5.15e-27	113
mRNA::ntLink_6:14966666-14968439	sp|Q924H0|NPFF2_MOUSE	31.475	305	175	9	613	1464	50	341	1.92e-31	130
mRNA::ntLink_6:14975841-14977164	sp|Q8IN35|SIFAR_DROME	32.710	321	192	10	70	987	199	510	1.95e-37	148
mRNA::ntLink_6:14978890-14980096	sp|Q8IN35|SIFAR_DROME	33.232	328	192	11	70	1008	199	514	9.14e-39	151
mRNA::ntLink_6:14998860-14999793	sp|Q02974|KHK_RAT	47.315	298	156	1	1	894	1	297	5.27e-102	304
mRNA::ntLink_6:15009388-15011123	sp|P79218|NK2R_RABIT	29.831	295	200	4	602	1486	38	325	5.89e-40	153
mRNA::ntLink_6:15022668-15029678	sp|Q95P23|ENPP_APLCA	28.736	261	90	10	4332	5042	360	548	4.46e-06	56.2
mRNA::ntLink_6:15031339-15037551	sp|A8CEP3|CALM_SACJA	41.538	65	37	1	4357	4163	59	122	2.20e-07	55.8
mRNA::ntLink_6:15095720-15100924	sp|P13868|CALM1_SOLTU	53.488	43	20	0	1992	1864	14	56	2.98e-06	52.4
mRNA::ntLink_6:15118885-15120050	sp|P79218|NK2R_RABIT	30.488	246	165	3	121	858	38	277	3.00e-30	122
mRNA::ntLink_6:15138640-15139985	sp|P03360|POL_AVIRE	28.369	141	94	3	65	472	861	999	4.73e-11	68.9
mRNA::ntLink_6:15234056-15234669	sp|Q8IN35|SIFAR_DROME	28.019	207	129	6	25	606	178	377	1.60e-17	83.6
mRNA::ntLink_6:15299924-15309708	sp|P21328|RTJK_DROME	32.540	126	73	3	3103	3447	584	708	1.64e-06	58.2
mRNA::ntLink_6:15334615-15336046	sp|P79218|NK2R_RABIT	29.730	333	217	7	193	1191	10	325	5.59e-42	156
mRNA::ntLink_6:15337240-15337847	sp|Q8IN35|SIFAR_DROME	28.502	207	128	6	19	600	178	377	1.30e-18	86.7
mRNA::ntLink_6:15355692-15356897	sp|P49579|ACHB_XENLA	35.135	111	68	1	1205	885	248	358	2.19e-13	75.1
mRNA::ntLink_6:15363959-15367464	sp|Q15825|ACHA6_HUMAN	28.625	269	170	2	771	31	217	485	1.42e-28	125
mRNA::ntLink_6:15381643-15392692	sp|P22770|ACHA7_CHICK	34.177	395	213	7	9892	11037	133	493	5.64e-65	234
mRNA::ntLink_6:15410666-15411234	sp|Q7ZWI4|GSKIP_DANRE	50.000	50	25	0	374	523	80	129	4.07e-08	53.1
mRNA::ntLink_6:15413379-15420351	sp|Q9Y6N5|SQOR_HUMAN	51.220	82	40	0	2054	1809	286	367	3.99e-22	105
mRNA::ntLink_6:15432434-15441325	sp|P27545|CERS1_MOUSE	48.529	68	35	0	5680	5883	138	205	3.55e-12	74.3
mRNA::ntLink_6:15445707-15452673	sp|P02752|RBP_CHICK	39.759	83	45	2	1827	1594	56	138	3.86e-12	72.0
mRNA::ntLink_6:15453151-15456356	sp|P13868|CALM1_SOLTU	53.191	47	22	0	876	1016	10	56	9.00e-09	58.9
mRNA::ntLink_6:15464942-15465954	sp|A7S4N4|SERIC_NEMVE	48.387	93	44	2	648	379	356	447	3.72e-17	85.5
mRNA::ntLink_6:15467595-15468030	sp|A7S4N4|SERIC_NEMVE	40.909	110	63	1	378	49	30	137	1.99e-18	84.0
mRNA::ntLink_6:15468967-15470497	sp|A7S4N4|SERIC_NEMVE	41.887	265	145	5	1530	748	188	447	8.66e-56	196
mRNA::ntLink_6:15498414-15544466	sp|P20825|POL2_DROME	32.482	274	176	3	42620	41826	205	478	8.82e-46	147
mRNA::ntLink_6:15654016-15669306	sp|Q8TAK5|GABP2_HUMAN	85.714	35	5	0	15269	15165	2	36	5.15e-09	66.2
mRNA::ntLink_6:15712982-15720078	sp|C5G6D7|CABC2_BACT4	29.018	448	245	16	5678	6961	587	981	1.81e-26	122
mRNA::ntLink_6:15755427-15766066	sp|C5G6D7|CABC2_BACT4	29.345	443	240	16	9221	10486	587	977	2.13e-27	126
mRNA::ntLink_6:15804308-15810476	sp|P59807|CABC1_PROVU	28.436	422	242	17	4771	5997	619	993	3.70e-26	121
mRNA::ntLink_6:15826430-15827954	sp|P49582|ACHA7_MOUSE	42.657	143	82	0	627	199	195	337	4.10e-34	138
mRNA::ntLink_6:15872620-15884246	sp|Q7ZVA0|SMU1_DANRE	77.528	89	20	0	4107	3841	211	299	1.98e-37	154
mRNA::ntLink_6:15884498-15886583	sp|Q5EAQ1|M4GDB_DANRE	30.864	162	99	5	226	696	29	182	1.69e-14	77.0
mRNA::ntLink_6:15911591-15916372	sp|O76206|RIFK_DROME	54.167	72	24	1	1770	1555	29	91	2.64e-18	87.0
mRNA::ntLink_6:15916545-15928250	sp|Q9Y2W6|TDRKH_HUMAN	40.164	122	65	3	148	510	46	160	1.07e-15	87.8
mRNA::ntLink_6:15947338-15951567	sp|Q5PQ71|ISOC2_XENLA	57.692	52	22	0	4065	4220	144	195	6.48e-11	67.0
mRNA::ntLink_6:15954636-15971875	sp|Q6V1X1|DPP8_HUMAN	53.763	93	43	0	15804	15526	199	291	1.04e-24	118
mRNA::ntLink_6:15986317-16017731	sp|Q90XC2|NEK8_DANRE	49.425	87	44	0	15521	15781	403	489	6.10e-17	93.6
mRNA::ntLink_6:16021695-16038230	sp|P25054|APC_HUMAN	56.582	433	179	3	13779	15053	308	739	2.32e-112	408
mRNA::ntLink_6:16040013-16088239	sp|Q9HCE0|EPG5_HUMAN	56.897	58	22	1	23578	23414	1271	1328	1.10e-07	64.7
mRNA::ntLink_6:16094411-16098555	sp|A1L243|MESD_DANRE	59.184	49	20	0	2929	3075	81	129	2.12e-12	71.2
mRNA::ntLink_6:16128321-16131030	sp|Q95218|DMBT1_RABIT	63.158	38	14	0	2406	2293	954	991	2.37e-06	55.8
mRNA::ntLink_6:16163490-16172601	sp|Q95218|DMBT1_RABIT	58.696	46	19	0	2869	2732	948	993	1.24e-07	62.0
mRNA::ntLink_6:16176589-16181925	sp|P05183|CP3A2_RAT	51.220	123	59	1	4968	5333	376	498	4.85e-30	130
mRNA::ntLink_6:16184915-16189432	sp|P05183|CP3A2_RAT	51.220	123	59	1	4149	4514	376	498	1.44e-30	131
mRNA::ntLink_6:16203849-16262553	sp|Q6ZNG9|KRBA2_HUMAN	34.810	158	92	7	54770	54306	264	413	5.45e-12	77.8
mRNA::ntLink_6:16374988-16387139	sp|B8V7P3|CAH_ACRMI	95.522	67	3	0	8544	8744	44	110	4.48e-35	135
mRNA::ntLink_6:16424909-16431706	sp|B8V7P3|CAH_ACRMI	95.522	67	3	0	3653	3853	44	110	2.46e-35	135
mRNA::ntLink_6:16506662-16511730	sp|A4FUZ5|SERC3_BOVIN	52.174	69	31	1	483	277	398	464	1.99e-13	78.6
mRNA::ntLink_6:16632172-16633940	sp|O05485|EPRA1_AERHY	28.412	359	211	15	1059	22	15	340	1.61e-20	97.1
mRNA::ntLink_6:16715710-16717516	sp|O05485|EPRA1_AERHY	26.685	356	221	15	1047	10	15	340	5.72e-23	103
mRNA::ntLink_6:16728159-16731951	sp|O05485|EPRA1_AERHY	29.213	89	62	1	3403	3669	36	123	1.36e-06	55.8
mRNA::ntLink_6:16747453-16748283	sp|Q09575|YRD6_CAEEL	25.000	172	119	3	130	615	730	901	1.31e-10	52.0
mRNA::ntLink_6:16822168-16862887	sp|P21328|RTJK_DROME	26.087	414	285	7	13502	12312	430	839	1.72e-27	129
mRNA::ntLink_6:16867041-16877271	sp|O70437|SMAD4_RAT	88.571	140	14	1	10113	9700	1	140	9.74e-68	244
mRNA::ntLink_6:16902771-16913244	sp|Q13395|TARB1_HUMAN	42.520	381	180	5	9325	10458	1270	1614	4.37e-71	270
mRNA::ntLink_6:16916632-16927009	sp|Q28001|S6A17_BOVIN	49.618	131	63	1	2467	2850	15	145	1.15e-34	137
mRNA::ntLink_6:16933821-16948816	sp|Q28001|S6A17_BOVIN	50.955	157	74	1	4686	5147	15	171	8.93e-50	181
mRNA::ntLink_6:16980956-16999384	sp|Q5TEC6|H37_HUMAN	58.108	74	29	1	2245	2030	6	79	5.97e-16	81.3
mRNA::ntLink_6:17004881-17017662	sp|Q6IR68|THA11_XENLA	30.508	118	73	2	7624	7289	6	120	1.66e-09	66.2
mRNA::ntLink_6:17025777-17037345	sp|O60494|CUBN_HUMAN	36.283	113	65	2	8817	9155	2227	2332	2.69e-12	77.8
mRNA::ntLink_6:17051734-17061824	sp|B8VIU6|USOM5_ACRMI	45.055	91	47	2	1997	1728	142	230	3.07e-12	73.2
mRNA::ntLink_6:17063911-17090590	sp|P04323|POL3_DROME	32.117	411	269	5	7015	8229	218	624	1.19e-60	234
mRNA::ntLink_6:17094250-17097686	sp|Q08676|AERA_AERSA	26.293	232	143	7	948	286	149	363	1.41e-07	59.3
mRNA::ntLink_6:17128307-17128703	sp|O14672|ADA10_HUMAN	48.276	116	51	3	1	321	566	681	2.79e-28	111
mRNA::ntLink_6:17157198-17169372	sp|A0A2J6RX17|NLRN_HYAVF	26.222	225	145	4	8680	8063	674	896	7.68e-10	69.3
mRNA::ntLink_6:17175751-17208646	sp|Q02241|KIF23_HUMAN	75.000	52	13	0	3164	3319	101	152	8.87e-15	87.0
mRNA::ntLink_6:17239624-17240182	sp|Q09811|HUS2_SCHPO	37.500	48	28	1	344	201	562	607	2.20e-06	37.0
mRNA::ntLink_6:17272185-17282989	sp|Q6NTR1|EFNMT_XENLA	68.852	61	19	0	7073	6891	369	429	7.41e-17	91.7
mRNA::ntLink_6:17306162-17309642	sp|Q80XJ3|TTC28_MOUSE	26.239	545	387	5	3096	1477	274	808	3.24e-43	176
mRNA::ntLink_6:17335613-17343051	sp|P21328|RTJK_DROME	29.397	398	266	5	2586	3746	477	870	1.25e-40	168
mRNA::ntLink_6:17351085-17359642	sp|Q7Z410|TMPS9_HUMAN	52.632	76	32	4	8324	8548	363	435	2.81e-12	77.0
mRNA::ntLink_6:17388984-17400612	sp|B3EWZ5|MLRP1_ACRMI	50.000	82	35	2	3174	3401	1693	1774	1.68e-12	78.6
mRNA::ntLink_6:17406480-17420277	sp|Q7Z410|TMPS9_HUMAN	48.611	72	36	1	13573	13788	365	435	4.56e-11	73.6
mRNA::ntLink_6:17564051-17572940	sp|Q6P5M2|SKI8_DANRE	78.000	50	11	0	5151	5002	107	156	8.72e-17	87.4
mRNA::ntLink_6:17576309-17577735	sp|Q9D1I6|RM14_MOUSE	40.714	140	77	3	408	4	7	145	5.12e-25	103
mRNA::ntLink_6:17577852-17583496	sp|B1H1X1|FXL17_XENLA	32.432	148	99	1	2134	2577	433	579	1.81e-17	92.4
mRNA::ntLink_6:17586373-17601427	sp|Q62849|PCSK7_RAT	48.624	109	17	1	11755	11429	282	351	1.90e-19	100
mRNA::ntLink_6:17603179-17604763	sp|Q6IP48|NATD1_XENLA	63.889	36	13	0	332	439	36	71	9.43e-07	51.2
mRNA::ntLink_6:17625543-17643464	sp|Q9H0J4|QRIC2_HUMAN	34.694	98	61	1	9236	9529	1295	1389	2.95e-07	61.6
mRNA::ntLink_6:17646782-17656949	sp|Q29384|PSB4_PIG	45.192	104	26	1	8476	8165	72	144	1.80e-19	91.3
mRNA::ntLink_6:17657269-17660950	sp|Q9VKM6|VPS72_DROME	38.623	334	181	9	28	990	1	323	6.16e-34	137
mRNA::ntLink_6:17663360-17672263	sp|Q96CG8|CTHR1_HUMAN	46.610	118	62	1	366	16	125	242	4.15e-26	113
mRNA::ntLink_6:17717257-17719679	sp|Q96CG8|CTHR1_HUMAN	41.176	119	57	3	336	16	125	242	1.89e-20	95.1
mRNA::ntLink_6:17787462-17788112	sp|Q09575|YRD6_CAEEL	45.652	46	25	0	420	283	794	839	3.39e-08	47.4
mRNA::ntLink_6:17838529-17853417	sp|Q8NHM4|TRY6_HUMAN	40.667	150	85	2	453	4	101	246	9.63e-28	118
mRNA::ntLink_6:17912177-17914348	sp|Q9S7R3|LSH10_ARATH	30.282	142	86	2	1120	734	1	142	2.12e-10	63.9
mRNA::ntLink_6:17923803-17925207	sp|O91080|POL_HV1YF	37.879	66	30	3	1110	940	394	457	9.10e-06	52.4
mRNA::ntLink_6:17948475-17967401	sp|P00765|TRYP_ASTAS	47.222	144	69	4	444	25	92	232	8.16e-29	121
mRNA::ntLink_6:17996338-18010440	sp|Q91V87|FGRL1_MOUSE	38.542	96	55	2	9825	10112	143	234	1.60e-10	71.2
mRNA::ntLink_6:18014069-18014384	sp|A8WK63|RECQ1_CAEBR	38.462	91	51	2	315	46	371	457	7.79e-09	55.1
mRNA::ntLink_6:18029051-18029582	sp|Q5K2P9|POLS2_RAT	54.000	50	20	2	328	477	41	87	3.82e-07	52.8
mRNA::ntLink_6:18050778-18056608	sp|Q87PP5|BCCT1_VIBPA	38.443	411	207	7	1779	565	187	557	1.18e-79	278
mRNA::ntLink_6:18096511-18119201	sp|A2RRV3|PATL1_DANRE	46.479	71	25	1	11896	12108	386	443	2.89e-06	58.5
mRNA::ntLink_6:18128557-18129505	sp|P43141|ADB4C_MELGA	26.797	306	161	12	148	927	40	328	2.08e-17	85.9
mRNA::ntLink_6:18134238-18135258	sp|P97292|HRH2_MOUSE	25.000	292	199	7	139	975	31	315	1.70e-14	77.4
mRNA::ntLink_6:18137472-18138447	sp|P97292|HRH2_MOUSE	26.449	276	183	7	139	927	31	299	3.17e-14	76.3
mRNA::ntLink_6:18142433-18167049	sp|P40818|UBP8_HUMAN	37.879	198	88	7	8517	7966	648	824	9.67e-21	106
mRNA::ntLink_6:18174033-18200319	sp|Q6ZQB6|VIP2_MOUSE	65.546	119	40	1	1725	2081	140	257	3.85e-37	160
mRNA::ntLink_6:18205280-18224347	sp|P23508|CRCM_HUMAN	48.680	341	139	6	2439	1453	364	680	6.12e-57	219
mRNA::ntLink_6:18234511-18257399	sp|Q9JJ22|ERAP1_RAT	54.023	87	40	0	19881	19621	164	250	2.14e-18	98.2
mRNA::ntLink_6:18260259-18261965	sp|Q07075|AMPE_HUMAN	30.000	150	88	4	1445	1008	77	213	3.33e-12	73.6
mRNA::ntLink_6:18265782-18269174	sp|Q3SZY7|ZFAN6_BOVIN	76.000	50	12	0	153	4	159	208	9.38e-19	89.7
mRNA::ntLink_6:18281096-18283639	sp|E2RKN8|TM258_CANLF	71.795	39	11	0	2341	2225	1	39	1.13e-12	67.4
mRNA::ntLink_6:18324665-18350122	sp|P21328|RTJK_DROME	26.524	328	214	10	15887	16822	411	727	3.24e-12	78.2
mRNA::ntLink_6:18366942-18368783	sp|B3EWZ8|ECT_ACRMI	48.913	92	42	3	879	610	255	343	8.54e-15	80.5
mRNA::ntLink_6:18383484-18386314	sp|C0HK23|SML_SCONI	34.118	85	50	3	1574	1828	123	201	9.85e-06	51.2
mRNA::ntLink_6:18516244-18521525	sp|Q80TC5|POGK_MOUSE	30.149	471	239	11	2152	755	194	579	1.14e-51	197
mRNA::ntLink_6:18554877-18558584	sp|Q9H0W7|THAP2_HUMAN	40.984	61	33	2	1897	2079	19	76	5.83e-07	55.5
mRNA::ntLink_6:18801544-18802714	sp|P54735|SPKD_SYNY3	29.680	219	125	10	427	1050	13	213	2.02e-12	72.0
mRNA::ntLink_6:18824131-18825329	sp|Q3T0G1|THAP1_BOVIN	52.174	46	19	2	1102	968	20	63	4.48e-06	50.8
