A0A224ASV7	Peve_00019588	92.350	732	52	2	1	732	1	728	0.0	1276
Q967E1	Peve_00019588	82.273	220	39	0	5	224	6	225	2.11e-124	388
A0A3M6U8K5	Peve_00006460	82.440	1082	168	6	1	1078	1	1064	0.0	1604
A0A6P8H2M2	Peve_00006460	58.420	1152	379	22	1	1140	1	1064	0.0	1095
A0A7M5UZN6	Peve_00006460	52.361	953	348	19	1	898	1	902	0.0	850
A0A7M5V808	Peve_00006460	52.466	953	347	19	1	898	1	902	0.0	855
A0A913YAN3	Peve_00006460	63.417	1118	338	18	1	1101	1	1064	0.0	1197
A0AAD9UTI2	Peve_00006460	80.863	1066	183	9	1	1053	1	1058	0.0	1558
A0AAU9WW55	Peve_00006460	78.295	1138	167	9	1	1132	1	1064	0.0	1551
T2M958	Peve_00006460	53.611	914	360	18	1	862	1	902	0.0	843
A0ABM4CXJ3	Peve_00006460	54.116	911	350	18	1	852	1	902	0.0	846
A0ABN8P5H7	Peve_00006460	99.429	875	5	0	1	875	1	875	0.0	1602
A0ABN8QPG7	Peve_00006460	100.000	1064	0	0	1	1064	1	1064	0.0	2192
A0A9X0A445	Peve_00041567	89.583	432	45	0	1	432	1	432	0.0	806
T2MGZ3	Peve_00041567	75.751	433	103	2	1	432	1	432	0.0	681
A0A2B4RFS2	Peve_00033504	61.842	456	152	9	1	442	1	448	1.96e-168	481
A0A3M6V3U0	Peve_00033504	60.927	453	157	11	1	438	1	448	8.38e-159	456
A0A6P8ID16	Peve_00033504	48.073	441	175	10	15	405	12	448	5.68e-102	310
A0A6S7GS75	Peve_00033504	45.699	186	80	4	14	180	12	195	2.56e-47	167
A0A913XFQ4	Peve_00033504	43.439	442	163	14	14	373	12	448	1.95e-85	266
A0A9W9YCJ7	Peve_00033504	65.934	455	136	11	1	443	1	448	0.0	512
A0AAD9UT92	Peve_00033504	56.209	306	118	5	1	297	1	299	1.44e-93	286
A0AAU9WFN7	Peve_00033504	60.480	458	154	10	1	441	1	448	2.25e-161	462
A0ABN8PDU0	Peve_00033504	98.214	448	8	0	1	448	1	448	0.0	892
A0ABN8T0K5	Peve_00033504	100.000	448	0	0	1	448	1	448	0.0	910
A0A3M6UA93	Peve_00004333	63.383	1218	352	22	27	1216	31	1182	0.0	1452
A0A6P8IBF1	Peve_00004333	58.564	905	319	11	199	1060	287	1178	0.0	1057
A0A6S7HY99	Peve_00004333	55.324	817	318	8	263	1071	281	1058	0.0	916
A0A913XKY9	Peve_00004333	59.553	806	305	9	182	973	287	1085	0.0	989
A0A913YMU4	Peve_00004333	59.553	806	305	9	148	939	287	1085	0.0	987
A0AAD9QGC6	Peve_00004333	68.051	939	249	7	465	1394	280	1176	0.0	1326
T2M9C5	Peve_00004333	46.942	703	322	7	29	686	287	983	0.0	634
A0A2B4SIN6	Peve_00004333	61.014	1144	345	15	97	1193	93	1182	0.0	1342
A0A9W9YJY0	Peve_00004333	58.734	916	262	20	1	850	1	866	0.0	918
A0ABM4CVR5	Peve_00004333	46.942	703	322	8	29	686	287	983	0.0	632
A0ABN8LW62	Peve_00004333	100.000	1184	0	0	1	1184	1	1184	0.0	2449
A0A2B4SRT0	Peve_00001166	78.804	184	36	2	192	373	178	360	2.43e-81	257
P55265	Peve_00006197	44.094	508	245	11	723	1221	792	1269	7.21e-125	416
P78563	Peve_00040609	45.000	680	284	14	79	740	84	691	2.50e-173	513
Q91ZS8	Peve_00040609	47.214	646	289	14	79	710	84	691	4.87e-179	527
F1R5H6	Peve_00007263	44.286	700	274	17	43	729	253	849	1.07e-147	484
O60885	Peve_00007263	48.991	694	284	15	6	685	216	853	6.10e-167	534
Q9ESU6	Peve_00007263	47.117	711	273	15	6	686	216	853	2.89e-164	528
Q08D75	Peve_00007263	46.676	722	296	18	1	710	208	852	2.11e-155	503
Q6DFF2	Peve_00007263	47.257	711	294	19	6	709	216	852	3.01e-158	511
P49711	Peve_00030471	35.976	328	197	6	246	573	480	794	4.13e-61	221
Q61164	Peve_00030471	35.976	328	197	6	246	573	480	794	5.17e-61	221
Q9R1D1	Peve_00030471	35.976	328	197	6	246	573	480	794	6.74e-61	221
Q08705	Peve_00030471	35.629	334	202	6	246	579	480	800	3.67e-61	221
O88508	Peve_00023930	47.329	674	314	10	264	907	52	714	0.0	618
Q1LZ53	Peve_00023930	46.884	674	317	8	264	907	52	714	0.0	619
Q4W5Z4	Peve_00023930	47.626	674	312	9	233	876	52	714	0.0	626
Q9Y6K1	Peve_00023930	47.181	674	315	9	268	911	52	714	0.0	617
O88509	Peve_00023930	45.306	671	305	10	228	859	68	715	0.0	587
Q9UBC3	Peve_00023930	44.173	695	318	11	203	853	47	715	0.0	585
A0A2B4RAA2	Peve_00023222	85.354	198	29	0	33	230	74	271	6.44e-125	368
A0A2B4RF23	Peve_00009801	81.545	233	43	0	1	233	1	233	3.25e-142	397
A0A2B4S5V0	Peve_00004940	92.727	165	12	0	1	165	1	165	3.27e-109	313
A0A9W9YLS2	Peve_00023222	83.586	396	59	4	1	392	24	417	0.0	676
A0A9X0CGQ7	Peve_00004940	92.121	165	13	0	1	165	1	165	7.96e-110	312
T2ME73	Peve_00027383	39.841	502	218	14	324	756	2	488	2.49e-103	327
A0A2B4RYW7	Peve_00020046	52.060	267	55	3	1	196	1	265	8.86e-83	246
A0A2B4S0L2	Peve_00027941	93.458	214	14	0	1	214	29	242	1.36e-148	422
A0A2B4S9F0	Peve_00025446	83.505	291	48	0	1	291	1	291	0.0	511
A0A2B4SR58	Peve_00008062	81.967	244	42	1	1	244	1	242	2.33e-152	424
A0A2B4T141	Peve_00021343	86.905	252	33	0	5	256	1	252	7.03e-158	463
A0A9W9YAL0	Peve_00027941	96.000	125	5	0	1	125	1	125	1.86e-87	257
A0A9W9YM72	Peve_00021343	87.698	252	31	0	5	256	1	252	3.34e-161	472
A0A9W9YRF8	Peve_00025446	83.972	287	46	0	1	287	1	287	0.0	508
T2M4E6	Peve_00024390	55.365	233	99	4	11	240	10	240	8.46e-85	253
T2M4V1	Peve_00009801	41.395	215	126	0	1	215	17	231	5.87e-62	193
T2ME10	Peve_00004940	69.277	166	50	1	1	166	1	165	1.71e-82	246
T2ME23	Peve_00023222	49.721	358	164	4	1	346	24	377	6.22e-123	366
T2M320	Peve_00027825	54.645	183	81	2	8	189	9	190	5.11e-69	209
T2M320	Peve_00027825	54.645	183	81	2	8	189	9	190	5.11e-69	209
P70351	Peve_00015726	49.933	745	316	16	16	747	6	706	0.0	691
Q92800	Peve_00015726	49.866	746	315	16	16	747	6	706	0.0	697
A7E2Z2	Peve_00015726	49.799	747	314	16	16	747	6	706	0.0	698
Q5RDS6	Peve_00015726	49.732	746	316	16	16	747	6	706	0.0	693
A0A6P8H599	Peve_00001166	57.085	247	103	2	182	425	178	424	4.12e-57	194
A0AAU9WDG7	Peve_00001166	77.174	184	40	2	194	376	178	360	3.41e-86	270
A0A6S7FTL3	Peve_00001166	61.585	164	61	1	269	430	196	359	4.55e-51	179
A0ABN8Q272	Peve_00001166	100.000	424	0	0	1	424	1	424	0.0	790
A0A1P8KZZ1	Peve_00037296	75.340	515	114	4	1	512	1	505	0.0	786
A0A2B4SH89	Peve_00037296	88.951	534	49	5	1	532	1	526	0.0	942
A0A9X0CEI1	Peve_00037296	88.268	537	50	7	1	535	1	526	0.0	933
T2M8M1	Peve_00037296	74.708	514	122	2	1	512	1	508	0.0	796
P04256	Peve_00001862	35.192	287	151	5	15	269	22	305	2.18e-48	167
P09651	Peve_00001862	42.529	174	98	1	15	188	22	193	1.29e-46	164
P09867	Peve_00001862	35.192	287	151	5	15	269	22	305	1.60e-48	167
P49312	Peve_00001862	35.192	287	151	5	15	269	22	305	1.60e-48	167
A5A6H4	Peve_00001862	35.192	287	151	5	15	269	22	305	1.60e-48	167
Q28521	Peve_00001862	34.843	287	152	5	15	269	22	305	8.94e-48	165
P17130	Peve_00001862	41.714	175	100	1	15	189	22	194	2.72e-47	165
A7VJC2	Peve_00001862	43.182	176	98	1	22	197	22	195	1.95e-48	168
O88569	Peve_00001862	43.182	176	98	1	22	197	22	195	8.40e-49	169
P22626	Peve_00001862	43.182	176	98	1	22	197	22	195	8.31e-49	169
Q2HJ60	Peve_00001862	43.182	176	98	1	10	185	22	195	4.31e-49	169
Q5RBU8	Peve_00001862	43.182	176	98	1	22	197	22	195	3.74e-48	167
Q9TTV2	Peve_00001862	42.614	176	99	1	10	185	22	195	2.40e-48	167
A7SBF0	Peve_00001498	64.394	660	211	2	25	660	1	660	0.0	899
Q54SH0	Peve_00001498	30.781	653	358	17	25	635	1	601	5.51e-96	311
Q6DFF4	Peve_00001498	49.547	662	304	6	25	658	1	660	0.0	657
Q4V847	Peve_00018032	31.982	1085	605	29	4	991	2	1050	1.44e-145	461
Q8JGR7	Peve_00030238	42.931	969	497	16	3	938	1	946	0.0	719
Q54PL2	Peve_00030238	36.164	365	227	3	116	479	19	378	9.69e-61	225
Q7SYD9	Peve_00039124	45.025	402	194	11	259	647	342	729	1.00e-96	326
Q5U4W6	Peve_00039124	35.894	677	357	21	254	873	341	997	1.21e-108	358
Q2TAF4	Peve_00039124	34.582	694	347	22	254	875	341	999	1.38e-106	353
Q54Z23	Peve_00039124	47.257	237	121	2	1	234	10	245	1.28e-65	241
Q54LH5	Peve_00007872	32.790	552	309	10	169	702	97	604	8.40e-81	287
Q68F70	Peve_00007872	42.023	959	523	14	38	968	43	996	0.0	681
Q1LXC9	Peve_00002298	41.682	1070	537	18	11	1017	10	1055	0.0	797
Q55EZ4	Peve_00002298	39.783	460	258	6	33	492	9	449	1.63e-96	336
Q55CB6	Peve_00006524	39.669	242	129	4	991	1232	840	1064	1.77e-47	186
Q7ZTY6	Peve_00013464	33.246	382	193	13	48	382	661	1027	9.64e-43	162
Q66KD9	Peve_00018572	44.378	498	254	10	1	487	1	486	2.73e-142	419
Q6GLY5	Peve_00026086	40.284	705	377	16	9	695	12	690	4.50e-167	497
Q6DIK0	Peve_00026086	40.909	704	366	18	9	687	12	690	1.10e-171	509
Q54YL3	Peve_00009358	71.552	464	120	3	13	476	3	454	0.0	739
Q6TNU3	Peve_00023310	31.990	769	420	13	9	712	17	747	8.25e-119	373
Q54NC8	Peve_00000108	25.692	903	546	30	179	1001	145	1002	6.93e-61	233
Q9VT41	Peve_00030238	31.717	990	585	24	19	984	23	945	2.31e-136	434
Q503E1	Peve_00009358	72.491	578	147	3	14	580	3	579	0.0	895
Q8K114	Peve_00001498	50.000	662	301	5	25	658	1	660	0.0	653
Q80V86	Peve_00018032	32.202	1090	600	29	4	995	2	1050	2.27e-150	473
Q7TQK1	Peve_00030238	44.352	965	485	16	5	938	3	946	0.0	743
Q8BND4	Peve_00039124	66.946	239	78	1	1	239	9	246	7.43e-101	337
Q6PCM2	Peve_00039124	47.215	413	189	12	258	657	345	741	3.48e-104	346
Q8CHT3	Peve_00009530	26.494	1004	623	25	28	999	9	929	3.16e-80	287
Q8CIM8	Peve_00007872	40.999	961	526	14	37	963	43	996	0.0	684
Q7TPD0	Peve_00002298	42.830	1067	528	17	34	1041	12	1055	0.0	831
Q80UK8	Peve_00006524	42.362	1211	555	20	66	1195	2	1150	0.0	848
Q66H58	Peve_00018572	44.509	519	255	10	1	504	1	501	1.20e-146	430
Q8R3P6	Peve_00018572	44.800	500	249	8	1	487	1	486	1.35e-145	427
Q3MHC2	Peve_00009358	71.626	578	151	3	14	579	3	579	0.0	885
Q9CWS4	Peve_00009358	71.799	578	150	3	14	579	3	579	0.0	887
Q8K2A7	Peve_00023310	31.208	753	422	15	9	697	17	737	2.00e-114	362
Q6P4S8	Peve_00000108	40.112	2316	1183	41	26	2191	23	2284	0.0	1565
Q95TS5	Peve_00001498	43.419	661	342	6	25	654	1	660	0.0	563
A1ZAK1	Peve_00018032	24.661	811	510	27	267	1006	270	1050	3.00e-52	199
Q9W485	Peve_00039124	57.438	242	96	3	1	240	9	245	1.85e-79	284
Q9W3E1	Peve_00007872	34.274	992	529	24	102	1019	54	996	6.39e-153	479
B4IMI7	Peve_00002298	36.089	1028	601	16	4	999	2	1005	0.0	647
B4NP05	Peve_00002298	37.524	1034	588	18	8	1015	4	1005	0.0	660
B4LQY8	Peve_00002298	37.716	1042	578	19	1	1008	1	1005	0.0	665
B4KJ11	Peve_00002298	37.344	1039	586	19	1	1008	1	1005	0.0	666
B4JPR2	Peve_00002298	37.439	1031	579	17	15	1012	8	1005	0.0	671
B3N449	Peve_00002298	36.302	1033	596	15	4	1003	2	1005	0.0	657
B4ISV0	Peve_00002298	36.012	1033	599	16	4	1003	2	1005	0.0	648
Q7PLS8	Peve_00002298	36.012	1033	595	16	4	999	2	1005	0.0	648
Q9VX31	Peve_00006524	35.286	768	453	15	314	1060	334	1078	3.26e-132	431
Q9VPY0	Peve_00018572	32.821	585	292	16	1	567	1	502	3.59e-83	269
Q8QZV7	Peve_00026086	41.501	706	358	20	9	686	12	690	4.95e-172	510
Q9VAH9	Peve_00009358	68.394	579	170	4	14	581	3	579	0.0	832
Q9W1C5	Peve_00000108	34.717	1397	753	31	42	1312	63	1426	0.0	779
Q5ZKK2	Peve_00001498	49.774	665	298	7	25	658	1	660	0.0	644
Q9NV88	Peve_00001498	50.000	662	301	5	25	658	1	660	0.0	659
Q4R5Z4	Peve_00001498	48.338	662	291	5	25	637	1	660	0.0	631
Q2KJA6	Peve_00001498	49.698	662	303	5	25	658	1	660	0.0	653
Q75QN2	Peve_00018032	32.320	1086	604	29	4	995	2	1050	6.03e-150	472
Q5ZL91	Peve_00030238	45.238	966	477	17	3	937	2	946	0.0	755
Q9NVH2	Peve_00030238	44.548	963	486	16	5	938	3	946	0.0	749
Q1RMS6	Peve_00030238	44.860	963	483	16	5	938	3	946	0.0	749
Q5JSJ4	Peve_00039124	67.364	239	77	1	1	239	9	246	1.35e-101	338
Q9UL03	Peve_00039124	36.944	674	350	19	258	877	345	997	3.24e-115	376
Q6P9B9	Peve_00009530	26.379	997	634	23	28	1000	9	929	5.02e-79	283
Q96HW7	Peve_00007872	40.583	961	530	14	36	962	43	996	0.0	683
Q68E01	Peve_00002298	43.071	1068	525	18	35	1043	12	1055	0.0	826
Q5RE70	Peve_00002298	43.018	1067	526	17	36	1043	12	1055	0.0	830
Q5ZKU4	Peve_00006524	42.763	1209	548	24	65	1189	2	1150	0.0	841
Q9H0H0	Peve_00006524	42.810	1210	550	21	65	1193	2	1150	0.0	852
Q5ZK21	Peve_00018572	44.890	499	254	7	1	489	1	488	7.33e-147	431
Q5EA76	Peve_00018572	44.038	520	259	9	1	507	1	501	1.80e-145	427
Q96SY0	Peve_00018572	45.000	500	248	8	1	487	1	486	2.55e-146	429
Q9NVM9	Peve_00026086	41.702	705	358	19	9	686	12	690	4.63e-175	517
Q5ZIH0	Peve_00009358	73.310	577	143	2	14	579	3	579	0.0	905
Q5TA45	Peve_00009358	71.799	578	150	3	14	579	3	579	0.0	885
Q2YDM2	Peve_00009358	71.453	578	152	3	14	579	3	579	0.0	882
Q5NVE6	Peve_00009358	71.799	578	150	3	14	579	3	579	0.0	885
Q5ZLS8	Peve_00023310	31.076	753	423	17	9	697	17	737	4.78e-117	369
Q4R7B1	Peve_00023310	30.400	750	421	15	9	686	17	737	1.82e-109	348
Q9NVR2	Peve_00023310	30.677	753	426	15	9	697	17	737	1.71e-113	359
Q8N201	Peve_00000108	40.000	2315	1182	41	26	2186	23	2284	0.0	1559
Q62315	Peve_00038733	36.434	387	238	4	814	1198	1457	1837	4.65e-73	268
Q92833	Peve_00038733	36.951	387	236	4	816	1200	1457	1837	2.91e-74	272
Q9VT00	Peve_00038733	35.610	615	337	13	1740	2342	1270	1837	6.61e-107	382
Q5F363	Peve_00038733	37.692	390	229	5	805	1189	1457	1837	8.84e-74	271
A0A2B4S8E0	Peve_00012249	55.437	1122	446	16	21	1096	1	1114	0.0	1176
A0A9W9ZIJ8	Peve_00012249	58.614	1010	361	20	10	983	83	1071	0.0	1132
A0AAD9QM30	Peve_00012249	55.556	1089	404	18	11	1063	60	1104	0.0	1164
A7RRR1	Peve_00012249	50.589	933	384	15	146	1013	192	1112	0.0	899
A0ABM4CYS0	Peve_00012249	44.062	960	467	19	364	1289	170	1093	0.0	787
A0ABN8LDI2	Peve_00012249	100.000	1116	0	0	1	1116	1	1116	0.0	2292
A0ABN8MZE6	Peve_00020237	97.419	891	23	0	1	891	1	891	0.0	1753
A0ABN8NSY9	Peve_00012249	96.838	1107	35	0	1	1107	1	1107	0.0	2197
A0ABN8SHN6	Peve_00020237	100.000	891	0	0	1	891	1	891	0.0	1793
Q15233	Peve_00038608	44.382	356	169	4	34	370	82	427	2.20e-88	282
Q5FVM4	Peve_00038608	46.809	329	154	3	66	375	101	427	1.54e-87	280
Q5RFL9	Peve_00038608	44.382	356	169	4	34	370	82	427	2.20e-88	282
Q99K48	Peve_00038608	46.809	329	154	3	63	372	101	427	1.87e-87	280
A0A2B4S0V2	Peve_00043402	90.229	481	45	1	2	480	1	481	0.0	868
A0A9X0CKQ5	Peve_00043402	92.683	205	15	0	2	206	1	205	4.36e-141	404
A0A2B4RV90	Peve_00016812	69.540	522	74	7	1	475	1	484	0.0	655
T2M3D0	Peve_00016812	73.246	456	120	2	1	455	1	455	0.0	656
A0A9X0DAY2	Peve_00016812	90.625	256	13	2	1	246	136	390	9.39e-168	474
A0A2B4S4I9	Peve_00044383	91.163	215	19	0	53	267	12	226	4.36e-150	418
A0A3M6T8V8	Peve_00044383	89.767	215	22	0	4	218	12	226	4.09e-147	409
A0A6P8HA70	Peve_00044383	89.048	210	23	0	11	220	17	226	5.72e-144	400
A0A6S7FIA6	Peve_00044383	83.178	214	36	0	3	216	11	224	2.97e-134	376
A0A6S7GP59	Peve_00044383	84.507	213	33	0	2	214	14	226	2.52e-137	384
A0A7M5VCA2	Peve_00044383	80.841	214	40	1	4	217	14	226	3.35e-133	373
A0A913Y4H3	Peve_00044383	88.584	219	25	0	1	219	8	226	1.64e-148	412
A0A9W9Z9F5	Peve_00044383	90.449	178	17	0	1	178	49	226	6.61e-122	343
A0AAD9VHU7	Peve_00044383	86.818	220	29	0	2	221	7	226	1.51e-146	407
A0AAU9XP26	Peve_00044383	89.767	215	22	0	4	218	12	226	4.09e-147	409
A0AAU9XP45	Peve_00044383	71.845	206	58	0	4	209	12	217	5.43e-108	309
A7SG05	Peve_00044383	87.963	216	26	0	2	217	11	226	2.51e-147	409
T2ME54	Peve_00044383	85.253	217	32	0	1	217	8	224	1.83e-142	397
A0ABM4CR17	Peve_00044383	84.793	217	33	0	1	217	8	224	8.69e-142	395
A0ABN8NFA2	Peve_00044383	98.673	226	3	0	1	226	1	226	2.49e-171	470
A0ABN8PTG3	Peve_00044383	100.000	226	0	0	1	226	1	226	2.18e-173	475
P23246	Peve_00038608	47.647	340	153	5	277	600	93	423	2.79e-95	307
Q8VIJ6	Peve_00038608	47.647	340	153	5	269	592	93	423	3.84e-95	307
P51531	Peve_00038764	65.554	929	265	8	698	1590	634	1543	0.0	1214
Q6DIC0	Peve_00038764	66.557	912	266	8	703	1577	634	1543	0.0	1218
A0A2B4SJU6	Peve_00030232	86.081	273	16	1	1	273	1	251	1.04e-158	482
A0A9W9ZZP8	Peve_00030232	94.850	1068	54	1	1	1068	5	1071	0.0	2117
T2MEH8	Peve_00028081	77.895	95	19	1	26	118	12	106	1.28e-47	162
B5DE31	Peve_00028081	83.516	91	15	0	31	121	16	106	9.68e-50	167
P21573	Peve_00028081	83.516	91	15	0	29	119	16	106	3.73e-50	168
P62960	Peve_00028081	83.516	91	15	0	49	139	16	106	1.99e-49	167
P62961	Peve_00028081	83.516	91	15	0	49	139	16	106	1.99e-49	167
P67808	Peve_00028081	83.516	91	15	0	51	141	16	106	2.20e-49	167
P67809	Peve_00028081	83.516	91	15	0	51	141	16	106	2.20e-49	167
Q06066	Peve_00028081	83.516	91	15	0	48	138	16	106	2.64e-49	167
Q28618	Peve_00028081	83.516	91	15	0	51	141	16	106	2.87e-49	167
B2RX14	Peve_00008963	52.745	419	194	4	912	1329	585	1000	1.39e-118	415
Q5TAX3	Peve_00008963	41.894	697	353	10	623	1313	351	1001	3.83e-142	485
Q5BLK4	Peve_00008963	45.489	532	234	12	830	1357	518	997	2.04e-118	412
Q5VYS8	Peve_00008963	46.559	494	252	6	869	1361	515	997	1.93e-120	418
A0A0C2M9F6	Peve_00004891	54.545	132	60	0	8	139	7	138	5.53e-48	152
A0A2B4STT0	Peve_00004891	84.375	160	22	1	1	157	1	160	2.09e-100	285
A0A3M6TNP0	Peve_00004891	83.750	160	23	1	1	157	1	160	1.59e-99	283
A0A6G3MKY9	Peve_00026158	59.701	134	54	0	9	142	7	140	8.39e-55	169
A0A6P8IKU3	Peve_00026158	77.500	160	30	1	1	154	1	160	2.20e-91	262
A0A6S7FT41	Peve_00004891	72.152	158	40	1	1	154	1	158	9.46e-81	236
A0A7M5X3V4	Peve_00026158	73.103	145	39	0	3	147	2	146	3.32e-77	226
A0A913XWC7	Peve_00004891	78.125	160	29	1	1	154	1	160	1.31e-91	263
A0A9W9YC25	Peve_00004891	85.000	160	21	1	18	174	1	160	1.28e-100	286
A0AAD9QSS1	Peve_00004891	85.000	160	22	1	1	158	1	160	1.27e-98	281
A0AAU9WMU5	Peve_00004891	83.750	160	23	1	1	157	1	160	4.61e-99	282
A7S8K1	Peve_00004891	79.375	160	30	1	1	157	1	160	4.94e-93	266
A0ABM4D9X7	Peve_00026158	79.167	144	30	0	3	146	2	145	1.58e-83	243
A0ABM4DD37	Peve_00004891	79.861	144	29	0	3	146	2	145	2.17e-83	242
A0ABN8QGP8	Peve_00004891	100.000	160	0	0	1	160	1	160	1.21e-117	329
A0ABN8R0C7	Peve_00004891	96.250	160	6	0	1	160	1	160	6.53e-115	322
A0ABN8SQ08	Peve_00026158	100.000	160	0	0	1	160	1	160	1.43e-117	329
A0A2B4S717	Peve_00025442	65.778	713	234	5	1	711	49	753	0.0	967
A0A2B4SRM6	Peve_00026759	71.745	361	101	1	1	361	1	360	0.0	506
A0A6P8H9M8	Peve_00026759	61.885	244	91	1	128	369	117	360	5.87e-114	336
A0A9W9ZCQ2	Peve_00026759	78.056	360	75	1	1	356	1	360	0.0	550
A0AAD9V7U4	Peve_00026759	69.329	313	91	4	1	309	1	312	7.88e-151	427
A0A6P8HV34	Peve_00006288	73.908	847	219	2	8	852	386	1232	0.0	1345
A0A913WVM7	Peve_00006288	73.341	844	223	2	12	853	389	1232	0.0	1328
A7RQ46	Peve_00006288	76.090	849	199	3	8	854	386	1232	0.0	1358
U3MIG1	Peve_00006288	75.915	847	202	2	8	852	386	1232	0.0	1360
A0A2B4R957	Peve_00006280	61.998	871	254	6	284	1079	166	1034	0.0	1096
A0A2B4T0T4	Peve_00042882	58.518	769	245	15	1	739	1	725	0.0	836
A0A2B4T345	Peve_00006280	65.118	1055	322	20	1	1030	1	1034	0.0	1306
A0A2S1PRW9	Peve_00006280	51.863	966	395	19	133	1050	91	1034	0.0	958
A0A6P8HJ48	Peve_00006280	51.569	956	409	19	147	1074	105	1034	0.0	950
A0A6S7HZC7	Peve_00006288	43.717	748	344	13	1	698	468	1188	0.0	587
A0A6S7I8S6	Peve_00006288	44.276	856	430	15	96	921	394	1232	0.0	701
A0A6S7ILJ3	Peve_00006288	45.361	873	422	17	275	1126	394	1232	0.0	701
A0A6S7IZ23	Peve_00006288	47.079	873	424	15	235	1090	381	1232	0.0	775
A0A7D9HG59	Peve_00006280	46.542	853	427	12	99	939	199	1034	0.0	789
A0A7D9IPU3	Peve_00006288	64.463	726	248	3	1	718	509	1232	0.0	989
A0AAD9QEE9	Peve_00006288	80.165	847	101	2	8	787	386	1232	0.0	1389
A0AAD9QER2	Peve_00006280	69.560	795	234	6	131	918	147	940	0.0	1162
A0AAD9V3D6	Peve_00006280	65.385	676	177	9	112	731	360	1034	0.0	878
A0AAD9V3F0	Peve_00006280	60.068	591	185	9	178	720	347	934	0.0	693
A0ABM4B6G4	Peve_00006288	45.098	867	439	13	138	990	389	1232	0.0	764
A0ABM4B6G9	Peve_00006288	45.559	867	435	13	150	1002	389	1232	0.0	776
A0ABM4B6H4	Peve_00006288	45.559	867	435	13	149	1001	389	1232	0.0	776
A0ABM4B6H5	Peve_00006288	45.098	867	439	13	139	991	389	1232	0.0	764
A0ABN8QPB6	Peve_00006288	100.000	1232	0	0	1	1232	1	1232	0.0	2577
T2M321	Peve_00006288	46.554	827	406	13	163	976	389	1192	0.0	775
U3MH35	Peve_00006280	50.772	971	430	19	141	1096	96	1033	0.0	910
A0A913WYP4	Peve_00014560	58.355	766	241	21	204	901	447	1202	0.0	691
A0A2B4SB72	Peve_00014560	68.950	1095	274	24	1	1059	1	1065	0.0	1036
A0A3M6ULZ9	Peve_00014560	67.914	882	237	16	2	855	202	1065	0.0	822
A0A9W9YEP4	Peve_00014560	84.685	111	17	0	6	116	955	1065	2.38e-53	179
A0A9W9YGB8	Peve_00014560	86.232	138	17	2	28	164	1066	1202	6.46e-79	256
A7RQB5	Peve_00014560	56.147	789	280	19	399	1137	430	1202	0.0	662
T2M6C4	Peve_00014560	41.432	461	226	9	334	774	765	1201	4.93e-92	317
T2MD51	Peve_00007263	50.144	696	275	18	8	661	250	915	0.0	582
A0A2B4SMQ4	Peve_00013932	78.151	833	169	9	1	830	1	823	0.0	1164
A0A7D9DNQ7	Peve_00013932	51.023	831	341	15	1	773	1	823	0.0	710
A0A9W9YT29	Peve_00013932	83.294	850	108	9	1	843	1	823	0.0	1239
T2MHP8	Peve_00018396	46.818	440	176	12	8	436	7	399	2.01e-119	384
A0A2B4RKW2	Peve_00043609	97.386	306	8	0	1	306	1	306	0.0	620
A0A2B4RRB6	Peve_00002136	54.810	1237	428	22	752	1966	9	1136	0.0	1289
A0A2B4SHE3	Peve_00008743	84.802	658	80	5	3	643	23	677	0.0	1059
A0A3M6T4M6	Peve_00005781	92.991	1284	60	2	1203	2486	1	1254	0.0	2478
A0A3M6TKM6	Peve_00008743	81.085	645	90	6	1	616	36	677	0.0	989
A0A3M6U436	Peve_00043609	97.651	298	7	0	17	314	9	306	0.0	605
A0A3M6UWL4	Peve_00013932	77.672	842	166	8	1	839	1	823	0.0	1179
A0A6P8HR61	Peve_00005781	80.184	1302	200	8	1174	2465	1	1254	0.0	2154
A0A6P8HSB4	Peve_00005781	80.650	1292	202	7	1174	2455	1	1254	0.0	2157
A0A6P8HZN0	Peve_00005781	80.184	1302	200	8	1173	2464	1	1254	0.0	2154
A0A6P8IIE4	Peve_00002139	82.158	241	43	0	203	443	375	615	1.21e-134	400
A0A6P8IJM8	Peve_00013932	55.954	865	301	18	1	827	1	823	0.0	826
A0A6P8IQU3	Peve_00043609	93.092	304	19	1	1	304	1	302	0.0	585
A0A6S7GFH2	Peve_00013932	46.247	746	331	16	1	686	88	823	0.0	545
A0A6S7GFJ7	Peve_00005781	74.602	1256	282	6	1157	2379	1	1252	0.0	1913
A0A6S7GKM9	Peve_00005781	70.725	1035	266	6	1157	2158	1	1031	0.0	1481
A0A7M5UWH2	Peve_00002139	73.276	232	61	1	206	437	384	614	3.46e-110	338
A0A7M5VGD3	Peve_00005781	65.980	1311	357	11	352	1631	1	1253	0.0	1766
A0A7M5WMI6	Peve_00005781	65.980	1311	357	11	1300	2579	1	1253	0.0	1769
A0A7M5WRU6	Peve_00043609	79.743	311	44	3	1	310	1	293	1.11e-179	499
A0A913X8I0	Peve_00043609	92.739	303	20	1	1	303	2	302	0.0	580
A0A913YFB7	Peve_00005781	81.450	1283	196	7	883	2154	1	1252	0.0	2154
A0A913YPT4	Peve_00013932	56.741	853	278	17	1	792	1	823	0.0	813
A0A9W9Y9T5	Peve_00025667	80.682	88	17	0	55	142	33	120	1.11e-45	160
A0A9W9YDV2	Peve_00008743	87.994	683	73	6	1	680	1	677	0.0	1133
A0A9W9YNI7	Peve_00043609	99.016	305	3	0	1	305	2	306	0.0	624
A0A9W9ZAE8	Peve_00002139	95.378	238	11	0	204	441	378	615	5.09e-156	455
A0A9W9ZK46	Peve_00005781	91.830	1273	69	6	380	1636	1	1254	0.0	2341
A0AAD9PWP5	Peve_00005781	90.112	1254	77	5	1075	2281	1	1254	0.0	2275
A0AAD9Q331	Peve_00043609	98.366	306	5	0	88	393	1	306	0.0	625
A0AAD9VF17	Peve_00013932	71.778	613	151	7	1	604	1	600	0.0	756
A0AAD9VG55	Peve_00008743	84.536	679	96	5	1	673	1	676	0.0	1094
A0AAU9VKE6	Peve_00002136	54.797	1230	426	23	379	1585	9	1131	0.0	1283
A0AAU9VNN9	Peve_00005781	95.056	1254	62	0	1203	2456	1	1254	0.0	2438
A0AAU9VYU0	Peve_00025667	76.768	99	23	0	45	143	22	120	9.12e-41	146
A0AAU9W496	Peve_00043609	97.712	306	7	0	1	306	1	306	0.0	623
A0AAU9W8K4	Peve_00013932	80.241	830	154	7	1	827	1	823	0.0	1188
A0AAU9XZ66	Peve_00008743	86.364	682	84	5	1	678	1	677	0.0	1123
A7RRG5	Peve_00005781	83.850	1257	179	8	1118	2356	1	1251	0.0	2161
A7S6D9	Peve_00008743	88.601	193	22	0	50	242	485	677	7.74e-127	374
A7SRS9	Peve_00043609	93.115	305	19	1	1	305	1	303	0.0	584
T2M7T1	Peve_00043609	83.442	308	48	1	1	308	2	306	0.0	527
T2MIQ3	Peve_00013932	60.526	266	98	2	1	261	1	264	1.60e-101	329
A0A3M6UDZ7	Peve_00002139	96.218	238	9	0	203	440	378	615	2.47e-165	479
A0A6P8IFI8	Peve_00008743	71.512	344	71	5	45	367	340	677	2.40e-168	486
A0A913X1U9	Peve_00002139	81.513	238	44	0	202	439	378	615	5.00e-133	396
A0AAD9VA66	Peve_00002139	90.987	233	21	0	211	443	375	607	2.11e-144	426
A0ABM4CF37	Peve_00013932	60.526	266	98	2	1	261	1	264	1.75e-101	329
A0ABM4CF56	Peve_00013932	56.015	266	87	3	1	238	1	264	5.05e-89	295
A0ABM4CF63	Peve_00013932	60.150	266	98	3	1	260	1	264	1.09e-98	322
A0ABM4CIM4	Peve_00043609	83.442	308	48	1	1	308	2	306	0.0	528
A0ABM4D6N2	Peve_00008743	56.749	363	90	8	358	678	340	677	7.06e-127	391
A0ABM4D6N8	Peve_00008743	56.749	363	90	8	357	677	340	677	6.16e-127	391
A0ABM4D6P1	Peve_00008743	55.372	363	87	9	358	670	340	677	7.29e-120	373
A0ABM4D6Q4	Peve_00008743	55.372	363	87	9	357	669	340	677	6.24e-120	373
A0ABM4DNI1	Peve_00002139	72.103	233	64	1	199	431	380	611	1.40e-108	333
A0ABM4DQI0	Peve_00005781	68.031	1270	361	9	1243	2484	1	1253	0.0	1776
A0ABM4DQI2	Peve_00005781	68.031	1270	361	9	1244	2485	1	1253	0.0	1776
A0ABN8LBB0	Peve_00043609	100.000	306	0	0	1	306	1	306	0.0	632
A0ABN8LU57	Peve_00002139	100.000	615	0	0	1	615	1	615	0.0	1265
A0ABN8LU70	Peve_00005781	100.000	1254	0	0	1	1254	1	1254	0.0	2596
A0ABN8M6V9	Peve_00025667	100.000	151	0	0	1	151	1	151	8.54e-112	313
A0ABN8P512	Peve_00005781	99.442	1254	7	0	1204	2457	1	1254	0.0	2589
A0ABN8PAS4	Peve_00002139	79.048	630	81	8	1	594	1	615	0.0	907
A0ABN8QRL4	Peve_00043609	99.673	306	1	0	1	306	1	306	0.0	630
A0ABN8QRZ0	Peve_00013932	98.542	823	12	0	1	823	1	823	0.0	1672
A0ABN8QTF3	Peve_00025667	92.661	109	8	0	36	144	12	120	6.72e-64	209
A0ABN8RR53	Peve_00013932	100.000	823	0	0	1	823	1	823	0.0	1694
A7RPS5	Peve_00002139	86.076	237	32	1	205	441	378	613	7.12e-139	411
A7SLB4	Peve_00013932	87.879	165	20	0	1	165	1	165	6.56e-89	276
T2M3N6	Peve_00008743	56.749	363	90	8	356	676	340	677	6.25e-127	391
A0A9W9ZQW3	Peve_00000006	79.340	697	108	6	1	694	1	664	0.0	1009
T2M8E4	Peve_00000006	65.659	463	157	1	49	509	64	526	0.0	663
U3MIG6	Peve_00011853	44.758	496	236	9	86	546	52	544	2.08e-135	406
A0AAU9W1B1	Peve_00022943	60.666	1561	545	19	4	1528	12	1539	0.0	1842
A0AAU9W1F6	Peve_00022943	62.879	1549	515	18	2	1509	8	1537	0.0	1906
A0AAU9W1F7	Peve_00022943	63.124	1562	496	21	2	1518	8	1534	0.0	1929
A0AAU9W2N8	Peve_00022943	61.573	1564	519	19	2	1517	8	1537	0.0	1869
A0AAU9W623	Peve_00022943	62.077	1358	442	20	4	1318	12	1339	0.0	1613
A0A2B4SEC2	Peve_00022943	60.639	907	271	13	4	893	12	849	0.0	1040
A0A6P8HSF4	Peve_00022943	46.070	1565	751	33	4	1509	2	1532	0.0	1276
A0A6S7HW35	Peve_00022943	37.809	1616	843	46	27	1591	30	1534	0.0	894
A0A6S7J182	Peve_00022943	38.227	1444	767	37	12	1391	30	1412	0.0	808
A0A6S7K0D5	Peve_00005268	37.538	333	181	7	511	819	2365	2694	3.20e-56	211
A0A7D9ICQ4	Peve_00022943	38.984	1575	830	39	12	1522	30	1537	0.0	927
A0A9W9ZLJ7	Peve_00022943	63.786	1030	301	11	2	969	5	1024	0.0	1248
A0A9W9ZMA9	Peve_00001954	63.889	396	126	4	24	402	1	396	2.95e-174	494
U3MG90	Peve_00005268	39.342	638	343	12	1265	1881	2089	2703	1.50e-111	397
U3MHS9	Peve_00022943	45.876	1552	770	31	6	1512	8	1534	0.0	1260
A0ABM4CG80	Peve_00022943	31.757	1565	877	40	9	1444	30	1532	0.0	649
A0ABM4CG82	Peve_00022943	32.828	1584	877	42	19	1496	30	1532	0.0	687
A0ABM4CG84	Peve_00022943	32.828	1584	877	42	9	1486	30	1532	0.0	686
A0ABM4CG86	Peve_00022943	31.238	1511	853	36	9	1407	30	1466	0.0	616
A0ABM4CG87	Peve_00022943	31.376	1584	887	40	9	1473	30	1532	0.0	642
A0ABM4CGA2	Peve_00022943	32.557	1588	877	38	9	1486	30	1533	0.0	687
A0A3M6UA93	Peve_00004333	63.383	1218	352	22	27	1216	31	1182	0.0	1452
A0A6P8IBF1	Peve_00004333	58.564	905	319	11	199	1060	287	1178	0.0	1057
A0A6S7HY99	Peve_00004333	55.324	817	318	8	263	1071	281	1058	0.0	916
A0A913XKY9	Peve_00004333	59.553	806	305	9	182	973	287	1085	0.0	989
A0A913YMU4	Peve_00004333	59.553	806	305	9	148	939	287	1085	0.0	987
A0AAD9QGC6	Peve_00004333	68.051	939	249	7	465	1394	280	1176	0.0	1326
T2M9C5	Peve_00004333	46.942	703	322	7	29	686	287	983	0.0	634
A0A2B4RZH6	Peve_00005079	73.739	1051	205	5	1	982	1	1049	0.0	1551
A0A2B4S3E4	Peve_00021642	80.480	958	158	4	1	931	1	956	0.0	1595
A0A2B4SIN6	Peve_00004333	61.014	1144	345	15	97	1193	93	1182	0.0	1342
A0A3M6T9B7	Peve_00005079	76.213	1051	244	4	165	1215	5	1049	0.0	1620
A0A6P8IWP8	Peve_00005079	64.434	1060	358	8	1	1052	1	1049	0.0	1394
A0A6P8J2S5	Peve_00021642	69.062	960	284	4	1	951	1	956	0.0	1407
A0A7M5V7R7	Peve_00021642	56.204	959	396	9	1	941	1	953	0.0	1130
A0A7M5X8U0	Peve_00005079	47.981	1065	523	13	2	1054	1	1046	0.0	977
A0A913XIF9	Peve_00005079	64.929	1055	361	4	1	1052	1	1049	0.0	1412
A0A913YVQ7	Peve_00021642	69.376	849	246	4	1	836	1	848	0.0	1271
A0A9W9YJY0	Peve_00004333	58.734	916	262	20	1	850	1	866	0.0	918
A0A9X0CVG2	Peve_00021642	80.919	718	100	3	1	681	1	718	0.0	1221
A0AAD9QKZ4	Peve_00021642	81.953	942	158	4	1	933	1	939	0.0	1626
A0AAD9VBE9	Peve_00005079	63.438	1053	188	12	1	860	1	1049	0.0	1274
A0AAU9VML6	Peve_00005079	80.323	1052	204	2	1	1052	1	1049	0.0	1746
A0AAU9W398	Peve_00021642	82.341	957	165	2	1	954	1	956	0.0	1652
A0ABM4CVR5	Peve_00004333	46.942	703	322	8	29	686	287	983	0.0	632
A0ABN8LRU0	Peve_00005079	100.000	1054	0	0	1	1054	1	1054	0.0	2192
A0ABN8LW62	Peve_00004333	100.000	1184	0	0	1	1184	1	1184	0.0	2449
A0ABN8QAU6	Peve_00005079	97.059	1054	31	0	1	1054	1	1054	0.0	2138
A7S7H2	Peve_00005079	60.985	1056	395	8	1	1047	1	1048	0.0	1310
A0ABM4DE52	Peve_00005079	48.618	1049	516	11	1	1029	1	1046	0.0	987
A0A2B4RZH6	Peve_00005079	73.739	1051	205	5	1	982	1	1049	0.0	1551
A0A2B4SZP1	Peve_00007510	72.910	1543	354	9	1	1520	41	1542	0.0	2243
A0A3M6TBL6	Peve_00007510	74.196	1523	364	10	1	1515	41	1542	0.0	2259
A0A6P8HX88	Peve_00007510	59.646	1524	566	14	1	1497	41	1542	0.0	1764
A0A7M5WVQ1	Peve_00018051	53.596	1321	585	16	9	1311	153	1463	0.0	1407
A0A913XJJ0	Peve_00007510	57.493	1508	574	16	7	1461	49	1542	0.0	1693
A0AAD9VAJ8	Peve_00007510	72.805	1515	345	13	7	1474	48	1542	0.0	2170
A0A3M6T916	Peve_00023930	79.274	468	74	1	15	459	249	716	0.0	785
A0A6P8IZG3	Peve_00023930	57.858	719	290	5	28	745	9	715	0.0	879
A0A7M5WTF5	Peve_00023930	48.193	664	302	6	461	1089	57	713	0.0	647
A0A9W9YGD1	Peve_00018051	92.766	235	17	0	1	235	1020	1254	1.74e-139	425
A0AAU9WSG6	Peve_00023930	71.809	713	187	5	15	720	11	716	0.0	1079
A0ABM4BEM5	Peve_00007510	57.544	1246	490	13	51	1262	302	1542	0.0	1436
A0ABN8M8F3	Peve_00023930	100.000	716	0	0	1	716	1	716	0.0	1487
A0ABN8NMG9	Peve_00007510	96.937	1502	46	0	1	1502	41	1542	0.0	3038
A0ABN8PW75	Peve_00023930	98.464	716	11	0	1	716	1	716	0.0	1466
A0ABM4BY06	Peve_00023930	47.442	645	294	4	630	1229	69	713	0.0	645
A0ABM4BY25	Peve_00023930	47.664	642	291	4	351	947	72	713	0.0	642
A0A2B4S762	Peve_00039041	60.512	1484	469	27	67	1512	263	1667	0.0	1640
A0A3M6UR52	Peve_00039041	57.856	1483	497	30	65	1472	238	1667	0.0	1511
A0A6P8HTE4	Peve_00039041	54.879	1117	464	10	564	1663	560	1653	0.0	1257
A0A913YT85	Peve_00039041	57.273	1100	413	15	369	1432	575	1653	0.0	1246
A0AAU9VVD7	Peve_00039041	62.213	1437	471	22	97	1509	279	1667	0.0	1654
A0ABN8N3W6	Peve_00039041	93.582	1901	101	4	1	1881	1	1900	0.0	3499
U3MMT8	Peve_00039041	54.545	1100	392	15	239	1258	562	1633	0.0	1166
A0A7M5WQI7	Peve_00017724	30.924	498	308	7	728	1225	938	1399	2.04e-70	259
A0A913YNN4	Peve_00017724	48.350	788	327	22	2	770	3	729	0.0	619
A0A9W9ZNU7	Peve_00017724	78.085	1410	278	10	1	1389	1	1400	0.0	2105
A0AAD9UYL2	Peve_00017724	71.558	1322	354	10	1	1312	91	1400	0.0	1791
A0AAU9VZL5	Peve_00017724	72.900	1417	346	16	1	1396	1	1400	0.0	1979
A0ABN8RVR2	Peve_00017724	97.429	1400	36	0	1	1400	1	1400	0.0	2796
A0ABN8S704	Peve_00017724	100.000	1400	0	0	1	1400	1	1400	0.0	2871
A0A2B4RUA0	Peve_00017724	73.234	1416	342	15	1	1396	1	1399	0.0	1986
A0A6P8H813	Peve_00017724	46.798	1421	656	29	3	1347	4	1400	0.0	1115
A0A6P8H818	Peve_00017724	46.728	1421	655	29	3	1345	4	1400	0.0	1114
A0A6S7GPJ7	Peve_00017724	45.455	374	181	8	69	434	91	449	3.18e-101	329
A0ABM4DK98	Peve_00017724	34.755	469	274	10	9	454	93	552	5.43e-78	280
T2MBE8	Peve_00017724	34.542	469	275	9	9	454	93	552	1.49e-77	279
A0A7M5WQI7	Peve_00017724	30.924	498	308	7	728	1225	938	1399	2.04e-70	259
A0A913YNN4	Peve_00017724	48.350	788	327	22	2	770	3	729	0.0	619
A0A9W9ZNU7	Peve_00017724	78.085	1410	278	10	1	1389	1	1400	0.0	2105
A0AAD9UYL2	Peve_00017724	71.558	1322	354	10	1	1312	91	1400	0.0	1791
A0AAU9VZL5	Peve_00017724	72.900	1417	346	16	1	1396	1	1400	0.0	1979
A0ABN8RVR2	Peve_00017724	97.429	1400	36	0	1	1400	1	1400	0.0	2796
A0ABN8S704	Peve_00017724	100.000	1400	0	0	1	1400	1	1400	0.0	2871
A0A2B4RUA0	Peve_00017724	73.234	1416	342	15	1	1396	1	1399	0.0	1986
A0A6P8H813	Peve_00017724	46.798	1421	656	29	3	1347	4	1400	0.0	1115
A0A6P8H818	Peve_00017724	46.728	1421	655	29	3	1345	4	1400	0.0	1114
A0A6S7GPJ7	Peve_00017724	45.455	374	181	8	69	434	91	449	3.18e-101	329
A0ABM4DK98	Peve_00017724	34.755	469	274	10	9	454	93	552	5.43e-78	280
T2MBE8	Peve_00017724	34.542	469	275	9	9	454	93	552	1.49e-77	279
A0A3M6TND6	Peve_00010916	84.842	442	62	2	1	437	1	442	0.0	769
A0A7M6DQP6	Peve_00010916	53.281	381	173	2	58	434	61	440	1.22e-158	455
A0A2B4T083	Peve_00010916	72.685	432	81	4	1	395	1	432	0.0	617
A0A6P8H1B1	Peve_00010916	74.131	259	67	0	5	263	184	442	9.83e-149	423
A0A913XDB0	Peve_00010916	59.269	383	135	8	1	369	1	376	4.59e-152	436
A0AAD9QB72	Peve_00010916	79.259	405	78	2	1	401	1	403	0.0	655
A0ABM4BLL0	Peve_00010916	48.649	407	166	6	8	407	35	405	1.98e-132	389
A0ABM4BLL2	Peve_00010916	48.643	442	184	6	8	442	35	440	2.85e-151	437
A0ABN8RBZ3	Peve_00010916	100.000	442	0	0	1	442	1	442	0.0	922
Q69DT2	Peve_00010916	51.435	418	184	5	8	418	35	440	1.58e-156	449
T2MI39	Peve_00010916	51.914	418	182	5	8	418	35	440	6.79e-159	455
A0A6P8HN45	Peve_00032268	43.430	1073	574	14	158	1217	1	1053	0.0	878
A0AAD9V5E8	Peve_00032268	70.968	217	46	2	158	357	1	217	1.12e-94	305
A0ABN8PT06	Peve_00032268	95.825	1054	30	2	155	1195	1	1053	0.0	2085
T2MD94	Peve_00015726	48.918	693	320	11	23	694	5	684	0.0	681
U3MIH3	Peve_00035853	41.456	948	388	41	691	1521	54	951	5.38e-115	392
U3MIH3	Peve_00035853	41.456	948	388	41	691	1521	54	951	5.38e-115	392
A0A3M6TCC1	Peve_00010989	77.165	381	83	4	1	379	12	390	0.0	614
A0A6P8H4F9	Peve_00012697	57.009	1070	356	23	129	1125	138	1176	0.0	1066
A0A6P8H7E5	Peve_00012697	57.009	1070	356	23	149	1145	138	1176	0.0	1067
A0A6P8I495	Peve_00010989	61.308	367	135	2	13	374	26	390	8.24e-172	484
A0A913XZK0	Peve_00010989	63.361	363	126	2	17	374	30	390	1.06e-174	492
A0A913YBR8	Peve_00012697	54.952	1050	338	31	133	1062	139	1173	0.0	957
A0AAU9VQL9	Peve_00010989	76.579	380	85	4	1	378	12	389	0.0	610
A0AAU9WSZ1	Peve_00012697	73.556	1195	250	22	2	1179	31	1176	0.0	1529
A7SUP8	Peve_00010989	64.088	362	128	1	17	378	30	389	0.0	508
A0A1P8KZZ1	Peve_00037296	75.340	515	114	4	1	512	1	505	0.0	786
A0A1P8KZZ3	Peve_00003957	67.136	426	135	4	1	425	1	422	0.0	606
A0A2B4SH89	Peve_00037296	88.951	534	49	5	1	532	1	526	0.0	942
A0A2B4SUT8	Peve_00003957	92.974	427	29	1	1	426	1	427	0.0	839
A0A3M6UEF8	Peve_00037296	89.144	479	42	5	2	478	56	526	0.0	837
A0A6P8HC63	Peve_00003957	79.953	429	84	2	1	429	1	427	0.0	724
A0A6P8HG31	Peve_00037296	80.464	517	89	5	12	525	1	508	0.0	848
A0A6P8HTQ8	Peve_00003957	85.024	207	31	0	1	207	1	207	4.01e-128	368
A0A6S7G8G8	Peve_00010989	54.015	137	59	3	6	140	30	164	1.36e-44	153
A0A6S7IAP1	Peve_00012697	72.018	436	121	1	266	700	735	1170	0.0	714
A0A7M5VA08	Peve_00037296	79.317	498	97	5	1	495	1	495	0.0	812
A0A7M5WWG2	Peve_00003957	65.882	425	143	2	1	425	1	423	0.0	605
A0A7M5WWX1	Peve_00012697	67.943	418	127	2	717	1128	760	1176	0.0	627
A0A913X9C4	Peve_00037296	80.226	531	97	5	1	528	1	526	0.0	850
A0A913XE38	Peve_00003957	79.720	429	85	2	1	429	1	427	0.0	728
A0A913XPM0	Peve_00037296	80.226	531	97	5	1	528	1	526	0.0	845
A0A9X0CEI1	Peve_00037296	88.268	537	50	7	1	535	1	526	0.0	933
A0AAD9QH29	Peve_00012697	67.986	1137	223	21	8	1056	93	1176	0.0	1335
A0AAD9QY34	Peve_00003957	83.191	470	36	3	1	470	1	427	0.0	794
A0AAU9XMR4	Peve_00037296	89.720	535	44	6	1	533	1	526	0.0	948
A0AAU9XT39	Peve_00003957	93.911	427	25	1	1	426	1	427	0.0	845
A0ABM4C432	Peve_00010989	44.652	374	195	4	5	377	28	390	3.07e-114	338
A0ABM4D6B6	Peve_00037296	76.143	503	114	2	1	501	1	499	0.0	793
A0ABM4DES7	Peve_00003957	67.689	424	135	2	1	424	1	422	0.0	607
A0ABN8LT24	Peve_00003957	100.000	427	0	0	1	427	1	427	0.0	891
A0ABN8MRB7	Peve_00037296	100.000	527	0	0	1	527	1	527	0.0	1105
A0ABN8RKN7	Peve_00003957	99.063	427	4	0	1	427	1	427	0.0	886
A7SB64	Peve_00003957	81.671	431	75	2	1	431	1	427	0.0	746
A7SKN6	Peve_00012697	82.064	407	73	0	1	407	768	1174	0.0	739
T2M8M1	Peve_00037296	74.708	514	122	2	1	512	1	508	0.0	796
T2MIU4	Peve_00003957	67.217	424	137	2	1	424	1	422	0.0	608
A0ABM4CTQ5	Peve_00017138	38.841	345	185	7	4	341	55	380	1.98e-76	246
A0ABM4CY83	Peve_00012697	64.734	414	138	4	582	988	760	1172	0.0	598
A0ABM4CY87	Peve_00012697	64.734	414	138	4	489	895	760	1172	0.0	596
A0ABM4CY92	Peve_00012697	64.734	414	138	4	594	1000	760	1172	0.0	599
A0ABM4D6C3	Peve_00037296	75.000	512	122	2	1	510	1	508	0.0	795
A0ABM4DES8	Peve_00003957	70.781	397	115	1	1	397	1	396	0.0	602
A0ABN8NHY8	Peve_00037296	99.430	526	3	0	1	526	1	526	0.0	1108
U3MH39	Peve_00002044	33.834	999	519	28	20	943	6	937	7.04e-133	423
A0A6P8HH67	Peve_00018038	84.910	782	118	0	206	987	1	782	0.0	1432
A0A7M5V3C9	Peve_00018038	73.604	788	202	3	197	984	1	782	0.0	1252
A0AAD9PVY0	Peve_00018038	88.496	791	88	1	198	985	1	791	0.0	1472
A0AAU9WK47	Peve_00018038	87.802	787	91	2	194	980	1	782	0.0	1456
A7RX65	Peve_00018038	86.189	782	108	0	202	983	1	782	0.0	1447
A0A3M6U9U0	Peve_00029921	84.820	639	91	6	1	637	1	635	0.0	1040
A0A6P8H2S9	Peve_00029921	70.111	629	172	6	1	614	1	628	0.0	843
A0A6S7GHA5	Peve_00029921	53.534	566	231	11	1	540	74	633	0.0	548
A0A6S7GI61	Peve_00029921	59.438	641	200	12	8	608	9	629	0.0	706
A0A7M5WMY6	Peve_00029921	59.040	625	241	8	12	626	9	628	0.0	701
A0A913XXZ3	Peve_00029921	68.372	645	164	12	1	622	1	628	0.0	837
A0AAD9V3J1	Peve_00029921	83.386	638	100	5	1	635	1	635	0.0	1042
A0AAU9XCX9	Peve_00029921	84.977	639	90	6	1	637	1	635	0.0	1041
A7SSV8	Peve_00029921	65.463	637	146	11	1	572	1	628	0.0	790
T2MGJ0	Peve_00029921	59.657	642	215	14	7	624	9	630	0.0	705
A0AAD9QES5	Peve_00029921	74.074	621	133	5	1	595	1	619	0.0	874
A0AAD9QFC8	Peve_00029921	82.423	421	63	1	1	410	1	421	0.0	714
A0ABN8MB85	Peve_00029921	100.000	635	0	0	1	635	1	635	0.0	1316
A0ABN8QLE7	Peve_00029921	99.055	635	6	0	1	635	1	635	0.0	1304
A0A2B4RYW2	Peve_00029309	74.965	707	97	7	1	637	1	697	0.0	1058
A0A2B4SP99	Peve_00025604	84.534	1138	168	7	23	1155	1	1135	0.0	2004
A0A3M6U2E5	Peve_00025604	78.892	1137	162	7	1	1061	1	1135	0.0	1830
A0A3M6UPW7	Peve_00029309	82.808	698	102	4	1	681	1	697	0.0	1202
A0A6P8HD12	Peve_00029309	67.465	710	198	13	1	689	1	698	0.0	952
A0A6P8I525	Peve_00025604	64.267	1139	388	12	4	1131	3	1133	0.0	1513
A0A913XWF5	Peve_00029309	66.525	705	204	9	1	680	1	698	0.0	947
A0AAD9R4E1	Peve_00025604	84.049	1141	179	3	1	1141	1	1138	0.0	2008
A0AAU9XB94	Peve_00025604	84.609	1137	169	5	1	1133	1	1135	0.0	2004
A0A6P8HLM1	Peve_00029309	76.218	513	115	4	107	616	190	698	0.0	815
A0A7M5V787	Peve_00029309	54.741	464	204	5	127	587	236	696	0.0	529
A0A7M6DRJ3	Peve_00029309	54.741	464	204	5	191	651	236	696	0.0	531
A0AAU9W1L8	Peve_00029309	82.228	709	109	7	1	703	1	698	0.0	1198
A0ABM4BGL0	Peve_00025604	47.445	1174	563	15	1	1159	1	1135	0.0	1090
A0ABM4D2W2	Peve_00029309	56.889	450	186	5	166	612	248	692	0.0	546
A0ABN8M7Q8	Peve_00025604	100.000	1140	0	0	1	1140	1	1140	0.0	2383
A0ABN8NP08	Peve_00029309	98.711	698	7	1	1	696	1	698	0.0	1428
A0ABN8RSZ8	Peve_00025604	98.596	1140	16	0	1	1140	1	1140	0.0	2355
A0ABN8SUZ2	Peve_00029309	100.000	698	0	0	1	698	1	698	0.0	1452
A7SCD7	Peve_00029309	76.605	483	106	4	1	482	222	698	0.0	787
T2MCQ9	Peve_00029309	56.444	450	188	5	166	612	248	692	0.0	544
A0A2B4RTD2	Peve_00017722	64.194	620	182	13	2	608	1	593	0.0	740
A0A9W9ZQL1	Peve_00017722	66.319	671	178	18	5	659	4	642	0.0	816
T2M9S9	Peve_00017722	43.656	465	213	15	1	459	4	425	1.54e-114	363
A0A2B4RXG8	Peve_00007312	73.510	604	128	4	1	573	1	603	0.0	911
A0A3M6TI40	Peve_00007312	77.944	603	132	1	1	602	1	603	0.0	986
A0A9W9YNB5	Peve_00007312	82.119	604	106	2	1	603	1	603	0.0	1027
A0AAD9Q0W3	Peve_00007312	77.280	603	130	2	1	596	1	603	0.0	975
A0AAU9X039	Peve_00007312	77.446	603	135	1	1	602	1	603	0.0	978
A0A6P8H2T4	Peve_00007312	59.772	614	224	8	1	602	1	603	0.0	727
A0A7D9JIL0	Peve_00007312	44.170	446	221	6	1	420	1	444	3.94e-120	365
A0A7D9JTI4	Peve_00007312	44.833	629	299	11	1	607	1	603	3.00e-174	508
A0A7M5V2D9	Peve_00007312	31.840	625	379	9	1	600	1	603	8.05e-103	323
A0ABN8NZW9	Peve_00007312	98.342	603	10	0	1	603	1	603	0.0	1231
A0ABN8QUG4	Peve_00007312	100.000	603	0	0	1	603	1	603	0.0	1250
T2MHQ0	Peve_00007312	33.703	451	286	3	1	444	1	445	1.80e-88	283
A0ABM4BD57	Peve_00007312	34.146	451	284	3	1	444	1	445	7.68e-90	286
A0A2B4SMA7	Peve_00004734	49.746	394	166	10	9	383	12	392	2.03e-100	303
A0A3M6UFP9	Peve_00004734	49.231	390	177	9	10	388	13	392	4.29e-103	310
A0A9X0A2B7	Peve_00004734	47.041	338	159	9	1	328	8	335	1.19e-76	240
A0AAD9V9K1	Peve_00004734	48.549	379	174	8	6	368	19	392	1.42e-91	280
A0AAU9VPS6	Peve_00004734	48.312	385	188	7	10	388	13	392	4.02e-101	305
A0ABN8LH44	Peve_00004734	100.000	395	0	0	1	395	1	395	0.0	801
A0ABN8N8S2	Peve_00004734	97.975	395	8	0	1	395	1	395	0.0	783
A0A2B4RZR3	Peve_00043354	77.870	601	121	9	1	596	1	594	0.0	860
A0A3M6UAH0	Peve_00043354	77.537	601	123	9	1	596	1	594	0.0	865
A0A6C0WWI0	Peve_00043354	60.099	604	212	11	1	585	1	594	0.0	665
A0A6P8IIB6	Peve_00043354	60.099	604	211	10	1	584	1	594	0.0	671
A0A7D9DY23	Peve_00043354	48.397	624	272	13	1	605	1	593	1.92e-162	477
A0A913X8D1	Peve_00043354	58.167	600	220	8	1	575	1	594	0.0	640
A0AAU9XWT2	Peve_00043354	74.204	628	123	10	1	623	1	594	0.0	851
A7SCY1	Peve_00043354	56.908	608	200	14	1	560	1	594	0.0	605
A0AAD9UVS7	Peve_00043354	79.496	595	108	3	1	582	1	594	0.0	898
A0ABM4BS89	Peve_00043354	38.437	627	319	21	1	597	1	590	3.64e-101	319
A0ABN8PL43	Peve_00043354	100.000	594	0	0	1	594	1	594	0.0	1203
A0ABN8PLE5	Peve_00043354	96.801	594	19	0	1	594	1	594	0.0	1160
T2MIH8	Peve_00043354	37.959	627	322	21	1	597	1	590	3.40e-100	317
A7S2K4	Peve_00040999	90.931	408	36	1	1	408	19	425	0.0	787
A0A3M6TE27	Peve_00040999	94.872	429	22	0	1	429	1	429	0.0	849
A0A7M5V8C8	Peve_00040999	85.211	426	61	1	1	424	1	426	0.0	773
A0A913XGH7	Peve_00040999	88.345	429	50	0	1	429	1	429	0.0	805
A0AAU9WPJ5	Peve_00040999	95.105	429	21	0	1	429	1	429	0.0	851
A0ABN8MST7	Peve_00040999	99.767	429	1	0	1	429	1	429	0.0	889
A0ABN8N828	Peve_00040999	100.000	429	0	0	1	429	1	429	0.0	890
T2MDF0	Peve_00040999	84.397	423	66	0	6	428	4	426	0.0	769
A0A2B4RIR9	Peve_00026319	55.556	981	373	8	5	929	239	1212	0.0	1048
A0A2B4S0A1	Peve_00032720	48.154	650	309	8	556	1196	19	649	0.0	610
A0A2B4S2K3	Peve_00032720	49.096	664	318	7	3	660	7	656	0.0	636
A0A2B4S3Y0	Peve_00032720	28.817	465	279	16	81	514	21	464	1.98e-43	167
A0A2B4S6D8	Peve_00032720	54.380	548	248	2	18	563	27	574	0.0	629
A0A2B4S6H5	Peve_00007069	64.946	465	151	3	258	714	1	461	0.0	637
A0A3M6T9A9	Peve_00000800	63.571	1260	437	6	2	1255	5	1248	0.0	1623
A0A3M6U019	Peve_00032709	39.734	677	349	18	1	641	1	654	5.98e-146	439
A0A3M6U066	Peve_00032712	28.931	636	358	23	18	598	20	616	6.97e-61	215
A0A3M6U087	Peve_00032712	66.021	671	215	7	1	659	1	670	0.0	894
A0A3M6U0C1	Peve_00032712	35.303	694	365	18	26	686	22	664	3.32e-127	392
A0A6P8H437	Peve_00032712	37.518	685	379	16	4	655	3	671	3.93e-153	459
A0A6P8H6G5	Peve_00032712	41.116	681	361	15	4	656	3	671	1.38e-170	504
A0A6P8H6Z9	Peve_00032712	40.030	667	380	12	4	654	3	665	4.34e-156	466
A0A6P8HEP7	Peve_00032712	50.212	707	294	12	722	1413	4	667	0.0	664
A0A6S7FT68	Peve_00029318	34.370	1190	680	24	1	1164	1669	2783	0.0	681
A0A6S7FU92	Peve_00035858	60.062	323	124	3	159	479	1120	1439	1.96e-119	385
A0A913Y425	Peve_00032712	46.581	702	323	14	6	693	4	667	0.0	591
A0A913Y4S8	Peve_00032712	37.538	666	399	9	4	655	3	665	4.69e-151	452
A0A913YWT7	Peve_00032712	35.810	673	390	14	4	642	3	667	2.24e-143	432
A0A913YXY8	Peve_00032712	38.643	678	376	14	4	653	3	668	2.41e-153	460
A0A9W9YBD9	Peve_00029318	72.648	1371	356	12	2	1367	3	1359	0.0	2017
A0A9W9YEV0	Peve_00029318	76.945	1401	316	4	13	1408	1390	2788	0.0	2261
A0A9W9ZSK9	Peve_00000800	73.394	436	114	2	1	436	1	434	0.0	673
A0A9W9ZT61	Peve_00032712	75.477	367	82	3	18	376	1	367	0.0	565
A0A9W9ZTA1	Peve_00032720	51.060	613	280	9	3	607	7	607	0.0	618
A0A9W9ZTC8	Peve_00032720	50.365	274	128	5	1	271	301	569	7.49e-88	275
A0A9W9ZTK4	Peve_00032712	69.960	253	72	2	1	252	421	670	1.22e-125	371
A0A9W9ZU19	Peve_00032720	50.512	586	229	8	3	550	7	569	0.0	579
A0A9W9ZUN1	Peve_00032720	50.953	577	230	10	3	536	7	573	0.0	572
A0A9W9ZUT4	Peve_00032720	51.909	707	270	14	3	696	7	656	0.0	682
A0A9W9ZWW6	Peve_00032712	29.199	637	334	21	4	546	3	616	2.77e-54	196
A0A9X0A5B4	Peve_00002451	62.054	224	82	3	21	243	142	363	1.86e-85	281
A0A9X0A6E6	Peve_00002451	60.082	243	81	6	1	236	693	926	2.42e-80	262
A0A9X0CGN6	Peve_00005574	91.069	627	54	2	1	626	553	1178	0.0	1180
A0A9X0D791	Peve_00032712	30.072	419	225	10	1	378	235	626	2.86e-56	196
A0AAD9UXL8	Peve_00032712	31.978	713	411	18	4	693	3	664	1.17e-114	360
A0AAD9UXP1	Peve_00032709	46.060	571	274	12	3	549	5	565	8.36e-157	465
A0AAD9UXU1	Peve_00032709	41.871	652	328	15	3	615	5	644	1.43e-156	465
A0AAU9WAH1	Peve_00032712	29.801	604	339	20	102	655	48	616	1.08e-62	221
A0AAU9WCN3	Peve_00032720	46.567	670	331	9	3	665	7	656	0.0	590
A0AAU9WFE4	Peve_00032712	34.870	694	368	18	26	686	22	664	4.58e-125	387
A0AAU9WFH3	Peve_00032712	29.180	634	353	26	21	598	23	616	3.31e-58	207
A0ABN8LI71	Peve_00032720	100.000	656	0	0	1	656	1	656	0.0	1366
A0ABN8LIB1	Peve_00032712	100.000	671	0	0	1	671	1	671	0.0	1393
A0ABN8LMP5	Peve_00032709	100.000	662	0	0	1	662	1	662	0.0	1385
A0ABN8RBN7	Peve_00032712	94.635	671	36	0	1	671	1	671	0.0	1313
A0ABN8RES1	Peve_00032709	94.713	662	35	0	1	662	1	662	0.0	1307
A0ABN8RET6	Peve_00032720	95.884	656	27	0	1	656	1	656	0.0	1314
A0ABN8SQE6	Peve_00026319	100.000	1450	0	0	1	1450	1	1450	0.0	3019
A0ABN8SSZ0	Peve_00026320	100.000	705	0	0	1	705	1	705	0.0	1466
A0A3M6U448	Peve_00021254	80.833	120	23	0	7	126	4	123	2.17e-70	207
A0A6S7GLN4	Peve_00004457	58.559	111	45	1	14	124	3	112	3.13e-43	139
A0A913X7F3	Peve_00021254	73.684	114	30	0	8	121	6	119	4.98e-60	181
A0A9X0CR56	Peve_00021254	83.594	128	21	0	7	134	3	130	7.98e-77	223
A0ABN8SHN3	Peve_00021254	100.000	130	0	0	1	130	1	130	2.23e-94	268
A0A2B4RH27	Peve_00008113	70.739	1408	318	16	1	1342	2	1381	0.0	1838
A0A6C0WVZ5	Peve_00008113	51.455	962	410	12	1	924	375	1317	0.0	908
A0AAD9QAA6	Peve_00008113	67.766	819	238	11	1	812	582	1381	0.0	1028
A0A6P8HS38	Peve_00008113	53.824	1412	565	21	1	1360	2	1378	0.0	1354
A0A9W9YFK1	Peve_00008113	77.960	1402	270	15	115	1500	3	1381	0.0	2065
A0ABM4B6R7	Peve_00008113	43.635	1029	556	10	184	1191	149	1174	0.0	868
A0ABM4B6R9	Peve_00008113	43.635	1029	556	10	184	1191	149	1174	0.0	868
A0ABM4B6S0	Peve_00008113	43.635	1029	556	10	184	1191	149	1174	0.0	868
A0ABM4B6S1	Peve_00008113	43.635	1029	556	10	184	1191	149	1174	0.0	868
A0ABM4B6T0	Peve_00008113	43.635	1029	556	10	184	1191	149	1174	0.0	868
T2MFA5	Peve_00038764	67.679	823	244	6	571	1392	632	1433	0.0	1132
A0A6C0WWF7	Peve_00009976	66.722	1205	391	4	6	1206	207	1405	0.0	1605
A0A9W9ZPQ9	Peve_00009976	79.667	1200	240	3	6	1202	207	1405	0.0	1924
A0A2B4RMD7	Peve_00041750	78.438	2523	503	11	1	2485	1	2520	0.0	4036
T2M3Q0	Peve_00003311	31.346	1040	573	30	7	942	1	1003	1.19e-138	440
A0A2B4SEC9	Peve_00024876	82.857	665	110	3	1	664	1	662	0.0	1127
A0A6P8J1D4	Peve_00024876	56.741	675	276	8	8	674	3	669	0.0	761
A0A9W9ZLP3	Peve_00024876	85.349	587	81	3	1	586	80	662	0.0	1018
A0AAD9Q9H2	Peve_00024876	83.185	672	102	3	1	671	1	662	0.0	1135
A0ABM4CDL0	Peve_00024876	39.124	685	338	25	1	632	1	659	2.99e-138	419
A0ABN8N0M7	Peve_00024876	96.866	670	20	1	1	670	1	669	0.0	1350
A0ABN8SQM5	Peve_00024876	100.000	669	0	0	1	669	1	669	0.0	1397
T2ME43	Peve_00038571	48.507	268	130	7	16	277	4	269	2.12e-82	254
A0A3M6V206	Peve_00006788	63.752	1658	582	9	1	1653	1	1644	0.0	2153
A0A6P8IV81	Peve_00006788	35.534	1666	974	28	16	1620	16	1642	0.0	993
A0A7D9JTJ5	Peve_00006788	30.226	1459	911	24	3	1372	199	1639	0.0	647
A0A7M6DQR0	Peve_00006788	30.454	683	414	16	694	1319	962	1640	2.21e-85	308
A0A913XH91	Peve_00006788	33.533	1670	1017	24	1	1605	1	1642	0.0	908
A0A9X0A618	Peve_00006788	62.199	582	182	9	1	560	1075	1640	0.0	716
A0AAD9QDU1	Peve_00006788	59.988	1667	628	14	1	1651	1	1644	0.0	2034
A7RT83	Peve_00006788	67.284	162	53	0	1	162	1479	1640	2.62e-73	239
T2ME43	Peve_00038571	48.507	268	130	7	16	277	4	269	2.12e-82	254
A0A2B4STC9	Peve_00044502	89.749	878	65	4	22	885	265	1131	0.0	1595
A0A3M6UEA3	Peve_00044502	89.771	1134	86	5	1	1107	1	1131	0.0	2053
A0A7M5UR79	Peve_00044502	69.966	1182	281	18	1	1159	1	1131	0.0	1604
A0A9W9ZGW1	Peve_00044502	89.306	720	68	4	1	714	1	717	0.0	1295
A0AAU9X6X4	Peve_00044502	91.534	1134	87	4	1	1128	1	1131	0.0	2109
A0A9W9ZHT8	Peve_00044502	94.862	253	13	0	1	253	744	996	1.27e-162	480
A0ABN8NHJ3	Peve_00044502	93.706	1144	43	4	1	1128	1	1131	0.0	2162
A0A7M6DN67	Peve_00037278	79.769	346	70	0	1	346	1	346	0.0	580
A0A913YAB2	Peve_00037278	86.994	346	44	1	1	345	1	346	0.0	619
A0AAU9VP41	Peve_00037278	91.354	347	28	2	1	346	1	346	0.0	638
A7SSL6	Peve_00037278	86.269	335	43	1	23	354	12	346	0.0	597
A0A2B4RB25	Peve_00037278	93.931	346	20	1	1	345	1	346	0.0	664
A0A6P8I1S3	Peve_00037278	86.040	351	43	2	1	350	1	346	0.0	610
A0A7M5X3M9	Peve_00037278	83.183	333	50	3	9	340	19	346	0.0	576
A0A7M5X3Z2	Peve_00037278	82.883	333	51	3	9	340	19	346	0.0	571
A0A7M5X5X0	Peve_00037278	83.483	333	49	3	9	340	19	346	0.0	575
A0A9X0CD26	Peve_00037278	93.642	346	21	1	1	345	1	346	0.0	661
T2MET8	Peve_00037278	87.500	320	39	1	12	331	28	346	0.0	585
A0A3M6UJ11	Peve_00027392	53.502	1185	439	19	568	1676	22	1170	0.0	1155
A0A3M6UJK3	Peve_00019685	70.736	516	126	4	61	551	1	516	0.0	702
A0A6P8IZS9	Peve_00032367	50.549	728	269	21	338	992	1	710	0.0	604
A0A6P8J1E8	Peve_00027392	39.931	1162	525	32	553	1632	6	1076	0.0	756
A0A6S7HB48	Peve_00022929	85.764	288	41	0	1	288	1	288	0.0	529
A0A6S7HH58	Peve_00027392	43.372	777	391	16	597	1341	24	783	0.0	601
A0A7M5X172	Peve_00022929	83.275	287	48	0	1	287	1	287	5.64e-172	502
A0A913XLV4	Peve_00022929	90.625	288	27	0	1	288	1	288	0.0	560
A0A9X0DBQ1	Peve_00027392	67.406	1172	325	21	566	1703	22	1170	0.0	1544
A0AAD9Q1S9	Peve_00027392	54.899	1184	378	21	542	1604	22	1170	0.0	1181
A0AAD9QG87	Peve_00019685	58.893	506	115	8	449	868	1	499	4.85e-171	508
A0AAU9VQJ5	Peve_00027392	55.518	1187	423	21	568	1687	22	1170	0.0	1217
A0AAU9X1X8	Peve_00032367	62.921	712	189	13	338	976	1	710	0.0	808
A0AAU9Y3J8	Peve_00032367	63.764	712	187	12	338	980	1	710	0.0	823
A0ABM4C2P4	Peve_00022929	84.266	286	45	0	1	286	1	286	2.85e-175	512
A0ABN8Q9X2	Peve_00032367	88.889	711	38	3	338	1008	1	710	0.0	1278
A0A2B4S4P0	Peve_00027392	72.180	399	111	0	616	1014	22	420	0.0	627
A0ABM4C0W8	Peve_00027392	35.050	796	435	18	584	1321	24	795	2.72e-140	463
A0ABM4C1P3	Peve_00027392	34.528	614	371	15	550	1142	22	625	2.09e-105	360
A0ABN8N0X0	Peve_00027392	96.258	1149	43	0	566	1714	22	1170	0.0	2278
A0A2B4SWH1	Peve_00018839	54.894	756	276	24	60	790	78	793	0.0	719
A0A6P8GZC0	Peve_00014570	41.565	575	253	15	1	505	1	562	7.27e-133	402
A0A6P8H847	Peve_00018839	43.644	708	305	23	207	865	129	791	4.57e-156	477
A0A6P8I3D1	Peve_00027102	40.083	484	230	12	11	456	113	574	1.08e-105	337
A0AAD9R5F4	Peve_00027102	48.755	763	320	24	6	722	109	846	0.0	622
T2MHZ7	Peve_00038393	32.251	893	530	22	155	992	1415	2287	1.15e-110	379
T2M8M4	Peve_00038608	47.328	262	137	1	111	372	106	366	1.68e-77	256
A0A2B4RT85	Peve_00023282	75.581	258	62	1	22	278	43	300	1.98e-145	428
A0A3M6TXM5	Peve_00023282	75.000	276	69	0	17	292	25	300	8.53e-157	457
A0A6P8IAV1	Peve_00023282	57.854	261	108	1	34	292	40	300	1.39e-109	336
A0A7D9I5P4	Peve_00023282	53.817	262	116	3	12	269	40	300	4.99e-90	282
A0A913XH97	Peve_00023282	57.303	267	110	3	22	285	35	300	1.12e-108	327
A0A913YLG0	Peve_00023282	57.143	266	112	2	22	285	35	300	1.03e-107	325
A0A9X0CGH9	Peve_00023282	72.333	300	80	2	1	297	1	300	2.50e-162	472
A0AAD9UXC1	Peve_00023282	69.759	291	85	2	12	299	10	300	1.23e-147	435
A0AAU9VS69	Peve_00023282	75.362	276	68	0	17	292	25	300	6.56e-157	458
A0ABN8M7S2	Peve_00023282	100.000	538	0	0	1	538	1	538	0.0	1102
A0ABN8N2R2	Peve_00023282	84.601	539	21	3	1	478	1	538	0.0	909
T2MC08	Peve_00023282	46.009	213	112	2	5	214	39	251	5.69e-65	217
U3MHT1	Peve_00023282	59.041	271	104	4	10	274	31	300	9.52e-114	347
A0ABM4CR37	Peve_00023282	43.439	221	122	2	5	222	39	259	1.17e-63	214
