tr|A0A2B4RZH6|A0A2B4RZH6_STYPI	Peve_00005079	73.739	1051	205	5	1	982	1	1049	0.0	1551
tr|A0A3M6T9B7|A0A3M6T9B7_POCDA	Peve_00005079	76.213	1051	244	4	165	1215	5	1049	0.0	1620
tr|A0A6P8IWP8|A0A6P8IWP8_ACTTE	Peve_00005079	64.434	1060	358	8	1	1052	1	1049	0.0	1394
tr|A0A7M5X8U0|A0A7M5X8U0_9CNID	Peve_00005079	47.981	1065	523	13	2	1054	1	1046	0.0	977
tr|A0A913XIF9|A0A913XIF9_EXADI	Peve_00005079	64.929	1055	361	4	1	1052	1	1049	0.0	1412
tr|A0AAD9VBE9|A0AAD9VBE9_ACRCE	Peve_00005079	63.438	1053	188	12	1	860	1	1049	0.0	1274
tr|A0AAU9VML6|A0AAU9VML6_9CNID	Peve_00005079	80.323	1052	204	2	1	1052	1	1049	0.0	1746
tr|A7S7H2|A7S7H2_NEMVE	Peve_00005079	60.985	1056	395	8	1	1047	1	1048	0.0	1310
tr|A0A3M6T9L7|A0A3M6T9L7_POCDA	Peve_00027383	66.019	515	158	5	360	869	1	503	0.0	670
tr|A0A6P8H6I1|A0A6P8H6I1_ACTTE	Peve_00027383	44.762	525	250	6	221	727	1	503	3.30e-153	454
tr|A0A6P8IPB7|A0A6P8IPB7_ACTTE	Peve_00024359	59.057	403	145	8	1	385	1	401	1.45e-161	475
tr|A0A6S7JXZ3|A0A6S7JXZ3_PARCT	Peve_00027383	45.472	519	226	14	353	841	1	492	8.63e-133	405
tr|A0A7M5X161|A0A7M5X161_9CNID	Peve_00027383	39.250	507	225	10	350	792	1	488	7.30e-112	350
tr|A0A7M5X1L0|A0A7M5X1L0_9CNID	Peve_00027383	39.096	509	225	11	350	794	1	488	2.30e-110	346
tr|A0A913YD70|A0A913YD70_EXADI	Peve_00027383	51.733	404	175	8	162	553	1	396	3.93e-136	405
tr|A0AAU9X394|A0AAU9X394_9CNID	Peve_00027383	66.602	515	155	5	360	869	1	503	0.0	681
tr|T2ME73|T2ME73_HYDVU	Peve_00027383	39.841	502	218	14	324	756	2	488	2.49e-103	327
tr|A0ABM4CIG1|A0ABM4CIG1_HYDVU	Peve_00027383	40.719	501	215	14	690	1122	2	488	8.67e-101	328
tr|T2M320|T2M320_HYDVU	Peve_00027825	54.645	183	81	2	8	189	9	190	5.11e-69	209
tr|A0A2B4RYW7|A0A2B4RYW7_STYPI	Peve_00020046	52.060	267	55	3	1	196	1	265	8.86e-83	246
tr|A0A6P8HE33|A0A6P8HE33_ACTTE	Peve_00020046	58.582	268	111	0	3	270	2	269	9.50e-121	346
tr|A0A6S7GJ09|A0A6S7GJ09_PARCT	Peve_00020083	50.725	138	66	1	1	138	1	136	3.19e-46	147
tr|A0A913WZJ6|A0A913WZJ6_EXADI	Peve_00020046	58.491	265	110	0	3	267	2	266	4.53e-115	332
tr|A0AAD9V3T6|A0AAD9V3T6_ACRCE	Peve_00020046	55.484	155	47	1	1	133	45	199	1.03e-54	173
tr|A0AAU9X9S1|A0AAU9X9S1_9CNID	Peve_00020046	79.623	265	54	0	1	265	1	265	1.59e-162	451
tr|A0ABM4C6I8|A0ABM4C6I8_HYDVU	Peve_00020046	45.977	261	131	6	1	256	1	256	7.29e-75	229
tr|A7RQ94|A7RQ94_NEMVE	Peve_00020046	66.795	259	86	0	1	259	1	259	8.33e-131	371
tr|A0A2B4RAA2|A0A2B4RAA2_STYPI	Peve_00023222	85.354	198	29	0	33	230	74	271	6.44e-125	368
tr|A0A2B4RF23|A0A2B4RF23_STYPI	Peve_00009801	81.545	233	43	0	1	233	1	233	3.25e-142	397
tr|A0A2B4S5V0|A0A2B4S5V0_STYPI	Peve_00004940	92.727	165	12	0	1	165	1	165	3.27e-109	313
tr|A0A2B4SR58|A0A2B4SR58_STYPI	Peve_00008062	81.967	244	42	1	1	244	1	242	2.33e-152	424
tr|A0A3M6UQC0|A0A3M6UQC0_POCDA	Peve_00023222	72.406	453	119	4	1	447	24	476	0.0	663
tr|A0A3M6UUQ1|A0A3M6UUQ1_POCDA	Peve_00004940	93.939	165	10	0	1	165	1	165	2.61e-112	322
tr|A0A3M6V4C8|A0A3M6V4C8_POCDA	Peve_00009801	83.262	233	39	0	1	233	1	233	1.54e-146	408
tr|A0A6P8IEZ0|A0A6P8IEZ0_ACTTE	Peve_00023222	75.980	204	49	0	1	204	24	227	1.83e-120	350
tr|A0A6P8IPQ4|A0A6P8IPQ4_ACTTE	Peve_00004940	83.030	165	28	0	1	165	1	165	1.02e-98	287
tr|A0A6P8IV31|A0A6P8IV31_ACTTE	Peve_00008062	68.936	235	72	1	3	237	7	240	6.69e-127	359
tr|A0A6P8J3V5|A0A6P8J3V5_ACTTE	Peve_00009801	62.222	225	85	0	2	226	7	231	1.90e-109	314
tr|A0A6S7G1C4|A0A6S7G1C4_PARCT	Peve_00008062	55.372	242	107	1	1	242	1	241	5.08e-94	276
tr|A0A6S7HA05|A0A6S7HA05_PARCT	Peve_00021343	57.143	112	48	0	1	112	135	246	9.79e-42	147
tr|A0A6S7J9K2|A0A6S7J9K2_PARCT	Peve_00004940	72.024	168	43	2	3	170	2	165	2.37e-81	240
tr|A0A6S7JNA3|A0A6S7JNA3_PARCT	Peve_00009801	57.273	220	94	0	9	228	14	233	3.65e-91	268
tr|A0A7D9I466|A0A7D9I466_PARCT	Peve_00021343	58.333	132	55	0	2	133	115	246	1.63e-51	176
tr|A0A7D9I844|A0A7D9I844_PARCT	Peve_00021343	58.678	121	50	0	2	122	115	235	3.13e-48	166
tr|A0A7D9L738|A0A7D9L738_PARCT	Peve_00023222	67.266	278	91	0	1	278	24	301	5.15e-141	406
tr|A0A7M5WMX1|A0A7M5WMX1_9CNID	Peve_00023222	44.037	436	214	5	1	416	24	449	6.63e-127	377
tr|A0A913XB37|A0A913XB37_EXADI	Peve_00009801	63.208	212	78	0	10	221	16	227	9.11e-105	302
tr|A0A913XN19|A0A913XN19_EXADI	Peve_00004940	81.818	165	30	0	1	165	1	165	3.74e-98	285
tr|A0A913Y5G0|A0A913Y5G0_EXADI	Peve_00023222	62.670	442	149	6	7	432	24	465	0.0	556
tr|A0A913Y852|A0A913Y852_EXADI	Peve_00008062	67.249	229	75	0	9	237	12	240	2.01e-123	350
tr|A0A913YV10|A0A913YV10_EXADI	Peve_00023222	62.162	444	151	6	7	435	24	465	0.0	554
tr|A0A9W9YAL0|A0A9W9YAL0_9CNID	Peve_00027941	96.000	125	5	0	1	125	1	125	1.86e-87	257
tr|A0A9W9YLS2|A0A9W9YLS2_9CNID	Peve_00023222	83.586	396	59	4	1	392	24	417	0.0	676
tr|A0A9X0CGQ7|A0A9X0CGQ7_9CNID	Peve_00004940	92.121	165	13	0	1	165	1	165	7.96e-110	312
tr|A0AAD9QLH6|A0AAD9QLH6_ACRCE	Peve_00023222	86.275	204	28	0	1	204	24	227	1.20e-133	384
tr|A0AAD9QY03|A0AAD9QY03_ACRCE	Peve_00008062	81.250	240	45	0	1	240	1	240	4.83e-146	407
tr|A0AAD9UZC1|A0AAD9UZC1_ACRCE	Peve_00004940	79.787	188	12	2	1	185	1	165	1.86e-99	290
tr|A0AAU9VU96|A0AAU9VU96_9CNID	Peve_00004940	94.545	165	9	0	1	165	1	165	2.07e-112	322
tr|A0AAU9VZK7|A0AAU9VZK7_9CNID	Peve_00009801	83.262	233	39	0	1	233	1	233	1.25e-146	408
tr|A0AAU9WU01|A0AAU9WU01_9CNID	Peve_00023222	69.979	473	119	6	377	843	21	476	0.0	650
tr|A0AAU9WXP4|A0AAU9WXP4_9CNID	Peve_00008062	81.405	242	45	0	1	242	1	242	7.77e-153	425
tr|A0ABM4BSR1|A0ABM4BSR1_HYDVU	Peve_00027941	63.485	241	87	1	1	241	1	240	3.62e-118	337
tr|A0ABM4CKD3|A0ABM4CKD3_HYDVU	Peve_00009801	41.395	215	126	0	1	215	17	231	4.83e-62	193
tr|A0ABM4D7J1|A0ABM4D7J1_HYDVU	Peve_00023222	50.000	358	163	4	1	346	24	377	6.35e-123	366
tr|A0ABN8N3W7|A0ABN8N3W7_9CNID	Peve_00023222	98.196	499	8	1	1	498	1	499	0.0	999
tr|A0ABN8R6C4|A0ABN8R6C4_9CNID	Peve_00009801	100.000	233	0	0	1	233	1	233	1.14e-173	476
tr|A0ABN8SQP2|A0ABN8SQP2_9CNID	Peve_00023222	100.000	499	0	0	1	499	1	499	0.0	1026
tr|A7RZV7|A7RZV7_NEMVE	Peve_00009801	62.273	220	83	0	2	221	4	223	9.83e-106	305
tr|A7SJP6|A7SJP6_NEMVE	Peve_00008062	67.811	233	74	1	7	239	9	240	2.69e-121	345
tr|T2M4E6|T2M4E6_HYDVU	Peve_00024390	55.365	233	99	4	11	240	10	240	8.46e-85	253
tr|T2M4V1|T2M4V1_HYDVU	Peve_00009801	41.395	215	126	0	1	215	17	231	5.87e-62	193
tr|T2ME10|T2ME10_HYDVU	Peve_00004940	69.277	166	50	1	1	166	1	165	1.71e-82	246
tr|T2ME23|T2ME23_HYDVU	Peve_00023222	49.721	358	164	4	1	346	24	377	6.22e-123	366
tr|A0ABM4D387|A0ABM4D387_HYDVU	Peve_00021642	55.567	970	399	8	1	951	1	957	0.0	1120
tr|A0ABN8N0P1|A0ABN8N0P1_9CNID	Peve_00009801	97.425	233	6	0	1	233	1	233	6.30e-169	464
tr|A0ABN8PS90|A0ABN8PS90_9CNID	Peve_00021642	97.701	957	22	0	1	957	1	957	0.0	1958
tr|A0ABN8R256|A0ABN8R256_9CNID	Peve_00027941	97.959	245	5	0	1	245	1	245	0.0	503
tr|A0ABN8SLK5|A0ABN8SLK5_9CNID	Peve_00021642	100.000	957	0	0	1	957	1	957	0.0	1996
tr|A0ABN8M8W7|A0ABN8M8W7_9CNID	Peve_00027941	100.000	245	0	0	1	245	1	245	0.0	511
tr|A0AAU9VXB3|A0AAU9VXB3_9CNID	Peve_00025446	84.192	291	46	0	1	291	1	291	0.0	516
tr|A0A3M6TF63|A0A3M6TF63_POCDA	Peve_00002243	50.559	2775	1163	53	465	3184	451	3071	0.0	2546
tr|A0A3M6U709|A0A3M6U709_POCDA	Peve_00014570	69.378	627	145	14	1	592	1	615	0.0	844
tr|A0A3M6U800|A0A3M6U800_POCDA	Peve_00002241	47.872	1504	674	29	1936	3405	17	1444	0.0	1258
tr|A0A3M6UU55|A0A3M6UU55_POCDA	Peve_00007700	63.275	403	68	9	13	336	2	403	4.32e-155	441
tr|A0A3M6UXL4|A0A3M6UXL4_POCDA	Peve_00024196	86.006	343	45	3	82	424	1	340	0.0	520
tr|A0A3M6UXZ5|A0A3M6UXZ5_POCDA	Peve_00026757	66.438	292	74	7	1	289	3	273	3.71e-124	366
tr|A0A3M6V1Q8|A0A3M6V1Q8_POCDA	Peve_00018839	55.249	762	269	24	60	795	78	793	0.0	745
tr|A0A3M6V413|A0A3M6V413_POCDA	Peve_00033123	97.143	140	4	0	1	140	1	140	1.48e-99	292
tr|A0A7M5UU27|A0A7M5UU27_9CNID	Peve_00024196	50.289	346	147	9	76	402	1	340	2.53e-90	277
tr|A0A7M5UY71|A0A7M5UY71_9CNID	Peve_00014570	51.982	227	108	1	209	434	333	559	2.63e-83	277
tr|A0A7M5WRS8|A0A7M5WRS8_9CNID	Peve_00018839	47.134	314	119	7	232	517	210	504	2.71e-84	285
tr|A0A913WR49|A0A913WR49_EXADI	Peve_00024196	71.091	339	83	3	82	405	2	340	2.89e-151	432
tr|A0A913WTR0|A0A913WTR0_EXADI	Peve_00026757	50.671	298	112	9	6	295	3	273	1.79e-81	256
tr|A0A913XAL5|A0A913XAL5_EXADI	Peve_00014570	43.328	607	233	16	1	529	1	574	1.83e-145	436
tr|A0A913XEY4|A0A913XEY4_EXADI	Peve_00007700	66.667	297	69	9	1	276	23	310	2.62e-126	369
tr|A0A913XEZ4|A0A913XEZ4_EXADI	Peve_00007700	68.333	300	74	10	1	291	23	310	8.12e-132	383
tr|A0A913XF03|A0A913XF03_EXADI	Peve_00007700	68.333	300	74	10	1	291	23	310	6.21e-132	384
tr|A0A913Y3U2|A0A913Y3U2_EXADI	Peve_00018839	49.836	608	223	19	289	842	211	790	2.84e-167	505
tr|A0A913Y7Z7|A0A913Y7Z7_EXADI	Peve_00023685	49.364	472	197	11	486	923	514	977	4.77e-136	435
tr|A0A913YXN3|A0A913YXN3_EXADI	Peve_00018839	49.836	608	223	19	150	703	211	790	6.04e-169	504
tr|A0A9W9YT36|A0A9W9YT36_9CNID	Peve_00007224	89.451	711	70	2	1	706	23	733	0.0	1214
tr|A0A9W9ZCL1|A0A9W9ZCL1_9CNID	Peve_00026757	73.333	120	27	3	1	120	3	117	2.26e-54	178
tr|A0A9X0AA07|A0A9X0AA07_9CNID	Peve_00018839	66.176	408	112	8	94	494	161	549	0.0	530
tr|A0A9X0CI06|A0A9X0CI06_9CNID	Peve_00014570	71.955	624	150	8	40	647	1	615	0.0	904
tr|A0AAU9VPY1|A0AAU9VPY1_9CNID	Peve_00018839	55.701	763	266	24	60	797	78	793	0.0	751
tr|A0AAU9VUI3|A0AAU9VUI3_9CNID	Peve_00002243	36.442	2917	1554	68	681	3456	561	3318	0.0	1621
tr|A0AAU9WJL5|A0AAU9WJL5_9CNID	Peve_00009218	45.224	984	422	29	167	1069	142	1089	0.0	691
tr|A0AAU9WNB9|A0AAU9WNB9_9CNID	Peve_00007700	79.331	329	48	3	13	322	2	329	4.26e-173	489
tr|A0AAU9XMA9|A0AAU9XMA9_9CNID	Peve_00024196	86.006	343	45	3	82	424	1	340	0.0	520
tr|A0AAU9XYX6|A0AAU9XYX6_9CNID	Peve_00014570	69.378	627	145	14	1	592	1	615	0.0	845
tr|A0ABN8LDS2|A0ABN8LDS2_9CNID	Peve_00014570	100.000	615	0	0	1	615	1	615	0.0	1278
tr|A0ABN8M174|A0ABN8M174_9CNID	Peve_00018839	100.000	796	0	0	1	796	1	796	0.0	1648
tr|A0ABN8M8L2|A0ABN8M8L2_9CNID	Peve_00024196	100.000	356	0	0	1	356	1	356	0.0	725
tr|A0ABN8MAN4|A0ABN8MAN4_9CNID	Peve_00024197	100.000	189	0	0	1	189	1	189	6.52e-140	387
tr|A0ABN8MV42|A0ABN8MV42_9CNID	Peve_00028020	93.191	470	21	2	1	470	1	459	0.0	870
tr|A0ABN8MVQ5|A0ABN8MVQ5_9CNID	Peve_00002243	83.198	3321	470	13	1	3242	7	3318	0.0	5617
tr|A0ABN8N7E6|A0ABN8N7E6_9CNID	Peve_00026757	99.267	273	2	0	1	273	1	273	0.0	561
tr|A0ABN8NLF5|A0ABN8NLF5_9CNID	Peve_00024196	98.876	356	4	0	82	437	1	356	0.0	722
tr|A0ABN8PWR5|A0ABN8PWR5_9CNID	Peve_00018839	98.331	719	12	0	60	778	78	796	0.0	1471
tr|A0ABN8RUA0|A0ABN8RUA0_9CNID	Peve_00014570	97.724	615	7	1	1	608	1	615	0.0	1244
tr|A0ABN8STI4|A0ABN8STI4_9CNID	Peve_00028906	100.000	581	0	0	1	581	1	581	0.0	1221
tr|A0ABN8SXS4|A0ABN8SXS4_9CNID	Peve_00028020	100.000	459	0	0	1	459	1	459	0.0	953
tr|A0ABN8T119|A0ABN8T119_9CNID	Peve_00033986	100.000	432	0	0	1	432	1	432	0.0	895
tr|A7S573|A7S573_NEMVE	Peve_00026757	52.595	289	90	8	16	283	11	273	1.01e-83	263
tr|A7SD65|A7SD65_NEMVE	Peve_00007700	77.578	223	46	3	1	221	28	248	7.25e-120	349
tr|A0A2B4RL22|A0A2B4RL22_STYPI	Peve_00023310	74.834	751	183	3	1	749	1	747	0.0	1177
tr|A0A3M6UR45|A0A3M6UR45_POCDA	Peve_00023310	74.738	764	164	5	1	752	1	747	0.0	1184
tr|A0A6P8IIL6|A0A6P8IIL6_ACTTE	Peve_00023310	52.807	748	336	8	17	760	13	747	0.0	791
tr|A0A7D9DCJ8|A0A7D9DCJ8_PARCT	Peve_00023310	38.865	687	371	15	1	653	75	746	1.06e-159	477
tr|A0A913XFC5|A0A913XFC5_EXADI	Peve_00023310	48.163	762	305	18	2	692	5	747	0.0	671
tr|A0A9W9Y953|A0A9W9Y953_9CNID	Peve_00023310	81.481	351	64	1	301	651	398	747	0.0	598
tr|A0AAD9R5R9|A0AAD9R5R9_ACRCE	Peve_00023310	63.974	755	227	7	6	727	5	747	0.0	957
tr|A0AAU9WMN8|A0AAU9WMN8_9CNID	Peve_00023310	76.995	752	167	3	1	751	1	747	0.0	1217
tr|A0ABM4B4R9|A0ABM4B4R9_HYDVU	Peve_00023310	30.470	745	440	16	4	677	9	746	1.12e-107	343
tr|A0ABN8NDJ1|A0ABN8NDJ1_9CNID	Peve_00023310	94.385	748	41	1	1	748	1	747	0.0	1467
tr|A0ABN8QUE3|A0ABN8QUE3_9CNID	Peve_00006447	100.000	751	0	0	1	751	1	751	0.0	1562
tr|A0ABN8SKW7|A0ABN8SKW7_9CNID	Peve_00023310	100.000	747	0	0	1	747	1	747	0.0	1560
tr|A7SI39|A7SI39_NEMVE	Peve_00035005	34.109	387	201	12	158	499	319	696	6.44e-53	191
tr|A7SZL1|A7SZL1_NEMVE	Peve_00023310	60.811	148	58	0	8	155	13	160	2.65e-61	201
tr|A0A3M6TQM9|A0A3M6TQM9_POCDA	Peve_00009358	88.298	282	31	2	338	619	300	579	2.22e-173	506
tr|A0A7M5XBL5|A0A7M5XBL5_9CNID	Peve_00009358	69.138	580	173	3	14	590	3	579	0.0	866
tr|A0A913YHP1|A0A913YHP1_EXADI	Peve_00009358	82.979	564	93	2	1	564	19	579	0.0	1004
tr|A0A913YME0|A0A913YME0_EXADI	Peve_00009358	91.977	349	28	0	1	349	19	367	0.0	700
tr|A0AAU9VQD5|A0AAU9VQD5_9CNID	Peve_00009358	93.448	580	36	2	9	588	2	579	0.0	1142
tr|A0ABM4DI96|A0ABM4DI96_HYDVU	Peve_00009358	71.773	581	159	3	14	593	3	579	0.0	890
tr|A7RL47|A7RL47_NEMVE	Peve_00009358	84.762	525	71	1	1	516	19	543	0.0	952
tr|A0A2B4STP1|A0A2B4STP1_STYPI	Peve_00009358	92.919	579	39	2	14	592	3	579	0.0	1136
tr|A0A6P8HHK7|A0A6P8HHK7_ACTTE	Peve_00009358	82.788	581	96	1	14	594	3	579	0.0	1040
tr|A0A913X120|A0A913X120_EXADI	Peve_00009358	83.103	580	95	2	14	593	3	579	0.0	1035
tr|A0A913XJX1|A0A913XJX1_EXADI	Peve_00009358	91.781	365	30	0	14	378	3	367	0.0	731
tr|A0A9X0A702|A0A9X0A702_9CNID	Peve_00009358	92.388	578	43	1	14	591	3	579	0.0	1134
tr|A0A2B4S4P7|A0A2B4S4P7_STYPI	Peve_00035301	72.113	355	92	4	1	350	1	353	3.38e-160	452
tr|A0A6P8IJ32|A0A6P8IJ32_ACTTE	Peve_00035301	45.429	361	181	9	1	353	1	353	9.17e-79	245
tr|A0A913YKG6|A0A913YKG6_EXADI	Peve_00035301	42.818	362	182	8	13	361	4	353	5.92e-74	233
tr|A0A9X0CZE9|A0A9X0CZE9_9CNID	Peve_00035301	67.204	372	98	5	1	367	1	353	6.17e-148	422
tr|A0AAD9VBW7|A0AAD9VBW7_ACRCE	Peve_00035301	73.151	365	83	7	1	362	1	353	1.91e-158	448
tr|A0AAU9WL65|A0AAU9WL65_9CNID	Peve_00035301	72.394	355	91	4	18	367	1	353	2.69e-160	453
tr|A0ABN8MNQ2|A0ABN8MNQ2_9CNID	Peve_00035301	100.000	353	0	0	1	353	1	353	0.0	723
tr|A0ABN8P772|A0ABN8P772_9CNID	Peve_00035301	98.300	353	6	0	1	353	1	353	0.0	709
tr|A0AAD9PVE8|A0AAD9PVE8_ACRCE	Peve_00026086	65.522	670	149	8	1	595	1	663	0.0	843
tr|A0ABM4D3E2|A0ABM4D3E2_HYDVU	Peve_00026086	38.781	722	362	15	10	685	11	698	4.28e-150	452
tr|A0A6P8ISJ1|A0A6P8ISJ1_ACTTE	Peve_00026086	56.745	719	285	10	8	718	6	706	0.0	791
tr|A0A2B4RU54|A0A2B4RU54_STYPI	Peve_00018572	85.487	503	72	1	1	503	1	502	0.0	904
tr|A0A3M6TMP7|A0A3M6TMP7_POCDA	Peve_00018572	86.083	503	69	1	1	503	1	502	0.0	911
tr|A0A6P8HZA0|A0A6P8HZA0_ACTTE	Peve_00018572	65.157	508	169	4	1	506	1	502	0.0	687
tr|A0A7D9HDV6|A0A7D9HDV6_PARCT	Peve_00018572	52.079	505	224	7	1	491	1	501	0.0	523
tr|A0A7D9HGI7|A0A7D9HGI7_PARCT	Peve_00018572	52.143	420	183	7	1	406	1	416	8.27e-148	430
tr|A0A913XHD1|A0A913XHD1_EXADI	Peve_00018572	64.103	507	172	4	1	502	1	502	0.0	676
tr|A0AAD9QDB0|A0AAD9QDB0_ACRCE	Peve_00018572	80.159	504	98	1	1	504	1	502	0.0	853
tr|A0AAU9VXZ3|A0AAU9VXZ3_9CNID	Peve_00018572	85.885	503	70	1	1	503	1	502	0.0	909
tr|A0ABM4DE75|A0ABM4DE75_HYDVU	Peve_00018572	44.990	509	261	6	1	498	1	501	5.38e-152	443
tr|A0ABN8N3G7|A0ABN8N3G7_9CNID	Peve_00018572	99.004	502	5	0	1	502	1	502	0.0	1030
tr|A0ABN8S9T9|A0ABN8S9T9_9CNID	Peve_00018572	100.000	502	0	0	1	502	1	502	0.0	1037
tr|A7RS47|A7RS47_NEMVE	Peve_00018572	63.780	508	163	5	1	493	1	502	0.0	664
tr|T2M6U5|T2M6U5_HYDVU	Peve_00018572	44.990	509	261	6	1	498	1	501	6.00e-152	443
tr|A0A2B4RZX0|A0A2B4RZX0_STYPI	Peve_00006524	77.947	1179	231	8	61	1232	1	1157	0.0	1799
tr|A0A7D9EB17|A0A7D9EB17_PARCT	Peve_00006524	45.178	1182	594	14	60	1216	1	1153	0.0	958
tr|A0A7M5XJY8|A0A7M5XJY8_9CNID	Peve_00006524	35.649	1094	570	23	7	1016	115	1158	0.0	632
tr|A0A7M5XL71|A0A7M5XL71_9CNID	Peve_00006524	35.649	1094	570	23	7	1016	115	1158	0.0	632
tr|A0A913YQZ2|A0A913YQZ2_EXADI	Peve_00006524	57.335	668	232	9	62	693	1	651	0.0	726
tr|A0A9W9Z2H4|A0A9W9Z2H4_9CNID	Peve_00006524	80.186	1181	203	9	58	1231	1	1157	0.0	1850
tr|A0AAD9QJD2|A0AAD9QJD2_ACRCE	Peve_00006524	66.921	1179	238	16	61	1108	1	1158	0.0	1445
tr|A0AAU9WE25|A0AAU9WE25_9CNID	Peve_00006524	78.693	1178	226	7	61	1234	1	1157	0.0	1813
tr|A0ABN8QA75|A0ABN8QA75_9CNID	Peve_00006524	91.334	1177	83	5	61	1237	1	1158	0.0	2110
tr|T2M685|T2M685_HYDVU	Peve_00006524	38.628	1108	555	17	61	1078	2	1074	0.0	718
tr|A0A6S7HPA4|A0A6S7HPA4_PARCT	Peve_00006524	45.224	1183	593	15	60	1217	1	1153	0.0	956
tr|A0ABM4CN83|A0ABM4CN83_HYDVU	Peve_00006524	38.357	1108	542	17	61	1062	2	1074	0.0	705
tr|A0A6P8HHG5|A0A6P8HHG5_ACTTE	Peve_00006524	57.518	1217	420	18	66	1244	1	1158	0.0	1301
tr|A0A6P8HT36|A0A6P8HT36_ACTTE	Peve_00006524	57.626	1213	421	17	66	1240	1	1158	0.0	1305
tr|A0A2B4SYZ2|A0A2B4SYZ2_STYPI	Peve_00002298	85.350	1058	147	3	1	1052	1	1056	0.0	1858
tr|A0A9X0CMQ2|A0A9X0CMQ2_9CNID	Peve_00002298	82.989	629	98	3	9	630	171	797	0.0	1093
tr|A0AAD9QNR4|A0AAD9QNR4_ACRCE	Peve_00002298	85.493	903	120	4	2	897	38	936	0.0	1593
tr|A0ABM4DDK5|A0ABM4DDK5_HYDVU	Peve_00002298	44.423	1031	507	17	17	1011	11	1011	0.0	840
tr|A0A6P8IET8|A0A6P8IET8_ACTTE	Peve_00002298	66.635	1061	321	7	6	1044	7	1056	0.0	1419
tr|A0AAD9R5A2|A0AAD9R5A2_ACRCE	Peve_00007872	73.621	997	217	3	239	1190	1	996	0.0	1498
tr|T2M317|T2M317_HYDVU	Peve_00039124	44.289	429	208	11	255	673	345	752	5.92e-104	345
tr|A0A2B4SKH7|A0A2B4SKH7_STYPI	Peve_00030238	62.848	611	121	7	1	507	1	609	0.0	722
tr|A0A3M6TF56|A0A3M6TF56_POCDA	Peve_00030238	77.754	953	203	6	1	946	1	951	0.0	1472
tr|A0A6P8IB01|A0A6P8IB01_ACTTE	Peve_00030238	59.414	956	368	12	1	948	1	944	0.0	1098
tr|A0A6S7K8T1|A0A6S7K8T1_PARCT	Peve_00030238	45.195	947	503	7	3	938	6	947	0.0	802
tr|A0A7M5V2S3|A0A7M5V2S3_9CNID	Peve_00030238	36.547	944	572	12	17	946	17	947	0.0	593
tr|A0A913XT38|A0A913XT38_EXADI	Peve_00030238	55.346	954	408	9	1	946	1	944	0.0	1023
tr|A0A9X0A0N1|A0A9X0A0N1_9CNID	Peve_00030238	77.869	488	72	4	1	452	1	488	0.0	742
tr|A0AAD9QH64|A0AAD9QH64_ACRCE	Peve_00030238	76.886	411	83	3	1	399	1	411	0.0	640
tr|A0AAU9WW72|A0AAU9WW72_9CNID	Peve_00030238	77.859	953	202	6	1	946	1	951	0.0	1474
tr|A0ABM4C892|A0ABM4C892_HYDVU	Peve_00030238	33.048	935	566	18	9	899	26	944	9.09e-156	482
tr|A0ABM4C899|A0ABM4C899_HYDVU	Peve_00030238	33.048	935	566	18	9	899	26	944	9.90e-156	482
tr|A0ABN8MIA7|A0ABN8MIA7_9CNID	Peve_00030238	100.000	951	0	0	1	951	1	951	0.0	1959
tr|A0ABN8NUA4|A0ABN8NUA4_9CNID	Peve_00030238	97.792	951	21	0	1	951	1	951	0.0	1916
tr|T2M4N5|T2M4N5_HYDVU	Peve_00030238	49.117	283	144	0	9	291	26	308	3.16e-95	308
tr|A0A2B4RVR6|A0A2B4RVR6_STYPI	Peve_00018032	57.414	1106	300	17	3	1002	10	1050	0.0	1197
tr|A0A9X0CV07|A0A9X0CV07_9CNID	Peve_00018032	68.555	1059	272	12	1	1013	7	1050	0.0	1444
tr|A0AAD9UU49|A0AAD9UU49_ACRCE	Peve_00018032	55.822	919	293	17	1	819	145	1050	0.0	943
tr|A0ABM4DNE3|A0ABM4DNE3_HYDVU	Peve_00018032	27.898	1061	653	27	7	985	19	1049	8.59e-122	397
tr|A0A6P8HN80|A0A6P8HN80_ACTTE	Peve_00018032	44.371	1057	496	24	8	1000	22	1050	0.0	828
tr|A0A6P8JAI2|A0A6P8JAI2_ACTTE	Peve_00001498	67.424	660	189	4	25	658	1	660	0.0	939
sp|A7SBF0|INT9_NEMVE	Peve_00001498	64.394	660	211	2	25	660	1	660	0.0	899
tr|A0A2B4SQU2|A0A2B4SQU2_STYPI	Peve_00001498	84.789	355	53	1	238	591	306	660	0.0	632
tr|A0A2B4R985|A0A2B4R985_STYPI	Peve_00012543	58.449	1586	610	16	1	1575	28	1575	0.0	1833
tr|A0A2B4RG40|A0A2B4RG40_STYPI	Peve_00035858	55.470	2331	933	23	775	3044	1	2287	0.0	2536
tr|A0A2B4S0N5|A0A2B4S0N5_STYPI	Peve_00002451	50.231	1083	405	25	686	1650	872	1938	0.0	989
tr|A0A2B4S0P5|A0A2B4S0P5_STYPI	Peve_00002451	61.271	1872	653	25	159	1978	87	1938	0.0	2303
tr|A0A2B4SJ07|A0A2B4SJ07_STYPI	Peve_00029318	70.863	2804	781	17	2	2787	3	2788	0.0	4072
tr|A0A3M6V1C2|A0A3M6V1C2_POCDA	Peve_00029318	71.748	1253	334	5	1343	2586	1547	2788	0.0	1877
tr|A0A3M6V665|A0A3M6V665_POCDA	Peve_00002451	62.544	1973	675	30	1	1944	1	1938	0.0	2420
tr|A0A6P8HFQ5|A0A6P8HFQ5_ACTTE	Peve_00002451	42.357	1943	963	49	78	1945	72	1932	0.0	1387
tr|A0A6P8HMH6|A0A6P8HMH6_ACTTE	Peve_00002451	46.523	1898	909	39	99	1939	87	1935	0.0	1583
tr|A0A6P8HVX5|A0A6P8HVX5_ACTTE	Peve_00031204	41.915	2882	1485	50	1	2783	15	2806	0.0	2170
tr|A0A6S7H8I7|A0A6S7H8I7_PARCT	Peve_00031204	38.040	2592	1380	56	9	2504	340	2801	0.0	1618
tr|A0A7M5VA30|A0A7M5VA30_9CNID	Peve_00029318	26.381	1376	831	44	1034	2312	1214	2504	9.77e-108	387
tr|A0A913WPD6|A0A913WPD6_EXADI	Peve_00002451	43.867	1867	948	40	84	1888	67	1895	0.0	1446
tr|A0A913WY18|A0A913WY18_EXADI	Peve_00029318	41.185	2836	1492	49	6	2720	7	2787	0.0	2103
tr|A0A9W9YJP7|A0A9W9YJP7_9CNID	Peve_00035858	62.621	1656	492	13	147	1740	697	2287	0.0	2073
tr|A0A9W9YJV2|A0A9W9YJV2_9CNID	Peve_00035858	62.422	1759	588	15	44	1749	22	1760	0.0	2191
tr|A0AAD9QPZ2|A0AAD9QPZ2_ACRCE	Peve_00002451	59.391	1970	713	28	1	1914	1	1939	0.0	2300
tr|A0AAD9QQ14|A0AAD9QQ14_ACRCE	Peve_00002451	59.135	1965	731	26	1	1919	1	1939	0.0	2254
tr|A0AAD9VEU7|A0AAD9VEU7_ACRCE	Peve_00035858	58.431	2295	882	20	155	2385	1	2287	0.0	2673
tr|A0AAU9WAN4|A0AAU9WAN4_9CNID	Peve_00002451	62.494	1973	675	30	1	1943	1	1938	0.0	2417
tr|A0AAU9WCT6|A0AAU9WCT6_9CNID	Peve_00035858	63.211	1476	490	9	517	1952	825	2287	0.0	1887
tr|A0AAU9WHC0|A0AAU9WHC0_9CNID	Peve_00029318	70.608	2698	757	16	2	2681	3	2682	0.0	3921
tr|A0ABM4BJV4|A0ABM4BJV4_HYDVU	Peve_00029318	26.780	1292	758	47	982	2159	1180	2397	3.47e-101	365
tr|A0ABM4BJW1|A0ABM4BJW1_HYDVU	Peve_00029318	26.703	1292	759	47	982	2159	1180	2397	3.88e-101	365
tr|A0ABM4BJW6|A0ABM4BJW6_HYDVU	Peve_00029318	25.708	1412	838	48	981	2272	1180	2500	6.68e-104	374
tr|A0ABM4BJW7|A0ABM4BJW7_HYDVU	Peve_00029318	25.708	1412	838	48	981	2272	1180	2500	7.79e-104	374
tr|A0ABM4BJX0|A0ABM4BJX0_HYDVU	Peve_00029318	26.780	1292	758	47	982	2159	1180	2397	2.51e-101	366
tr|A0ABM4BJX3|A0ABM4BJX3_HYDVU	Peve_00029318	25.992	1412	828	52	990	2275	1180	2500	2.44e-106	382
tr|A0ABM4BJX5|A0ABM4BJX5_HYDVU	Peve_00029318	26.703	1292	759	47	982	2159	1180	2397	3.71e-101	365
tr|A0ABM4BJY6|A0ABM4BJY6_HYDVU	Peve_00031204	26.023	1368	811	49	1073	2320	1232	2518	4.76e-106	382
tr|A0ABM4BK03|A0ABM4BK03_HYDVU	Peve_00029318	25.708	1412	838	48	981	2272	1180	2500	7.91e-104	374
tr|A0ABN8Q0K4|A0ABN8Q0K4_9CNID	Peve_00002451	94.365	1952	92	7	1	1944	1	1942	0.0	3796
tr|A0ABN8Q4R5|A0ABN8Q4R5_9CNID	Peve_00002451	100.000	1942	0	0	1	1942	1	1942	0.0	4049
tr|A0ABN8QWY6|A0ABN8QWY6_9CNID	Peve_00029318	96.737	2789	90	1	1	2789	1	2788	0.0	5603
tr|A0ABN8QXB4|A0ABN8QXB4_9CNID	Peve_00012543	87.591	2200	263	3	1	2196	1	2194	0.0	3969
tr|A0ABN8R2J4|A0ABN8R2J4_9CNID	Peve_00035858	94.053	2287	136	0	146	2432	1	2287	0.0	4484
tr|A0ABN8SV96|A0ABN8SV96_9CNID	Peve_00029318	100.000	2788	0	0	1	2788	1	2788	0.0	5793
tr|A0ABN8T2Q2|A0ABN8T2Q2_9CNID	Peve_00035858	100.000	2291	0	0	1	2291	1	2291	0.0	4772
tr|A0A2B4RIR9|A0A2B4RIR9_STYPI	Peve_00026319	55.556	981	373	8	5	929	239	1212	0.0	1048
tr|A0A2B4S0A1|A0A2B4S0A1_STYPI	Peve_00032720	48.154	650	309	8	556	1196	19	649	0.0	610
tr|A0A2B4S2K3|A0A2B4S2K3_STYPI	Peve_00032720	49.096	664	318	7	3	660	7	656	0.0	636
tr|A0A2B4S3Y0|A0A2B4S3Y0_STYPI	Peve_00032720	28.817	465	279	16	81	514	21	464	1.98e-43	167
tr|A0A2B4S6D8|A0A2B4S6D8_STYPI	Peve_00032720	54.380	548	248	2	18	563	27	574	0.0	629
tr|A0A2B4S6H5|A0A2B4S6H5_STYPI	Peve_00007069	64.946	465	151	3	258	714	1	461	0.0	637
tr|A0A3M6T9A9|A0A3M6T9A9_POCDA	Peve_00000800	63.571	1260	437	6	2	1255	5	1248	0.0	1623
tr|A0A3M6U019|A0A3M6U019_POCDA	Peve_00032709	39.734	677	349	18	1	641	1	654	5.98e-146	439
tr|A0A3M6U066|A0A3M6U066_POCDA	Peve_00032712	28.931	636	358	23	18	598	20	616	6.97e-61	215
tr|A0A3M6U087|A0A3M6U087_POCDA	Peve_00032712	66.021	671	215	7	1	659	1	670	0.0	894
tr|A0A3M6U0C1|A0A3M6U0C1_POCDA	Peve_00032712	35.303	694	365	18	26	686	22	664	3.32e-127	392
tr|A0A6P8H437|A0A6P8H437_ACTTE	Peve_00032712	37.518	685	379	16	4	655	3	671	3.93e-153	459
tr|A0A6P8H6G5|A0A6P8H6G5_ACTTE	Peve_00032712	41.116	681	361	15	4	656	3	671	1.38e-170	504
tr|A0A6P8H6Z9|A0A6P8H6Z9_ACTTE	Peve_00032712	40.030	667	380	12	4	654	3	665	4.34e-156	466
tr|A0A6P8HEP7|A0A6P8HEP7_ACTTE	Peve_00032712	50.212	707	294	12	722	1413	4	667	0.0	664
tr|A0A6S7FT68|A0A6S7FT68_PARCT	Peve_00029318	34.370	1190	680	24	1	1164	1669	2783	0.0	681
tr|A0A6S7FU92|A0A6S7FU92_PARCT	Peve_00035858	60.062	323	124	3	159	479	1120	1439	1.96e-119	385
tr|A0A913Y425|A0A913Y425_EXADI	Peve_00032712	46.581	702	323	14	6	693	4	667	0.0	591
tr|A0A913Y4S8|A0A913Y4S8_EXADI	Peve_00032712	37.538	666	399	9	4	655	3	665	4.69e-151	452
tr|A0A913YWT7|A0A913YWT7_EXADI	Peve_00032712	35.810	673	390	14	4	642	3	667	2.24e-143	432
tr|A0A913YXY8|A0A913YXY8_EXADI	Peve_00032712	38.643	678	376	14	4	653	3	668	2.41e-153	460
tr|A0A9W9YBD9|A0A9W9YBD9_9CNID	Peve_00029318	72.648	1371	356	12	2	1367	3	1359	0.0	2017
tr|A0A9W9YEV0|A0A9W9YEV0_9CNID	Peve_00029318	76.945	1401	316	4	13	1408	1390	2788	0.0	2261
tr|A0A9W9ZSK9|A0A9W9ZSK9_9CNID	Peve_00000800	73.394	436	114	2	1	436	1	434	0.0	673
tr|A0A9W9ZT61|A0A9W9ZT61_9CNID	Peve_00032712	75.477	367	82	3	18	376	1	367	0.0	565
tr|A0A9W9ZTA1|A0A9W9ZTA1_9CNID	Peve_00032720	51.060	613	280	9	3	607	7	607	0.0	618
tr|A0A9W9ZTC8|A0A9W9ZTC8_9CNID	Peve_00032720	50.365	274	128	5	1	271	301	569	7.49e-88	275
tr|A0A9W9ZTK4|A0A9W9ZTK4_9CNID	Peve_00032712	69.960	253	72	2	1	252	421	670	1.22e-125	371
tr|A0A9W9ZU19|A0A9W9ZU19_9CNID	Peve_00032720	50.512	586	229	8	3	550	7	569	0.0	579
tr|A0A9W9ZUN1|A0A9W9ZUN1_9CNID	Peve_00032720	50.953	577	230	10	3	536	7	573	0.0	572
tr|A0A9W9ZUT4|A0A9W9ZUT4_9CNID	Peve_00032720	51.909	707	270	14	3	696	7	656	0.0	682
tr|A0A9W9ZWW6|A0A9W9ZWW6_9CNID	Peve_00032712	29.199	637	334	21	4	546	3	616	2.77e-54	196
tr|A0A9X0A5B4|A0A9X0A5B4_9CNID	Peve_00002451	62.054	224	82	3	21	243	142	363	1.86e-85	281
tr|A0A9X0A6E6|A0A9X0A6E6_9CNID	Peve_00002451	60.082	243	81	6	1	236	693	926	2.42e-80	262
tr|A0A9X0D791|A0A9X0D791_9CNID	Peve_00032712	30.072	419	225	10	1	378	235	626	2.86e-56	196
tr|A0AAD9UXL8|A0AAD9UXL8_ACRCE	Peve_00032712	31.978	713	411	18	4	693	3	664	1.17e-114	360
tr|A0AAD9UXP1|A0AAD9UXP1_ACRCE	Peve_00032709	46.060	571	274	12	3	549	5	565	8.36e-157	465
tr|A0AAD9UXU1|A0AAD9UXU1_ACRCE	Peve_00032709	41.871	652	328	15	3	615	5	644	1.43e-156	465
tr|A0AAU9WAH1|A0AAU9WAH1_9CNID	Peve_00032712	29.801	604	339	20	102	655	48	616	1.08e-62	221
tr|A0AAU9WCN3|A0AAU9WCN3_9CNID	Peve_00032720	46.567	670	331	9	3	665	7	656	0.0	590
tr|A0AAU9WFE4|A0AAU9WFE4_9CNID	Peve_00032712	34.870	694	368	18	26	686	22	664	4.58e-125	387
tr|A0AAU9WFH3|A0AAU9WFH3_9CNID	Peve_00032712	29.180	634	353	26	21	598	23	616	3.31e-58	207
tr|A0ABN8LI71|A0ABN8LI71_9CNID	Peve_00032720	100.000	656	0	0	1	656	1	656	0.0	1366
tr|A0ABN8LIB1|A0ABN8LIB1_9CNID	Peve_00032712	100.000	671	0	0	1	671	1	671	0.0	1393
tr|A0ABN8LMP5|A0ABN8LMP5_9CNID	Peve_00032709	100.000	662	0	0	1	662	1	662	0.0	1385
tr|A0ABN8RBN7|A0ABN8RBN7_9CNID	Peve_00032712	94.635	671	36	0	1	671	1	671	0.0	1313
tr|A0ABN8RES1|A0ABN8RES1_9CNID	Peve_00032709	94.713	662	35	0	1	662	1	662	0.0	1307
tr|A0ABN8RET6|A0ABN8RET6_9CNID	Peve_00032720	95.884	656	27	0	1	656	1	656	0.0	1314
tr|A0ABN8SQE6|A0ABN8SQE6_9CNID	Peve_00026319	100.000	1450	0	0	1	1450	1	1450	0.0	3019
tr|A0ABN8SSZ0|A0ABN8SSZ0_9CNID	Peve_00026320	100.000	705	0	0	1	705	1	705	0.0	1466
tr|A0A2B4RHJ7|A0A2B4RHJ7_STYPI	Peve_00012867	73.295	176	47	0	34	209	442	617	8.85e-89	273
tr|A0A2B4S326|A0A2B4S326_STYPI	Peve_00041488	84.511	665	92	5	1	665	16	669	0.0	1068
tr|A0A2B4S907|A0A2B4S907_STYPI	Peve_00029908	88.462	650	70	2	1	648	1	647	0.0	1173
tr|A0A9W9YVY7|A0A9W9YVY7_9CNID	Peve_00041488	84.557	531	79	2	1	530	141	669	0.0	850
tr|A0A9W9YWL9|A0A9W9YWL9_9CNID	Peve_00041488	76.923	169	36	2	3	170	503	669	6.95e-69	221
tr|A0A9W9ZC74|A0A9W9ZC74_9CNID	Peve_00017115	55.936	497	106	5	4	434	6	455	0.0	519
tr|A0A2B4RTD2|A0A2B4RTD2_STYPI	Peve_00017722	64.194	620	182	13	2	608	1	593	0.0	740
tr|A0A3M6UCE9|A0A3M6UCE9_POCDA	Peve_00017722	62.439	615	181	12	2	588	1	593	0.0	711
tr|A0A6S7G8E9|A0A6S7G8E9_PARCT	Peve_00017722	43.451	481	208	14	6	459	12	455	1.52e-111	352
tr|A0A7D9HLS9|A0A7D9HLS9_PARCT	Peve_00017722	43.451	481	208	14	6	459	12	455	1.13e-111	352
tr|A0A7M5UZ02|A0A7M5UZ02_9CNID	Peve_00017722	44.395	446	217	10	1	442	4	422	2.87e-109	352
tr|A0A913XMN7|A0A913XMN7_EXADI	Peve_00017722	52.987	519	197	14	5	505	4	493	1.44e-166	498
tr|A0A9W9ZQL1|A0A9W9ZQL1_9CNID	Peve_00017722	66.319	671	178	18	5	659	4	642	0.0	816
tr|A0AAD9Q4S4|A0AAD9Q4S4_ACRCE	Peve_00017722	46.403	834	284	23	4	755	3	755	0.0	574
tr|A0AAU9VXM2|A0AAU9VXM2_9CNID	Peve_00017722	65.428	619	176	13	2	608	1	593	0.0	760
tr|T2M9S9|T2M9S9_HYDVU	Peve_00017722	43.656	465	213	15	1	459	4	425	1.54e-114	363
tr|A0A2B4RV28|A0A2B4RV28_STYPI	Peve_00020669	47.463	335	157	7	7	325	10	341	7.47e-91	290
tr|A0ABN8PTV2|A0ABN8PTV2_9CNID	Peve_00005515	86.334	622	74	5	385	997	12	631	0.0	1027
tr|A0A2B4S762|A0A2B4S762_STYPI	Peve_00039041	60.512	1484	469	27	67	1512	263	1667	0.0	1640
tr|A0A3M6UR52|A0A3M6UR52_POCDA	Peve_00039041	57.856	1483	497	30	65	1472	238	1667	0.0	1511
tr|A0A6P8HTE4|A0A6P8HTE4_ACTTE	Peve_00039041	54.879	1117	464	10	564	1663	560	1653	0.0	1257
tr|A0A913YT85|A0A913YT85_EXADI	Peve_00039041	57.273	1100	413	15	369	1432	575	1653	0.0	1246
tr|A0AAU9VVD7|A0AAU9VVD7_9CNID	Peve_00039041	62.213	1437	471	22	97	1509	279	1667	0.0	1654
tr|A0ABN8N3W6|A0ABN8N3W6_9CNID	Peve_00039041	93.582	1901	101	4	1	1881	1	1900	0.0	3499
tr|U3MMT8|U3MMT8_NEMVE	Peve_00039041	54.545	1100	392	15	239	1258	562	1633	0.0	1166
tr|A0A2B4SB72|A0A2B4SB72_STYPI	Peve_00014560	68.950	1095	274	24	1	1059	1	1065	0.0	1036
tr|T2M6C4|T2M6C4_HYDVU	Peve_00014560	41.432	461	226	9	334	774	765	1201	4.93e-92	317
tr|A0A2B4SLQ2|A0A2B4SLQ2_STYPI	Peve_00000006	77.778	693	118	8	1	678	1	672	0.0	983
tr|U3MIH3|U3MIH3_NEMVE	Peve_00035853	41.456	948	388	41	691	1521	54	951	5.38e-115	392
tr|A0A6P8HH67|A0A6P8HH67_ACTTE	Peve_00018038	84.910	782	118	0	206	987	1	782	0.0	1432
tr|A0AAD9PVY0|A0AAD9PVY0_ACRCE	Peve_00018038	88.496	791	88	1	198	985	1	791	0.0	1472
tr|A0AAU9WK47|A0AAU9WK47_9CNID	Peve_00018038	87.802	787	91	2	194	980	1	782	0.0	1456
tr|A7RX65|A7RX65_NEMVE	Peve_00018038	86.189	782	108	0	202	983	1	782	0.0	1447
tr|A0A6P8HN45|A0A6P8HN45_ACTTE	Peve_00032268	43.430	1073	574	14	158	1217	1	1053	0.0	878
tr|A0ABN8PT06|A0ABN8PT06_9CNID	Peve_00032268	95.825	1054	30	2	155	1195	1	1053	0.0	2085
tr|U3MIG6|U3MIG6_NEMVE	Peve_00011853	44.758	496	236	9	86	546	52	544	2.08e-135	406
sp|Q7PLK0|AGO3_DROME	Peve_00004756	43.857	757	413	5	122	867	273	1028	0.0	692
sp|A3KPK0|AGO3_DANRE	Peve_00006288	65.412	850	281	5	15	860	392	1232	0.0	1154
sp|Q5ZLG4|AGO3_CHICK	Peve_00006288	65.407	847	280	5	18	860	395	1232	0.0	1146
sp|Q6T5B7|AGO3_BOVIN	Peve_00006288	64.858	848	284	6	18	861	395	1232	0.0	1134
sp|Q8CJF9|AGO3_MOUSE	Peve_00006288	65.765	850	278	5	15	860	392	1232	0.0	1152
sp|Q9H9G7|AGO3_HUMAN	Peve_00006288	65.643	847	278	5	18	860	395	1232	0.0	1151
sp|Q5BLK4|TUT7_MOUSE	Peve_00008963	45.489	532	234	12	830	1357	518	997	2.04e-118	412
sp|Q5VYS8|TUT7_HUMAN	Peve_00008963	46.559	494	252	6	869	1361	515	997	1.93e-120	418
sp|B2RX14|TUT4_MOUSE	Peve_00008963	52.745	419	194	4	912	1329	585	1000	1.39e-118	415
sp|Q5TAX3|TUT4_HUMAN	Peve_00008963	41.894	697	353	10	623	1313	351	1001	3.83e-142	485
sp|P23246|SFPQ_HUMAN	Peve_00038608	47.647	340	153	5	277	600	93	423	2.79e-95	307
sp|Q8VIJ6|SFPQ_MOUSE	Peve_00038608	47.647	340	153	5	269	592	93	423	3.84e-95	307
sp|P62825|RAN_CANLF	Peve_00044383	88.571	210	24	0	6	215	15	224	3.66e-143	399
sp|P62826|RAN_HUMAN	Peve_00044383	88.571	210	24	0	6	215	15	224	3.66e-143	399
sp|Q15233|NONO_HUMAN	Peve_00038608	44.382	356	169	4	34	370	82	427	2.20e-88	282
sp|Q5FVM4|NONO_RAT	Peve_00038608	46.809	329	154	3	66	375	101	427	1.54e-87	280
sp|Q5RFL9|NONO_PONAB	Peve_00038608	44.382	356	169	4	34	370	82	427	2.20e-88	282
sp|Q99K48|NONO_MOUSE	Peve_00038608	46.809	329	154	3	63	372	101	427	1.87e-87	280
sp|Q4KLV6|AGO4_XENLA	Peve_00006288	64.520	854	285	7	36	884	392	1232	0.0	1140
sp|Q5ZMW0|AGO4_CHICK	Peve_00006288	65.278	792	258	6	8	794	453	1232	0.0	1073
sp|Q8CJF8|AGO4_MOUSE	Peve_00006288	63.817	854	291	7	13	861	392	1232	0.0	1134
sp|Q9HCK5|AGO4_HUMAN	Peve_00006288	64.520	854	285	7	13	861	392	1232	0.0	1140
tr|T2MHT5|T2MHT5_HYDVU	Peve_00019588	75.895	726	164	6	1	722	10	728	0.0	1046
tr|U3MIG6|U3MIG6_NEMVE	Peve_00011853	44.758	496	236	9	86	546	52	544	2.08e-135	406
tr|U3MIH3|U3MIH3_NEMVE	Peve_00035853	41.456	948	388	41	691	1521	54	951	5.38e-115	392
tr|U3MIH3|U3MIH3_NEMVE	Peve_00035853	41.456	948	388	41	691	1521	54	951	5.38e-115	392
tr|A0A3M6UA93|A0A3M6UA93_POCDA	Peve_00004333	63.383	1218	352	22	27	1216	31	1182	0.0	1452
tr|A0A6P8IBF1|A0A6P8IBF1_ACTTE	Peve_00004333	58.564	905	319	11	199	1060	287	1178	0.0	1057
tr|A0A6S7HY99|A0A6S7HY99_PARCT	Peve_00004333	55.324	817	318	8	263	1071	281	1058	0.0	916
tr|A0A913XKY9|A0A913XKY9_EXADI	Peve_00004333	59.553	806	305	9	182	973	287	1085	0.0	989
tr|A0A913YMU4|A0A913YMU4_EXADI	Peve_00004333	59.553	806	305	9	148	939	287	1085	0.0	987
tr|A0AAD9QGC6|A0AAD9QGC6_ACRCE	Peve_00004333	68.051	939	249	7	465	1394	280	1176	0.0	1326
tr|T2M9C5|T2M9C5_HYDVU	Peve_00004333	46.942	703	322	7	29	686	287	983	0.0	634
tr|A0A2B4SIN6|A0A2B4SIN6_STYPI	Peve_00004333	61.014	1144	345	15	97	1193	93	1182	0.0	1342
tr|A0A9W9YJY0|A0A9W9YJY0_9CNID	Peve_00004333	58.734	916	262	20	1	850	1	866	0.0	918
tr|A0ABM4CVR5|A0ABM4CVR5_HYDVU	Peve_00004333	46.942	703	322	8	29	686	287	983	0.0	632
tr|A0ABN8LW62|A0ABN8LW62_9CNID	Peve_00004333	100.000	1184	0	0	1	1184	1	1184	0.0	2449
tr|A0A6P8HV34|A0A6P8HV34_ACTTE	Peve_00006288	73.908	847	219	2	8	852	386	1232	0.0	1345
tr|A0A913WVM7|A0A913WVM7_EXADI	Peve_00006288	73.341	844	223	2	12	853	389	1232	0.0	1328
tr|A7RQ46|A7RQ46_NEMVE	Peve_00006288	76.090	849	199	3	8	854	386	1232	0.0	1358
tr|U3MIG1|U3MIG1_NEMVE	Peve_00006288	75.915	847	202	2	8	852	386	1232	0.0	1360
tr|A0A2B4R957|A0A2B4R957_STYPI	Peve_00006280	61.998	871	254	6	284	1079	166	1034	0.0	1096
tr|A0A2B4T0T4|A0A2B4T0T4_STYPI	Peve_00042882	58.518	769	245	15	1	739	1	725	0.0	836
tr|A0A2B4T345|A0A2B4T345_STYPI	Peve_00006280	65.118	1055	322	20	1	1030	1	1034	0.0	1306
tr|A0A2S1PRW9|A0A2S1PRW9_ACTEQ	Peve_00006280	51.863	966	395	19	133	1050	91	1034	0.0	958
tr|A0A6P8HJ48|A0A6P8HJ48_ACTTE	Peve_00006280	51.569	956	409	19	147	1074	105	1034	0.0	950
tr|A0A6S7HZC7|A0A6S7HZC7_PARCT	Peve_00006288	43.717	748	344	13	1	698	468	1188	0.0	587
tr|A0A6S7I8S6|A0A6S7I8S6_PARCT	Peve_00006288	44.276	856	430	15	96	921	394	1232	0.0	701
tr|A0A6S7ILJ3|A0A6S7ILJ3_PARCT	Peve_00006288	45.361	873	422	17	275	1126	394	1232	0.0	701
tr|A0A6S7IZ23|A0A6S7IZ23_PARCT	Peve_00006288	47.079	873	424	15	235	1090	381	1232	0.0	775
tr|A0A7D9HG59|A0A7D9HG59_PARCT	Peve_00006280	46.542	853	427	12	99	939	199	1034	0.0	789
tr|A0A7D9IPU3|A0A7D9IPU3_PARCT	Peve_00006288	64.463	726	248	3	1	718	509	1232	0.0	989
tr|A0AAD9QEE9|A0AAD9QEE9_ACRCE	Peve_00006288	80.165	847	101	2	8	787	386	1232	0.0	1389
tr|A0AAD9QER2|A0AAD9QER2_ACRCE	Peve_00006280	69.560	795	234	6	131	918	147	940	0.0	1162
tr|A0AAD9V3D6|A0AAD9V3D6_ACRCE	Peve_00006280	65.385	676	177	9	112	731	360	1034	0.0	878
tr|A0AAD9V3F0|A0AAD9V3F0_ACRCE	Peve_00006280	60.068	591	185	9	178	720	347	934	0.0	693
tr|A0ABM4B6G4|A0ABM4B6G4_HYDVU	Peve_00006288	45.098	867	439	13	138	990	389	1232	0.0	764
tr|A0ABM4B6G9|A0ABM4B6G9_HYDVU	Peve_00006288	45.559	867	435	13	150	1002	389	1232	0.0	776
tr|A0ABM4B6H4|A0ABM4B6H4_HYDVU	Peve_00006288	45.559	867	435	13	149	1001	389	1232	0.0	776
tr|A0ABM4B6H5|A0ABM4B6H5_HYDVU	Peve_00006288	45.098	867	439	13	139	991	389	1232	0.0	764
tr|A0ABN8QPB6|A0ABN8QPB6_9CNID	Peve_00006288	100.000	1232	0	0	1	1232	1	1232	0.0	2577
tr|T2M321|T2M321_HYDVU	Peve_00006288	46.554	827	406	13	163	976	389	1192	0.0	775
tr|U3MH35|U3MH35_NEMVE	Peve_00006280	50.772	971	430	19	141	1096	96	1033	0.0	910
tr|A0A9W9ZQW3|A0A9W9ZQW3_9CNID	Peve_00000006	79.340	697	108	6	1	694	1	664	0.0	1009
tr|T2M8E4|T2M8E4_HYDVU	Peve_00000006	65.659	463	157	1	49	509	64	526	0.0	663
tr|A0A2B4SDP6|A0A2B4SDP6_STYPI	Peve_00023969	51.295	1390	507	32	1	1274	42	1377	0.0	1192
tr|A0AAU9W1B1|A0AAU9W1B1_9CNID	Peve_00022943	60.666	1561	545	19	4	1528	12	1539	0.0	1842
tr|A0AAU9W1F6|A0AAU9W1F6_9CNID	Peve_00022943	62.879	1549	515	18	2	1509	8	1537	0.0	1906
tr|A0AAU9W1F7|A0AAU9W1F7_9CNID	Peve_00022943	63.124	1562	496	21	2	1518	8	1534	0.0	1929
tr|A0AAU9W2N8|A0AAU9W2N8_9CNID	Peve_00022943	61.573	1564	519	19	2	1517	8	1537	0.0	1869
tr|A0AAU9W623|A0AAU9W623_9CNID	Peve_00022943	62.077	1358	442	20	4	1318	12	1339	0.0	1613
tr|A0A2B4SEC2|A0A2B4SEC2_STYPI	Peve_00022943	60.639	907	271	13	4	893	12	849	0.0	1040
tr|A0A6P8HSF4|A0A6P8HSF4_ACTTE	Peve_00022943	46.070	1565	751	33	4	1509	2	1532	0.0	1276
tr|A0A6S7HW35|A0A6S7HW35_PARCT	Peve_00022943	37.809	1616	843	46	27	1591	30	1534	0.0	894
tr|A0A6S7J182|A0A6S7J182_PARCT	Peve_00022943	38.227	1444	767	37	12	1391	30	1412	0.0	808
tr|A0A6S7K0D5|A0A6S7K0D5_PARCT	Peve_00005268	37.538	333	181	7	511	819	2365	2694	3.20e-56	211
tr|A0A7D9ICQ4|A0A7D9ICQ4_PARCT	Peve_00022943	38.984	1575	830	39	12	1522	30	1537	0.0	927
tr|A0A977XUP0|A0A977XUP0_9CNID	Peve_00022943	39.155	1586	818	40	10	1526	29	1536	0.0	972
tr|A0A9W9ZLJ7|A0A9W9ZLJ7_9CNID	Peve_00022943	63.786	1030	301	11	2	969	5	1024	0.0	1248
tr|A0A9W9ZMA9|A0A9W9ZMA9_9CNID	Peve_00001954	63.889	396	126	4	24	402	1	396	2.95e-174	494
tr|U3MG90|U3MG90_NEMVE	Peve_00005268	39.342	638	343	12	1265	1881	2089	2703	1.50e-111	397
tr|U3MHS9|U3MHS9_NEMVE	Peve_00022943	45.876	1552	770	31	6	1512	8	1534	0.0	1260
tr|A0ABM4CG80|A0ABM4CG80_HYDVU	Peve_00022943	31.757	1565	877	40	9	1444	30	1532	0.0	649
tr|A0ABM4CG82|A0ABM4CG82_HYDVU	Peve_00022943	32.828	1584	877	42	19	1496	30	1532	0.0	687
tr|A0ABM4CG84|A0ABM4CG84_HYDVU	Peve_00022943	32.828	1584	877	42	9	1486	30	1532	0.0	686
tr|A0ABM4CG86|A0ABM4CG86_HYDVU	Peve_00022943	31.238	1511	853	36	9	1407	30	1466	0.0	616
tr|A0ABM4CG87|A0ABM4CG87_HYDVU	Peve_00022943	31.376	1584	887	40	9	1473	30	1532	0.0	642
tr|A0ABM4CGA2|A0ABM4CGA2_HYDVU	Peve_00022943	32.557	1588	877	38	9	1486	30	1533	0.0	687
tr|A0A2B4RT85|A0A2B4RT85_STYPI	Peve_00023282	75.581	258	62	1	22	278	43	300	1.98e-145	428
tr|A0A9X0CGH9|A0A9X0CGH9_9CNID	Peve_00023282	72.333	300	80	2	1	297	1	300	2.50e-162	472
tr|T2MC08|T2MC08_HYDVU	Peve_00023282	46.009	213	112	2	5	214	39	251	5.69e-65	217
tr|U3MH39|U3MH39_NEMVE	Peve_00002044	33.834	999	519	28	20	943	6	937	7.04e-133	423
tr|T2MEH8|T2MEH8_HYDVU	Peve_00028081	77.895	95	19	1	26	118	12	106	1.28e-47	162
tr|A0A2B4SMA7|A0A2B4SMA7_STYPI	Peve_00004734	49.746	394	166	10	9	383	12	392	2.03e-100	303
tr|A0A2B4SJU6|A0A2B4SJU6_STYPI	Peve_00030232	86.081	273	16	1	1	273	1	251	1.04e-158	482
tr|A0A9W9ZZP8|A0A9W9ZZP8_9CNID	Peve_00030232	94.850	1068	54	1	1	1068	5	1071	0.0	2117
tr|T2MIU0|T2MIU0_HYDVU	Peve_00044713	40.741	243	90	6	1	197	1	235	1.70e-51	166
tr|T2M8M4|T2M8M4_HYDVU	Peve_00038608	47.328	262	137	1	111	372	106	366	1.68e-77	256
