# Position (bp)	A	C	G	T	N
0.0	32.13801796168138	22.085876322908263	14.295753107374601	31.47725570224293	0.003096905792833008
1.0	31.069313739448607	23.76839974279304	11.777274034287437	33.32328234791615	0.06173013555476768
2.0	33.390553041490904	22.52049280630101	11.664985143599464	32.420878616740225	0.0030903918683889485
3.0	28.698337367313687	23.902017083232135	11.646850843227519	35.74757100410284	0.005223702123818537
4.0	43.327634580005416	11.637100894175715	12.571247909728173	32.458321585005315	0.005695031085378007
5.0	44.158290690392235	11.780066181472352	10.801497923453942	33.256438316392476	0.0037068882889874665
6.0	42.63977486016	11.790514051000306	10.458537475072607	35.103658406079916	0.007515207687175293
7.0	42.30932812591602	12.742549698917108	9.96680178407085	34.97753905795625	0.003781333139776721
8.0	41.27014780094564	11.89959297277831	10.730056457113717	36.081525021379626	0.018677747782706648
9.0	40.42587991487231	12.66442913362013	10.772523056966131	36.13382904298353	0.003338851557898087
10.0	39.82364200960152	13.680928438956618	10.922091602527775	35.565654309752	0.007683639162085981
11.0	39.65866524104777	12.986601322698888	11.20730983295506	36.105164983747756	0.0422586195505206
12.0	39.721240325659004	12.264455561542162	11.587566686301496	36.424007161594645	0.002730264902695927
13.0	40.08438370364994	12.26151638577694	11.071071568487866	36.5802910979778	0.00273724410745742
14.0	39.460642403228675	12.300693453785103	10.966382101224523	37.26959783961043	0.0026842021512700756
15.0	39.40943272093138	12.792400762687498	11.175434874248689	36.61984457776277	0.0028870643696707957
16.0	39.88899528298814	12.168138813591025	11.212002184956372	36.72625790860219	0.0046058098622677205
17.0	40.158046883505904	11.925101500901247	11.082752896137336	36.831461045335985	0.0026376741195267917
18.0	39.86641243750122	12.062749099449945	11.410732248857968	36.65745132469959	0.0026548894912718063
19.0	39.52729985734506	12.24826008425296	11.385126942429006	36.83672103932456	0.0025920766484183724
20.0	39.39288047746251	12.006468975183603	11.408779559305533	37.18915920306167	0.002711784986681683
21.0	39.45655999776233	11.961986465323392	11.431442215230119	37.14737058032555	0.0026407413586113132
22.0	39.47777992765582	11.998330795346924	11.425307219553044	37.09594763211047	0.0026344253337359912
23.0	39.67803596244186	11.617587100923195	11.39771406188632	37.303398949615556	0.0032639251330691755
24.0	39.735380585559625	11.641212898880239	11.493569755127266	37.12321693927984	0.0066198211530245485
25.0	39.72988289346186	11.68053368944857	11.448248271350364	37.13887389940578	0.0024612463334319446
26.0	39.65605201449334	11.559867511911403	11.342264660704533	37.438942123077005	0.0028736898137166427
27.0	39.5404974939704	11.606652128428758	11.366756161010128	37.47944923562624	0.006644980964474304
28.0	39.41521688097795	11.664256467073894	11.405632576172358	37.5124471702714	0.0024469055043942847
29.0	39.385701513053334	11.424552429989278	11.282501732800904	37.90428411921245	0.00296020494403244
30.0	39.20595680164831	11.617534635690312	11.319149263856023	37.8548188411786	0.00254045762675632
31.0	39.15867894469899	11.662922843173295	11.337676370052016	37.8382175031336	0.002504338942101195
32.0	39.27580261027022	11.445757283167163	11.325671503970995	37.95046865580349	0.0022999467881250103
33.0	39.14554411063479	11.471633129304985	11.310346972827661	38.06966401391278	0.0028117733197842777
34.0	39.151812371294845	11.535415149301704	11.299128041143764	38.0050457739628	0.008598664296889364
35.0	39.19293082048108	11.271178487763203	11.271629797642658	38.260925410112776	0.0033354840002884265
36.0	39.10785985804501	11.436760947611518	11.335697447393024	38.11095225668231	0.008729490268130458
37.0	38.982099778008156	11.53038269247802	11.316191012551512	38.142388155470755	0.028938361491553405
38.0	38.99699462721281	11.38163216815705	11.247854863006388	38.371188347902724	0.0023299937210306165
39.0	38.856177371149585	11.406969365621366	11.295502523145064	38.428843553256954	0.012507186827030234
40.0	38.94869652334676	11.455163407469792	11.325105048385408	38.268980786450534	0.0020542343475062575
41.0	38.96417428643949	11.288118365180154	11.23394566201395	38.51158212148481	0.002179564881607587
42.0	38.856451593454324	11.368422407476855	11.237212083466721	38.535623212443554	0.0022907031585507926
43.0	38.82861594878519	11.412019619385646	11.249120630255252	38.507943266707606	0.002300534866305965
44.0	38.9224618259313	11.192402997203146	11.22162863648944	38.661387391948885	0.002119148427230368
45.0	38.74304601007486	11.301765837591914	11.266612813341597	38.68629777486459	0.002277564127031303
46.0	38.653295416445175	11.445979456435772	11.264001458940132	38.634557445295165	0.0021662228837513245
47.0	38.7007998636551	11.252994300402348	11.237052056366084	38.80700232123823	0.002151458338237522
48.0	38.64050857420489	11.351059289201539	11.347267950747982	38.65902852503885	0.0021356608067497375
49.0	38.571019574522225	11.383814690172768	11.355195997562832	38.68738075122812	0.0025889865140565284
50.0	38.636085491276134	11.291882511534403	11.290658721558797	38.77917839281841	0.0021948828122585204
51.0	38.52840186051236	11.339251567498177	11.338231742702035	38.7910271614585	0.003087667828928289
52.0	38.603070647510904	11.347550032506515	11.34211909822119	38.700923155326336	0.006337066435050957
53.0	38.55075436143749	11.174768460928316	11.269446358589502	39.002687855467286	0.002342963577402568
54.0	38.48646606393504	11.279243161076174	11.315869645771238	38.9155010053974	0.002920123820149845
55.0	38.431132249336706	11.305801522283959	11.357215119020621	38.90346825859988	0.0023828507588269984
56.0	38.49607332485394	11.223864449024813	11.345613048838208	38.93211652708962	0.0023326501934209333
57.0	38.29660413891173	11.342490056319468	11.387205056247325	38.97142875178554	0.002271996735939772
58.0	38.257724093150145	11.398751382330879	11.413668022812107	38.927188603549574	0.0026678981572999306
59.0	38.33268997075218	11.206502690088485	11.386335808626924	39.07169132766465	0.0027802028677663235
60.0	38.322312162615226	11.259988083301609	11.473574829060391	38.922531870805734	0.02159305421703561
61.0	38.21109594227459	11.382762650263441	11.451193633480363	38.95203911012965	0.0029086638519658027
62.0	38.243160862824695	11.227404661217195	11.394631647936535	39.13236302110348	0.002439806918103331
63.0	38.237539809120555	11.23241329829574	11.426944670481008	39.10055847915542	0.0025437429472770063
64.0	38.291352380535685	11.249982251644235	11.49648614108465	38.959134923579	0.0030443031564306947
65.0	38.2498606742346	11.161603075507923	11.442388985534432	39.143663517416456	0.0024837473065920817
66.0	38.11552259172746	11.289889497133993	11.481250515361273	39.11011745703555	0.003219938741721288
67.0	38.17400093403321	11.237947211674138	11.529149226567279	39.05457731141606	0.004325316309313987
68.0	38.178926422877254	11.161656668276773	11.546076256266021	39.100291101560394	0.013049551019546975
69.0	38.02239055678341	11.23631933024966	11.571913355185375	39.166608299528164	0.002768458253395611
70.0	38.003629008314235	11.367713773100325	11.581905066167804	39.04187785658792	0.004874295829722559
71.0	37.97400923509326	11.200851646141412	11.590510812807464	39.21229169467	0.02233661128785818
72.0	38.04810425350876	11.205434814153298	11.644776067884157	39.077847126916446	0.023837737537337436
73.0	37.993558388507445	11.261512964149547	11.64475773444368	39.07723033962385	0.022940573275480675
74.0	38.02238449203645	11.18593243643853	11.598780962931945	39.18994718366255	0.002954924930524898
75.0	37.92895549670257	11.205271328206983	11.654172951949484	39.19744061685545	0.014159606285510374
76.0	37.95725170604759	11.218510233628198	11.68573025401546	39.13582974730308	0.002678059005665214
77.0	37.94623334963649	11.094606393086854	11.64641916076331	39.304571795676715	0.008169300836626718
78.0	37.804558481171	11.229625444343897	11.70651261234177	39.25073096742712	0.008572494716216645
79.0	37.75567663047833	11.254240907649333	11.75056301836798	39.194061512317546	0.04545793118682058
80.0	37.83252454319152	11.130404364532613	11.785420384136216	39.24472573787425	0.006924970265402101
81.0	37.77374056702172	11.204830508191472	11.780760114137728	39.23746982848699	0.003198982162095648
82.0	37.764231982819304	11.215818956890923	11.792122166952828	39.220907278989365	0.00691961434758868
83.0	37.80674797906238	11.073905967027484	11.778832137271054	39.33490357687485	0.005610339764233783
84.0	37.77188015005597	11.125707356771027	11.84480785490312	39.254057739498606	0.0035468987712745192
85.0	37.74773387179964	11.129665286714484	11.810710239602104	39.30967206816461	0.00221853371916716
86.0	37.72413382698147	11.091633310086472	11.785870596987804	39.39566894365068	0.002693322293567672
87.0	37.66693668597384	11.099800210866965	11.862357282666919	39.36845938693637	0.0024464335559097
88.0	37.6464489077338	11.164669592391439	11.938450152325384	39.24822228213538	0.002209065413998575
89.0	37.598750819654	11.064958344179676	11.940045280141694	39.39319689830248	0.00304865772215018
90.0	37.57494848165145	11.139048193118088	11.982994117598475	39.29466418505723	0.00834502257477005
91.0	37.60502618425555	11.105088833341878	12.011979020043489	39.275503377626514	0.002402584732574742
92.0	37.62844424832606	10.996130177600802	12.03195754339394	39.340892177043486	0.0025758536357057622
93.0	37.50546010821805	11.065686230608407	12.047401595177186	39.37923198434669	0.00222008164966956
94.0	37.49594254860188	11.064967175008514	12.050552987947716	39.38633786075193	0.0021994276899596765
95.0	37.520614718067364	10.942329976444414	12.033971382246618	39.50063229355534	0.002451629686263597
96.0	37.496522616739306	10.992073871098558	12.095033176832267	39.41385741517183	0.00251292015803862
97.0	37.425712119726526	11.045067802631442	12.113774992192942	39.413127707213654	0.0023173782354343536
98.0	37.33487338823493	10.999270344279141	12.138963799778676	39.52250088028052	0.004391587426730558
99.0	37.35033770911379	11.008391550911995	12.222158368135846	39.41628780587472	0.0028245659636576097
100.0	37.3726386358793	11.003535511965664	12.265681597394897	39.35565041688698	0.0024938378731656414
101.0	37.36865299285485	10.921861513470368	12.24718977585944	39.459346639482725	0.00294907833262226
102.0	37.311099242806726	10.97252583230394	12.275455732885998	39.43862393274618	0.0022952592571525684
103.0	37.32555793934499	10.906420649983918	12.306115913259385	39.459593613893304	0.002311883518409115
104.0	37.344048593277776	10.834700466603572	12.323561414168767	39.495102967823	0.0025865581268925556
105.0	37.26048326473884	10.885245817138793	12.322921833309358	39.528945738468174	0.0024033463448359725
106.0	37.23100704465665	10.920121415339388	12.33360700780994	39.512814564464	0.002449967730018984
107.0	37.193785948585194	10.825904353333225	12.402286972848724	39.5752996674678	0.002723057765051179
108.0	37.15779529610121	10.892039141694118	12.476048597436051	39.471112605997796	0.0030043587708169983
109.0	37.08189079834473	10.893176859463216	12.497997437183733	39.524486576157145	0.002448328851176803
110.0	37.072432444438455	10.843481543914237	12.537429132063155	39.54361564569028	0.003041233893865525
111.0	37.04513366364267	10.827152178425003	12.584153463964043	39.53706516572035	0.006495528247932328
112.0	37.108522420384375	10.795521361225992	12.623285212073556	39.46885361211327	0.0038173942028038566
113.0	37.02559715725154	10.751983658232692	12.629633871716587	39.54341713003953	0.04936818275964771
114.0	36.98661293241094	10.784787595264952	12.647278716643317	39.55090383949636	0.030416916184434036
115.0	36.991594494762694	10.782172349115356	12.647093210378934	39.575974119870175	0.003165825872839356
116.0	36.92230394332714	10.705709108544609	12.729406924626563	39.609438863713805	0.03314115978788557
117.0	36.881111872220345	10.772688186750047	12.749730092727022	39.59414690803421	0.002322940268371352
118.0	36.764581235157344	10.842707831228225	12.799810267176632	39.59033924133307	0.002561425104723957
119.0	36.75827693030204	10.712199829840939	12.879503016015143	39.64757470701631	0.0024455168255691686
120.0	36.79585008289215	10.714971631260912	12.923693154478027	39.56264987218063	0.0028352591882819167
121.0	36.81399448277024	10.668171999615893	12.894404762752195	39.619520874497425	0.003907880364237694
122.0	36.738554509234035	10.629461869071726	12.9512078447415	39.6781745683327	0.0026012086200424074
123.0	36.66928159716817	10.619478408176764	13.012669249516456	39.67565217423055	0.02291857090806027
124.0	36.630463149833105	10.634542386295541	13.013568748356686	39.71830635378668	0.0031193617279923255
125.0	36.52295635720937	10.580178916067897	13.040097986755352	39.853496741714004	0.0032699982533807405
126.0	36.49639922836062	10.633689237262638	13.100145761113785	39.74673411640432	0.023031656858629578
127.0	36.506689196065224	10.63317613248262	13.149018530954073	39.707614846963125	0.003501293534960375
128.0	36.45817902735235	10.581391389807692	13.300973492857496	39.65715655097322	0.0022995390092433394
129.0	36.421654243912116	10.583036086783656	13.311507588231489	39.68152891127456	0.0022731697981830125
130.0	36.48370061759265	10.54432909173988	13.395010989403714	39.5746807201697	0.002278581094048456
131.0	36.38435910768276	10.476599661485164	13.492308188057113	39.64440511650945	0.002327926265512252
132.0	36.27343258727389	10.486698239507273	13.480095769972078	39.75744944718952	0.0023239560572417745
133.0	36.28821414789088	10.410587846887735	13.410665929538451	39.887535665539744	0.0029964101431864147
134.0	36.409880549746596	10.37932480011542	13.48430181833866	39.71402960352494	0.01246322827438297
135.0	36.22891786408995	10.390865404989935	13.883211153242572	39.49394307834576	0.003062499331789052
136.0	36.52002415446859	10.303102657017863	13.655758951141284	39.51839199086457	0.0027222465076949275
137.0	36.10781520611543	10.354127958329057	13.559423274880785	39.97654780842482	0.0020857522499107
138.0	35.85755843413455	10.796143290436346	13.608998095795599	39.7323653255475	0.004934854086000783
139.0	35.74259133448328	10.361106035236975	14.197634687910524	39.66686725928219	0.03180068308702976
140.0	35.62149131956017	10.147840886178047	14.457862486452042	39.75079868029875	0.02200662751098743
141.0	36.07048052805782	10.107876887897822	13.790077156448502	40.02397961299944	0.007585814596417143
142.0	35.979252989279104	10.052424330969796	13.468091690385837	40.45771889743476	0.04251209193050529
143.0	35.265223593224164	9.751447929306389	14.035245503732908	40.9457315384977	0.0023514352388384584
144.0	35.417708938732964	9.946862594022983	13.615160564669546	40.99740307442972	0.022864828144792758
145.0	34.35936830539221	10.134003875641302	13.577409145598462	41.9270734918537	0.002145181514333351
146.0	34.05074520270121	11.169372374005604	13.721993491222712	41.05289317353723	0.004995758533245295
147.0	35.21072054097471	10.770222472186884	20.19989151222	33.8162485005095	0.002916974108908238
148.0	33.37566357448731	10.641143003765897	19.28426647088866	36.69365878152746	0.00526816933066933
149.0	34.85189811091067	10.628440599696724	19.426027087101293	35.0415221124507	0.0521120898406126
150.0	33.602195953258075	12.221911099710615	18.86488243403124	35.31101051300007	0.0
